# target ra dec BJD RV_mlc_nzp e_RV_mlc_nzp RV_drs_nzp e_RV_drs_nzp RV_mlc e_RV_mlc RV_drs e_RV_drs RV_mlc_j e_RV_mlc_j CRX e_CRX dLW e_dLW Halpha e_Halpha NaD1 e_NaD1 NaD2 e_NaD2 f_RV FWHM_DRS CONTRAST_DRS BIS RVGUESS SNR_DRS BJD_DRS BERV BERV_DRS DRIFT e_DRIFT SA NZP_mlc dNZP_mlc NZP_drs dNZP_drs TMMEAN EXPTIME MLCRX E_MLCRX TIMEID DRIFT_LAMP MASK PROGID PROGPI AIRMASS OBHAB THAR_FP DPR_TYPE RHKp dRHKp sourceflag vsinflag metflag
# From HARPS RV bank
GJ849 332.4233365 -4.640145 2452990.5432805 27.405068 2.10093 -15068.234989 3.692523 10.159735 1.918405 -15068.155539 3.559789 10.21091 1.934842 40.475011 17.128477 -9.773043 4.208737 0.846951 0.00345 0.23182 0.008242 0.286486 0.009927 0 3.035528 23.684405 -0.006321 -15.7 20.7 2452990.54328 -28.20189 -28.202042 0.0 -9999999 0.0 -0.44768 0.856522 0.07945 0.981136 0.5 392.0959 40.50132 17.137883 2003-12-17T01:02:03.218 -9999999 M2 072.C-0488(E) Mayor -9999999 HARPS_ech_obs_all HARPS_ech_obs_objA STAR_DARK_M4 8.32022135538271e-06 2.00127897473948e-06 1 0 0
GJ849 332.4233365 -4.640145 2453158.917734 32.472643 1.29003 -15064.859791 1.673694 15.713745 0.964623 -15064.354305 1.355936 15.867481 0.977175 -8.123757 9.548996 -3.809858 2.957525 0.852794 0.001636 0.229892 0.003101 0.248523 0.003556 0 3.001402 22.955431 -0.004901 -15.7 42.5 2453158.91773 28.831344 28.831436 0.0 -9999999 0.119828 0.038755 0.856551 0.385658 0.981167 0.49 900.001 -8.285628 9.463411 2004-06-02T09:52:46.681 -9999999 M2 072.C-0488(E) Mayor -9999999 HARPS_ech_obs_all HARPS_ech_obs_objA STAR_DARK_M4 5.51601268484056e-06 1.61669613753973e-06 1 0 0
GJ849 332.4233365 -4.640145 2453339.5375999 40.461 1.144145 -15056.013208 1.295617 22.837381 0.758574 -15055.58957 0.846162 22.937624 0.77364 9.468105 6.403208 -26.357435 2.054787 0.845264 0.001452 0.200997 0.00241 0.23114 0.002865 0 3.032613 23.937267 -0.004122 -15.7 52.2 2453339.53759 -30.112184 -30.112227 0.0 -9999999 0.248371 -0.825966 0.856524 0.175267 0.981138 0.5 448.6828 9.446839 6.31254 2004-11-30T00:51:08.123 -9999999 M2 072.C-0488(E) Mayor -9999999 HARPS_ech_obs_all HARPS_ech_obs_objA STAR_DARK_M4 4.98289277203847e-06 1.07883602694283e-05 1 0 0
GJ849 332.4233365 -4.640145 2453517.9126063 36.896704 1.048594 -15058.463298 1.166655 18.926739 0.827705 -15059.946335 0.995313 18.989984 0.841631 9.61799 8.12619 -21.971496 2.161961 0.845876 0.00163 0.201829 0.00268 0.237797 0.003184 0 3.037253 24.059868 -0.006555 -15.7 47.9 2453517.9126 29.233034 29.233072 0.0 -9999999 0.375316 -1.172312 0.643781 -1.858353 0.608635 0.5 900.0029 9.620051 8.086388 2005-05-27T09:46:07.494 -9999999 M2 072.C-0488(E) Mayor -9999999 HARPS_ech_obs_all HARPS_ech_obs_objA STAR_DARK_M4 1.505681975111e-06 4.6249442022271e-05 1 0 0
GJ849 332.4233365 -4.640145 2453520.9116518 37.309162 1.170555 -15058.265535 1.360988 20.74528 0.830453 -15057.556002 1.003146 20.88611 0.845062 0.752625 6.383732 -26.541428 2.116808 0.847212 0.001657 0.206823 0.002684 0.236837 0.003188 0 3.041246 24.195741 -0.007061 -15.7 47.5 2453520.91164 29.098226 29.098291 0.0 -9999999 0.37745 0.233771 0.824952 0.332083 0.919775 0.49 899.9993 0.815854 6.350653 2005-05-30T09:44:28.868 -9999999 M2 072.C-0488(E) Mayor -9999999 HARPS_ech_obs_all HARPS_ech_obs_objA STAR_DARK_M4 6.4732119401279e-06 1.0299778115675e-06 1 0 0
GJ849 332.4233365 -4.640145 2453920.8864759 3.792513 1.053791 -15094.239779 1.0514 -13.451882 0.61386 -15094.570866 0.593899 -13.313531 0.628924 -1.572719 4.391425 -19.746769 2.077501 0.845383 0.001217 0.203876 0.001831 0.241568 0.002151 0 3.050375 24.216508 -0.005482 -15.7 65.6 2453920.88659 22.346279 22.3462 0.0 -9999999 0.662102 -0.446742 0.856535 -0.993189 0.867598 0.49 900.0014 -1.589647 4.431653 2006-07-04T09:03:49.312 -9999999 M2 072.C-0488(E) Mayor -9999999 HARPS_ech_obs_all HARPS_ech_obs_objA STAR_DARK_M4 7.3014630438223e-06 4.86824948350245e-06 1 0 0
GJ849 332.4233365 -4.640145 2453945.8072484 3.001577 0.776895 -15093.48107 0.754862 -13.36677 0.585267 -15092.632412 0.550208 -13.164376 0.598128 8.841524 5.354145 -11.407857 1.948876 0.859104 0.001148 0.222267 0.001771 0.255675 0.002063 0 3.058011 24.02577 -0.006125 -15.7 69.3 2453945.80736 12.853629 12.853654 0.0 -9999999 0.679838 0.429306 0.51091 0.16882 0.516805 0.51 899.9996 8.864375 5.361587 2006-07-29T07:07:16.960 -9999999 M2 077.C-0364(E) Mayor -9999999 HARPS_ech_obs_all HARPS_ech_obs_objA STAR_DARK_M4 8.30223774105399e-06 1.63262958465116e-06 1 0 0
GJ849 332.4233365 -4.640145 2453951.8059188 -1.927 1.050577 -15099.114247 1.211906 -16.989512 0.862868 -15097.156326 0.996359 -16.631364 0.876304 7.17104 7.257947 -21.865751 2.161258 0.861877 0.001705 0.214571 0.002799 0.248216 0.003322 0 3.054221 24.271434 -0.006505 -15.7 47.2 2453951.80605 10.098271 10.09829 0.0 -9999999 0.684107 1.735141 0.599309 1.273814 0.689916 0.54 900.0011 7.137599 7.270374 2006-08-04T07:04:35.046 -9999999 M2 072.C-0488(E) Mayor -9999999 HARPS_ech_obs_all HARPS_ech_obs_objA STAR_DARK_M4 6.70972751421284e-06 5.398638605094e-06 1 0 0
GJ849 332.4233365 -4.640145 2453975.696716 0.683481 1.069261 -15097.447227 1.072408 -16.421364 0.640112 -15096.423415 0.631133 -16.159924 0.655706 2.540458 5.598724 -18.247796 2.081254 0.853873 0.001267 0.216717 0.001949 0.251611 0.002349 0 3.054382 24.20593 -0.007381 -15.7 62.2 2453975.69683 -1.413251 -1.413234 0.0 -9999999 0.701109 -0.307192 0.856491 0.322703 0.867023 0.47 899.9995 2.499444 5.629117 2006-08-28T04:27:51.972 -9999999 M2 072.C-0488(E) Mayor -9999999 HARPS_ech_obs_all HARPS_ech_obs_objA STAR_DARK_M4 1.05581682198691e-05 2.45408619160437e-05 1 0 0
GJ849 332.4233365 -4.640145 2454048.5524858 -11.435824 1.049083 -15107.234655 1.11553 -27.084055 0.80644 -15104.914434 0.881074 -26.939996 0.821872 2.813681 7.700905 -19.246071 2.265773 0.833411 0.001513 0.217863 0.002513 0.245728 0.002971 0 3.043833 24.106606 -0.008305 -15.7 50.8 2454048.55259 -28.954039 -28.954174 0.0 -9999999 0.752959 1.149422 0.670991 1.567262 0.68419 0.44 900.0005 2.812992 7.643487 2006-11-09T01:06:40.428 -9999999 M2 072.C-0488(E) Mayor -9999999 HARPS_ech_obs_all HARPS_ech_obs_objA STAR_DARK_M4 6.18069374280938e-06 1.3522247089785e-06 1 0 0
GJ849 332.4233365 -4.640145 2454052.5491604 -9.564426 0.741639 -15106.984621 0.736676 -26.119077 0.578841 -15105.614626 0.537268 -25.96388 0.596246 -7.195726 5.888912 -24.213 2.183638 0.839417 0.001116 0.205402 0.001673 0.241183 0.002007 0 3.04663 24.161982 -0.006122 -15.7 69.7 2454052.54928 -29.494518 -29.494734 0.0 -9999999 0.755803 0.243003 0.46365 0.614192 0.504018 0.52 900.0011 -7.225827 5.861598 2006-11-13T01:01:14.595 -9999999 M2 072.C-0488(E) Mayor -9999999 HARPS_ech_obs_all HARPS_ech_obs_objA STAR_DARK_M4 7.85519590259603e-06 1.29686348523844e-06 1 0 0
GJ849 332.4233365 -4.640145 2454078.5501974 -9.595006 1.096446 -15108.226977 1.191201 -26.033147 0.68452 -15106.872043 0.675528 -25.861053 0.699806 6.107829 6.326742 -17.4446 2.030295 0.847408 0.001279 0.219885 0.002085 0.251019 0.002476 0 3.043444 23.939036 -0.008754 -15.7 60.0 2454078.55031 -29.437076 -29.437351 0.0 -9999999 0.774308 0.359512 0.856519 0.580626 0.981133 0.47 900.0007 6.090045 6.304445 2006-12-09T01:07:12.045 -9999999 M2 072.C-0488(E) Mayor -9999999 HARPS_ech_obs_all HARPS_ech_obs_objA STAR_DARK_M4 8.52291691145192e-06 1.19409353534483e-06 1 0 0
GJ849 332.4233365 -4.640145 2454227.9211904 -19.073938 0.998914 -15116.3191 1.033195 -36.388476 0.676454 -15116.953667 0.713631 -36.45738 0.690547 -0.476508 5.369626 -13.116799 2.686513 0.845313 0.001359 0.21391 0.002112 0.239466 0.002496 0 3.049715 24.045524 -0.003195 -15.7 58.6 2454227.92131 28.196391 28.196011 0.0 -9999999 0.880611 -0.516884 0.73501 -1.515178 0.747143 0.51 899.9955 -0.506083 5.277154 2007-05-07T10:01:12.918 -9999999 M2 072.C-0488(E) Mayor -9999999 HARPS_ech_obs_all HARPS_ech_obs_objA STAR_DARK_M4 8.2200406021308e-06 9.42807342852104e-06 1 0 0
GJ849 332.4233365 -4.640145 2454291.8539448 -22.564397 1.144002 -15121.063686 1.260524 -40.464599 0.77138 -15121.850432 0.851102 -40.34889 0.783837 0.39589 7.235814 -5.674746 2.222274 0.845404 0.001494 0.209807 0.00242 0.242904 0.002862 0 3.050531 23.91588 -0.006551 -15.7 53.0 2454291.85406 20.521236 20.521194 0.0 -9999999 0.926111 -1.102549 0.844816 -1.712857 0.92981 0.49 900.0002 0.357398 7.116341 2007-07-10T08:16:24.346 -9999999 M2 072.C-0488(E) Mayor -9999999 HARPS_ech_obs_all HARPS_ech_obs_objA STAR_DARK_M4 7.86173904579579e-06 1.29320520216623e-06 1 0 0
GJ849 332.4233365 -4.640145 2454295.7809306 -19.739378 0.911199 -15116.777724 0.927698 -36.67103 0.554685 -15115.74616 0.524661 -36.555437 0.568169 -1.35034 4.862559 -9.845207 2.198365 0.846096 0.001119 0.209855 0.001672 0.246912 0.001962 0 3.055785 24.086511 -0.007254 -15.7 72.0 2454295.78104 19.266053 19.266043 0.0 -9999999 0.928905 -0.133999 0.722917 0.102659 0.765085 0.49 899.9999 -1.350709 4.732881 2007-07-14T06:30:53.409 -9999999 M2 072.C-0488(E) Mayor -9999999 HARPS_ech_obs_all HARPS_ech_obs_objA STAR_DARK_M4 7.50811199859049e-06 9.89679394503429e-07 1 0 0
GJ849 332.4233365 -4.640145 2454297.8699531 -18.817836 0.967942 -15116.204126 1.059496 -36.12136 0.697063 -15115.537674 0.723311 -36.086791 0.711013 3.599806 6.463494 -12.315418 2.382944 0.847448 0.001352 0.213224 0.002154 0.24149 0.002531 0 3.046678 23.928 -0.006296 -15.7 58.4 2454297.87006 18.240077 18.240094 0.0 -9999999 0.930392 -0.505871 0.671577 -0.26394 0.774179 0.47 899.9986 3.573708 6.378895 2007-07-16T08:39:11.637 -9999999 M2 072.C-0488(E) Mayor -9999999 HARPS_ech_obs_all HARPS_ech_obs_objA STAR_DARK_M4 7.20927956479804e-06 1.13894802331947e-06 1 0 0
GJ849 332.4233365 -4.640145 2454301.7657035 -16.323921 1.212106 -15113.229074 1.424607 -33.131179 0.85768 -15112.590981 1.032924 -32.897144 0.871633 15.378346 7.353187 -26.387121 2.424473 0.853638 0.001737 0.218119 0.002835 0.257365 0.003396 0 3.050547 24.310323 -0.008697 -15.7 46.8 2454301.7657 16.940611 16.940978 0.0 -9999999 0.933165 -0.009605 0.856496 -0.295072 0.981108 0.5 899.9992 15.365289 7.28978 2007-07-20T06:08:17.681 -9999999 M2 072.C-0488(E) Mayor -9999999 HARPS_ech_obs_all HARPS_ech_obs_objA STAR_DARK_M4 6.6872688304929e-06 1.21612959413034e-06 1 0 0
GJ849 332.4233365 -4.640145 2454320.7940896 -20.515795 1.017377 -15118.377346 1.109844 -36.588717 0.549054 -15116.829498 0.518816 -36.259549 0.564149 2.328248 4.038048 -12.665598 2.308972 0.839006 0.001082 0.21334 0.001643 0.245824 0.001918 0 3.050469 24.023907 -0.005484 -15.7 72.5 2454320.7942 8.383245 8.383277 0.0 -9999999 0.946707 0.724731 0.856502 0.601141 0.981114 0.47 899.9782 2.301654 3.903759 2007-08-08T06:48:27.115 -9999999 M2 072.C-0488(E) Mayor -9999999 HARPS_ech_obs_all HARPS_ech_obs_objA STAR_DARK_M4 6.96003968287391e-06 1.42241808947796e-06 1 0 0
GJ849 332.4233365 -4.640145 2454339.6933654 -17.036553 1.081457 -15114.553526 1.186141 -33.671411 0.660282 -15113.075662 0.666611 -33.612229 0.673759 -0.880053 5.775489 -12.007814 2.398064 0.863459 0.001331 0.217191 0.002029 0.249557 0.00244 0 3.054197 24.10094 -0.006949 -15.7 60.3 2454339.69349 -0.761204 -0.761178 0.0 -9999999 0.960157 0.162795 0.856491 0.517707 0.981102 0.5 899.9977 -0.903811 5.694013 2007-08-27T04:22:36.285 -9999999 M2 072.C-0488(E) Mayor -9999999 HARPS_ech_obs_all HARPS_ech_obs_objA STAR_DARK_M4 8.69532058340764e-06 1.20532495745548e-06 1 0 0
GJ849 332.4233365 -4.640145 2454343.7789488 -20.017263 1.113576 -15117.823269 1.23227 -36.722224 0.711661 -15116.673311 0.745595 -36.566292 0.726288 3.158013 6.203233 -12.142778 2.510635 0.855012 0.001385 0.216378 0.002178 0.247823 0.002611 0 3.048716 23.958566 -0.006022 -15.7 56.6 2454343.77907 -3.018696 -3.018623 0.0 -9999999 0.963064 0.092692 0.856498 0.186894 0.98111 0.48 899.9968 3.132345 6.126595 2007-08-31T06:26:10.789 -9999999 M2 072.C-0488(E) Mayor -9999999 HARPS_ech_obs_all HARPS_ech_obs_objA STAR_DARK_M4 7.19895960711127e-06 1.20669025945936e-06 1 0 0
GJ849 332.4233365 -4.640145 2454350.6860778 -24.113539 1.156678 -15120.372767 1.041784 -40.896627 0.777385 -15119.701892 0.862926 -40.727085 0.790622 -6.100563 7.002891 -13.003706 2.618906 0.858781 0.001579 0.224967 0.002514 0.252119 0.002955 0 3.064397 24.258547 -0.005841 -15.7 51.6 2454350.6862 -6.266571 -6.266545 0.0 -9999999 0.96798 0.014565 0.856491 -0.297105 0.583671 0.48 900.001 -6.11815 6.884843 2007-09-07T04:12:35.693 -9999999 M2 072.C-0488(E) Mayor -9999999 HARPS_ech_obs_all HARPS_ech_obs_objA STAR_DARK_M4 7.99999472245428e-06 1.81175001312398e-06 1 0 0
GJ849 332.4233365 -4.640145 2454390.5757237 -24.962317 1.05416 -15122.600415 1.090624 -40.618922 0.738135 -15120.169178 0.785349 -40.664323 0.75214 4.114368 5.791116 -11.880087 2.391832 0.850314 0.001435 0.219583 0.002308 0.258439 0.002779 0 3.050234 23.997462 -0.00828 -15.7 54.8 2454390.57584 -23.298034 -23.298122 0.0 -9999999 0.996368 1.141048 0.752602 1.434869 0.756761 0.49 899.9967 4.104572 5.621109 2007-10-17T01:36:27.783 -9999999 M2 072.C-0488(E) Mayor -9999999 HARPS_ech_obs_all HARPS_ech_obs_objA STAR_DARK_M4 7.24427403428962e-06 1.62331846793337e-06 1 0 0
GJ849 332.4233365 -4.640145 2454421.5165118 -16.728721 0.859553 -15112.761974 0.925963 -33.512005 0.515566 -15110.896269 0.470754 -33.138659 0.531805 5.582936 4.36591 -16.387958 2.309999 0.869534 0.001029 0.2223 0.001547 0.260651 0.001831 0 3.049008 24.038251 -0.00584 -15.7 77.7 2454421.51663 -29.798248 -29.798512 0.0 -9999999 1.018388 0.014369 0.687767 0.847317 0.79737 0.49 899.9989 5.574564 4.245564 2007-11-17T00:15:13.507 -9999999 M2 072.C-0488(E) Mayor -9999999 HARPS_ech_obs_all HARPS_ech_obs_objA STAR_DARK_M4 9.92800472062451e-06 1.81068315508366e-06 1 0 0
GJ849 332.4233365 -4.640145 2454427.5384429 -21.917061 0.938302 -15119.630375 1.069653 -38.808373 0.77053 -15118.382449 0.83677 -38.679949 0.78422 -3.70488 7.143998 -13.57364 2.373338 0.881344 0.001534 0.230027 0.002491 0.26321 0.002966 0 3.05369 24.033022 -0.008122 -15.7 52.8 2454427.53856 -30.174664 -30.174934 0.0 -9999999 1.022674 -0.093659 0.535439 0.225252 0.666313 0.47 900.0006 -3.733692 7.044661 2007-11-23T00:47:58.149 -9999999 M2 072.C-0488(E) Mayor -9999999 HARPS_ech_obs_all HARPS_ech_obs_objA STAR_DARK_M4 9.69556366418342e-06 5.44613219246056e-06 1 0 0
GJ849 332.4233365 -4.640145 2454639.9273527 -10.885559 1.074192 -15107.139537 1.101478 -27.253706 0.758427 -15105.364273 0.833419 -27.128873 0.77096 4.489257 6.571592 -2.529628 2.735466 0.848578 0.001492 0.218228 0.002386 0.251686 0.002788 0 3.053307 23.885591 -0.01013 -15.7 54.0 2454639.92747 25.483514 25.48338 0.0 -9999999 1.173826 0.429506 0.760708 0.601438 0.720185 0.49 900.0 4.459757 6.538605 2008-06-22T10:04:03.105 -9999999 M2 072.C-0488(E) Mayor -9999999 HARPS_ech_obs_all HARPS_ech_obs_objA STAR_DARK_M4 9.74691741563923e-06 1.8761401812187e-05 1 0 0
GJ849 332.4233365 -4.640145 2454647.913937 -10.044875 1.076702 -15108.192942 1.181994 -26.73173 0.652389 -15106.950687 0.659109 -26.699801 0.666766 9.565647 6.338672 -17.340714 2.422106 0.859115 0.00134 0.226017 0.00203 0.257307 0.002414 0 3.056817 24.181857 -0.00297 -15.7 61.8 2454647.91405 23.378912 23.378831 0.0 -9999999 1.17951 0.110798 0.856549 0.062745 0.981165 0.49 900.0 9.56288 6.304911 2008-06-30T09:43:47.323 -9999999 M2 072.C-0488(E) Mayor -9999999 HARPS_ech_obs_all HARPS_ech_obs_objA STAR_DARK_M4 7.72390481556718e-06 1.54002698847822e-06 1 0 0
GJ849 332.4233365 -4.640145 2454662.8452066 -7.876028 1.134904 -15109.755286 1.257133 -24.1169 0.744571 -15105.599818 0.797889 -23.971586 0.756906 -3.243899 5.7772 -7.089255 2.473043 0.850945 0.001473 0.224497 0.002351 0.259199 0.00275 0 3.0608 23.986231 -0.002314 -15.7 55.3 2454662.84532 18.396289 18.396258 0.0 -9999999 1.190136 0.556781 0.856517 2.965332 0.971471 0.49 900.0 -3.288913 5.772489 2008-07-15T08:03:18.130 -9999999 M2 072.C-0488(E) Mayor -9999999 HARPS_ech_obs_all HARPS_ech_obs_objA STAR_DARK_M4 8.90273520164647e-06 2.61496064516465e-06 1 0 0
GJ849 332.4233365 -4.640145 2454665.8375252 -10.831164 1.073648 -15108.093155 1.112357 -27.022541 0.729753 -15106.432194 0.768983 -26.889241 0.740997 0.257622 6.938614 1.74977 2.688368 0.851699 0.001423 0.232537 0.002301 0.257646 0.002677 0 3.060161 23.8158 -0.004498 -15.7 56.8 2454665.83763 17.240635 17.240648 0.0 -9999999 1.192265 0.606276 0.787516 0.468696 0.803743 0.45 900.0 0.228856 6.916957 2008-07-18T07:52:35.007 -9999999 M2 072.C-0488(E) Mayor -9999999 HARPS_ech_obs_all HARPS_ech_obs_objA STAR_DARK_M4 1.164251613679e-05 1.90088038968448e-05 1 0 0
GJ849 332.4233365 -4.640145 2454675.8256824 -9.687679 1.048776 -15106.757154 1.189024 -25.510349 0.71533 -15104.679702 0.746399 -25.368936 0.7293 15.482778 6.455139 -12.742108 2.638818 0.842613 0.001416 0.212098 0.002175 0.254083 0.002619 0 3.054605 24.080091 -0.00649 -15.7 57.1 2454675.8258 13.04908 13.049111 0.0 -9999999 1.199374 0.974983 0.766964 0.878078 0.925563 0.51 900.0 15.466126 6.419861 2008-07-28T07:33:53.769 -9999999 M2 072.C-0488(E) Mayor -9999999 HARPS_ech_obs_all HARPS_ech_obs_objA STAR_DARK_M4 7.59803435359974e-06 4.9050081881002e-06 1 0 0
GJ849 332.4233365 -4.640145 2454682.8114743 -7.574246 0.975883 -15104.947138 1.027162 -23.806315 0.742366 -15103.015671 0.790934 -23.506045 0.755637 -6.551907 5.598582 -14.320979 2.513265 0.849923 0.001474 0.216471 0.002288 0.255438 0.002737 0 3.058963 24.106058 -0.004834 -15.7 55.0 2454682.81159 9.866781 9.866821 0.0 -9999999 1.204345 0.565584 0.633435 0.727122 0.655352 0.49 900.0 -6.563837 5.573657 2008-08-04T07:13:20.821 -9999999 M2 072.C-0488(E) Mayor -9999999 HARPS_ech_obs_all HARPS_ech_obs_objA STAR_DARK_M4 7.74746091925488e-06 1.94697342907087e-06 1 0 0
GJ849 332.4233365 -4.640145 2454702.7458157 -6.944146 1.032808 -15103.096116 1.179187 -23.229496 0.774935 -15101.652628 0.855068 -23.136378 0.787399 6.508811 6.94668 -10.54811 2.61446 0.849668 0.001536 0.217677 0.002475 0.244849 0.002912 0 3.056574 24.046935 -0.004564 -15.7 52.0 2454702.74593 0.240685 0.240741 0.0 -9999999 1.218532 0.512303 0.682765 0.224956 0.811998 0.51 900.0 6.476868 6.946068 2008-08-24T05:37:59.872 -9999999 M2 072.C-0488(E) Mayor -9999999 HARPS_ech_obs_all HARPS_ech_obs_objA STAR_DARK_M4 7.11380438260546e-06 1.26152634145955e-06 1 0 0
GJ849 332.4233365 -4.640145 2454705.7651471 -8.380607 1.169256 -15105.69285 1.34567 -23.000414 0.858994 -15102.757527 1.002499 -22.944537 0.873026 -0.101337 7.605334 -8.644755 2.819693 0.861544 0.001669 0.223428 0.002789 0.254159 0.003291 0 3.05197 23.894249 -0.004665 -15.7 47.6 2454705.76527 -1.333636 -1.333548 0.0 -9999999 1.220681 2.177846 0.793277 1.714642 0.897677 0.5 900.0 -0.113852 7.619774 2008-08-27T06:05:59.455 -9999999 M2 072.C-0488(E) Mayor -9999999 HARPS_ech_obs_all HARPS_ech_obs_objA STAR_DARK_M4 6.90319049485685e-06 1.10842604499487e-06 1 0 0
GJ849 332.4233365 -4.640145 2454730.6923466 -2.786728 0.945952 -15099.396222 1.1087 -18.832203 0.764748 -15098.319714 0.821974 -18.836598 0.777201 5.389607 6.706905 -8.548685 2.55968 0.847046 0.001471 0.223041 0.002409 0.257991 0.002833 0 3.056262 23.908985 -0.006579 -15.7 53.9 2454730.69246 -13.392875 -13.39283 0.0 -9999999 1.238421 0.752178 0.556763 -0.161913 0.744027 0.5 900.0 5.390335 6.711504 2008-09-21T04:22:01.883 -9999999 M2 072.C-0488(E) Mayor -9999999 HARPS_ech_obs_all HARPS_ech_obs_objA STAR_DARK_M4 8.7717165176718e-06 1.38227756429297e-06 1 0 0
GJ849 332.4233365 -4.640145 2454734.6629922 -1.902953 1.133976 -15098.596131 1.295227 -18.347413 0.910834 -15097.588874 1.093184 -18.127591 0.923527 2.346247 7.456126 -9.001854 2.493325 0.843747 0.001769 0.221446 0.002948 0.253963 0.003526 0 3.059309 24.008818 -0.001907 -15.7 45.3 2454734.66311 -15.135549 -15.135523 0.0 -9999999 1.241247 0.353193 0.675487 -0.23399 0.694667 0.51 900.0 2.323733 7.45911 2008-09-25T03:39:52.823 -9999999 M2 072.C-0488(E) Mayor -9999999 HARPS_ech_obs_all HARPS_ech_obs_objA STAR_DARK_M4 7.19557824009725e-06 1.55989931991993e-06 1 0 0
GJ849 332.4233365 -4.640145 2454742.5976171 -7.791611 2.637187 -15106.636488 4.238072 -20.909287 2.52371 -15100.818707 4.168338 -20.288866 2.543853 24.844415 23.946056 11.029958 4.535732 0.838966 0.004489 0.223545 0.010962 0.243122 0.013184 0 3.062043 23.675004 -0.009175 -15.7 17.5 2454742.59773 -18.40008 -18.400082 0.0 -9999999 1.246894 3.679977 0.765273 4.570887 0.765645 0.45 900.0 25.953323 23.554736 2008-10-03T02:07:16.661 -9999999 M2 072.C-0488(E) Mayor -9999999 HARPS_ech_obs_all HARPS_ech_obs_objA STAR_DARK_M4 7.32780837814346e-06 1.36567658871235e-06 1 0 0
GJ849 332.4233365 -4.640145 2454746.5942431 -4.360501 1.036412 -15100.63935 1.059468 -20.14203 0.591387 -15098.905373 0.562219 -20.203344 0.605974 11.387643 5.470239 -10.87339 2.451789 0.844183 0.001159 0.217702 0.001757 0.248962 0.002113 0 3.054465 23.970667 -0.008496 -15.7 68.6 2454746.59437 -19.990703 -19.990736 0.0 -9999999 1.249738 1.016124 0.851123 0.484239 0.897988 0.51 900.0 11.354712 5.469395 2008-10-07T02:01:53.240 -9999999 M2 072.C-0488(E) Mayor -9999999 HARPS_ech_obs_all HARPS_ech_obs_objA STAR_DARK_M4 6.83674424357203e-06 1.72934242132204e-06 1 0 0
GJ849 332.4233365 -4.640145 2454954.9129585 16.606062 0.959423 -15081.457272 0.971003 -0.780828 0.628881 -15080.796149 0.614867 -0.641285 0.640908 -2.262172 6.31658 -7.869788 2.87165 0.838781 0.001268 0.212167 0.001888 0.247148 0.00224 0 3.057474 24.071911 -0.006897 -15.7 65.1 2454954.91295 27.704773 27.704666 0.0 -9999999 1.397993 -0.589237 0.724569 -0.73687 0.751522 0.49 900.0 -2.267361 6.342448 2009-05-03T09:50:09.689 -9999999 M2 183.C-0437(A) Bonfils -9999999 HARPS_ech_obs_all HARPS_ech_obs_objA STAR_DARK_M4 6.65124537322447e-06 3.72660182865574e-06 1 0 0
GJ849 332.4233365 -4.640145 2454955.9021124 13.026918 0.996334 -15085.972134 1.041488 -4.273481 0.5844 -15084.22158 0.552748 -4.151932 0.596608 -1.813795 5.109458 -9.735956 2.503196 0.839903 0.001151 0.214353 0.001742 0.248902 0.002029 0 3.0504 23.937349 -0.003561 -15.7 70.1 2454955.9021 27.88273 27.882631 0.0 -9999999 1.398697 -0.502746 0.806943 0.351857 0.882704 0.5 900.0 -1.833818 5.149521 2009-05-04T09:34:15.729 -9999999 M2 183.C-0437(A) Bonfils -9999999 HARPS_ech_obs_all HARPS_ech_obs_objA STAR_DARK_M4 6.66052119681013e-06 1.34884729550963e-06 1 0 0
GJ849 332.4233365 -4.640145 2454989.9153209 15.608148 0.879765 -15080.661838 1.006052 -1.326652 0.531298 -15079.249835 0.47413 -1.314925 0.545407 3.009133 4.365344 -12.902236 2.168844 0.833218 0.001046 0.214561 0.001499 0.242886 0.001774 0 3.055648 24.130376 -0.004641 -15.7 78.5 2454989.91531 28.333041 28.333135 0.0 -9999999 1.422904 -0.137147 0.701219 -0.010901 0.887323 0.5 900.0005 2.971925 4.402776 2009-06-07T09:48:34.650 -9999999 M2 183.C-0437(A) Bonfils -9999999 HARPS_ech_obs_all HARPS_ech_obs_objA STAR_DARK_M4 6.97549237255991e-06 1.38816831225213e-06 1 0 0
GJ849 332.4233365 -4.640145 2454990.9235556 14.146417 1.33153 -15086.575693 1.604567 -2.563169 1.019454 -15083.726305 1.32206 -2.156937 1.033078 -9.495285 8.976358 -8.379626 3.040118 0.833831 0.001984 0.215415 0.003414 0.238345 0.003993 0 3.053801 24.045947 -0.004503 -15.7 40.9 2454990.92355 28.181968 28.182086 0.0 -9999999 1.423621 0.088067 0.856554 1.425767 0.909281 0.5 899.9999 -9.561834 8.99772 2009-06-08T10:00:17.912 -9999999 M2 183.C-0437(A) Bonfils -9999999 HARPS_ech_obs_all HARPS_ech_obs_objA STAR_DARK_M4 6.29776889709581e-07 4.09905709252125e-05 1 0 0
GJ849 332.4233365 -4.640145 2454992.8953426 17.111111 1.052985 -15080.810192 1.135692 0.410387 0.612468 -15079.794535 0.571954 0.604802 0.627618 -15.978901 5.145863 -12.25615 3.018424 0.839756 0.00119 0.210011 0.001771 0.241969 0.00206 0 3.051843 24.072351 -0.00488 -15.7 68.4 2454992.89534 27.977194 27.977285 0.0 -9999999 1.425024 0.096929 0.856539 -0.409367 0.981154 0.48 900.0003 -16.014386 5.172761 2009-06-10T09:19:42.350 -9999999 M2 183.C-0437(A) Bonfils -9999999 HARPS_ech_obs_all HARPS_ech_obs_objA STAR_DARK_M4 7.06711479843509e-06 1.40115401605229e-06 1 0 0
GJ849 332.4233365 -4.640145 2455042.7820906 21.391483 1.013744 -15074.706327 1.136017 2.904464 0.591845 -15073.27252 0.572674 2.978176 0.605601 18.57892 5.123808 -14.020206 2.454392 0.84327 0.001208 0.220046 0.001818 0.25463 0.002126 0 3.05634 24.124253 -0.00544 -15.7 68.0 2455042.78208 12.374379 12.374734 0.0 -9999999 1.460528 -1.689366 0.823041 -0.026721 0.981111 0.48 899.9997 18.54571 5.149197 2009-07-30T06:31:28.794 -9999999 M2 183.C-0437(A) Bonfils -9999999 HARPS_ech_obs_all HARPS_ech_obs_objA STAR_DARK_M4 7.4708095075164e-06 1.74476189094045e-06 1 0 0
GJ849 332.4233365 -4.640145 2455048.8056448 21.673797 1.202523 -15075.157419 1.565312 5.085199 1.089924 -15073.788195 1.453303 5.310993 1.102755 2.499209 10.132659 2.503272 3.087021 0.846876 0.002064 0.223657 0.003687 0.261235 0.004411 0 3.054645 23.779085 -0.006153 -15.7 38.7 2455048.80564 9.535351 9.53572 0.0 -9999999 1.464814 0.209055 0.508061 -0.09559 0.581474 0.58 900.0002 2.504613 10.143772 2009-08-05T07:03:34.703 -9999999 M2 183.C-0437(A) Bonfils -9999999 HARPS_ech_obs_all HARPS_ech_obs_objA STAR_DARK_M4 6.0496328324948e-06 1.19142728276255e-06 1 0 0
GJ849 332.4233365 -4.640145 2455055.8521856 22.44268 1.274299 -15074.51621 1.525188 5.52669 0.94351 -15073.099221 1.167722 5.722168 0.956152 12.91478 7.379983 -8.994119 2.702381 0.840458 0.001831 0.217673 0.003097 0.249688 0.003627 0 3.053483 23.988467 -0.00974 -15.1 43.9 2455055.85218 6.063008 6.063391 0.0 -9999999 1.469829 -0.118337 0.85652 -0.05284 0.981134 0.47 899.9999 12.897741 7.394982 2009-08-12T08:11:58.560 -9999999 M2 183.C-0437(A) Bonfils -9999999 HARPS_ech_obs_all HARPS_ech_obs_objA STAR_DARK_M4 1.01567702930509e-05 5.40472506286039e-06 1 0 0
GJ849 332.4233365 -4.640145 2455122.6163425 28.34738 1.118329 -15069.572312 1.233184 11.146023 0.719075 -15067.674901 0.747104 11.392711 0.733521 2.142479 6.454264 -11.951228 2.760229 0.856174 0.001423 0.228073 0.002241 0.250028 0.002661 0 3.059136 24.032551 -0.00655 -15.1 56.9 2455122.61634 -23.88695 -23.88671 0.0 -9999999 1.517344 -0.403704 0.856499 0.380067 0.981111 0.48 899.9995 2.107812 6.437575 2009-10-18T02:35:18.049 -9999999 M2 183.C-0437(A) Bonfils -9999999 HARPS_ech_obs_all HARPS_ech_obs_objA STAR_DARK_M4 8.9497682834308e-06 2.00298171495796e-06 1 0 0
GJ849 332.4233365 -4.640145 2455413.7717897 39.05872 1.178492 -15058.466578 1.4009 22.422392 0.922653 -15056.244117 1.125402 22.554326 0.936344 0.108405 7.332062 -5.357041 2.933133 0.841071 0.001778 0.217636 0.002928 0.252953 0.003502 0 3.053374 23.860168 -0.006628 -15.1 45.3 2455413.77179 9.780461 9.780851 0.0 -9999999 1.724552 0.161325 0.733181 0.497909 0.83426 0.46 900.0004 0.096283 7.258478 2010-08-05T06:16:38.376 -9999999 M2 183.C-0437(A) Bonfils -9999999 HARPS_ech_obs_all HARPS_ech_obs_objA STAR_DARK_M4 1.08087148031655e-05 1.89445526982384e-06 1 0 0
GJ849 332.4233365 -4.640145 2455782.7211006 22.112292 1.114634 -15072.840189 1.409542 5.303901 0.985253 -15071.296606 1.233526 5.472728 0.998463 15.098491 9.044574 -0.565351 3.428929 0.857812 0.001881 0.223785 0.003184 0.253104 0.003798 0 3.059628 23.745717 -0.010586 -15.1 43.0 2455782.72109 8.129294 8.129517 0.0 -9999999 1.987124 -0.010738 0.521234 -0.443541 0.682072 0.52 899.9997 15.106655 9.059304 2011-08-09T05:02:34.622 -9999999 M2 183.C-0437(A) Bonfils -9999999 HARPS_ech_obs_all HARPS_ech_obs_objA STAR_DARK_M4 7.86176672170875e-06 1.74549347430198e-06 1 0 0
GJ849 332.4233365 -4.640145 2455814.734626 24.541813 1.085772 -15071.37687 1.320481 7.533638 0.804356 -15069.619459 0.883802 7.561912 0.818985 -5.511056 6.242336 1.726479 3.644234 0.848791 0.001545 0.216306 0.002443 0.256666 0.002948 0 3.057949 23.750572 -0.006827 -15.1 52.4 2455814.73463 -7.872795 -7.872605 0.0 -9999999 2.009907 -0.210522 0.729322 -0.252496 0.981103 0.47 899.9998 -5.567454 6.242138 2011-09-10T05:22:46.075 -9999999 M2 183.C-0437(A) Bonfils -9999999 HARPS_ech_obs_all HARPS_ech_obs_objA STAR_DARK_M4 -9999999.0 -9999999.0 -9999999 -9999999 -9999999
GJ849 332.4233365 -4.640145 2457683.6340412 35.35505 1.766241 -15045.639137 4.441267 31.213324 1.265001 -15044.645009 4.292948 30.724243 1.280477 -28.93568 14.706291 21.954682 5.270446 0.85628 0.00238 0.244888 0.004458 0.26998 0.005193 0 3.084279 23.475763 -0.001043 -15.1 33.8 2457683.63403 -25.212741 -25.212611 0.0 -9999999 3.339956 -0.701003 1.232631 -2.345828 1.138179 0.48 899.9983 -28.856319 14.679641 2016-10-22T03:01:13.756 -9999999 M2 198.C-0838(A) Bonfils -9999999 HARPS_ech_obs_all HARPS_ech_obs_objAB STAR_SKY_M4 8.70939978956006e-06 2.30589270542834e-06 1 0 0
GJ849 332.4233365 -4.640145 2457980.8408374 2.098229 1.28194 -15080.505002 2.954979 -2.998601 0.775383 -15077.216006 2.878427 -3.382891 0.809913 -2.254711 9.046294 25.656937 5.780274 0.888773 0.001502 0.233332 0.00231 0.259277 0.002727 0 3.075582 23.169284 0.000393 -15.1 54.8 2457980.84084 4.636569 4.636744 0.0 -9999999 3.551471 -1.656107 1.020858 -0.262475 0.668249 0.51 899.9982 -2.276564 9.068944 2017-08-15T07:54:55.174 -9999999 M2 198.C-0838(A) Bonfils -9999999 HARPS_ech_obs_all HARPS_ech_obs_objAB STAR_SKY_M4 -9999999.0 -9999999.0 -9999999 -9999999 -9999999
GJ849 332.4233365 -4.640145 2457981.8287495 4.01917 1.645731 -15077.696916 3.859393 -1.562568 1.091751 -15075.887622 3.830844 -2.129336 1.114545 -16.235019 12.090742 24.026561 5.821515 0.853301 0.002074 0.219963 0.00355 0.249153 0.004138 0 3.078956 23.359045 0.007856 -15.1 39.1 2457981.82874 4.171508 4.171689 0.0 -9999999 3.552174 -2.141015 1.231466 -1.74288 0.468561 0.51 899.9982 -16.378753 12.087056 2017-08-16T07:37:29.452 -9999999 M2 198.C-0838(A) Bonfils -9999999 HARPS_ech_obs_all HARPS_ech_obs_objAB STAR_SKY_M4 7.99267072770387e-06 2.66555464914829e-06 1 0 0
GJ849 332.4233365 -4.640145 2458014.7168077 -1.031081 1.515795 -15086.420946 3.472076 -5.334033 0.882207 -15083.252149 3.200446 -6.379598 0.908453 -20.161827 8.536845 22.579431 5.368684 0.842087 0.001704 0.213951 0.002695 0.2511 0.003185 0 3.083669 23.408097 0.002377 -15.1 48.1 2458014.7168 -11.931444 -11.931253 0.0 -9999999 3.57558 -0.862229 1.232618 -0.406783 1.346275 0.5 899.9982 -20.182259 8.549441 2017-09-18T04:57:01.996 -9999999 M2 198.C-0838(A) Bonfils -9999999 HARPS_ech_obs_all HARPS_ech_obs_objAB STAR_SKY_M4 -9999999.0 -9999999.0 -9999999 -9999999 -9999999
GJ849 332.4233365 -4.640145 2458019.7106084 -4.465602 1.487641 -15087.650847 3.195861 -8.851146 0.832906 -15083.781372 3.041787 -9.100653 0.86013 0.07911 10.405753 23.790469 5.4023 0.842359 0.001596 0.22061 0.002527 0.259646 0.002989 0 3.084129 23.291933 0.003464 -15.1 51.0 2458019.7106 -14.245883 -14.245712 0.0 -9999999 3.579134 -0.944821 1.232617 0.290341 0.980336 0.5 899.9982 0.003283 10.41741 2017-09-23T04:48:24.922 -9999999 M2 198.C-0838(A) Bonfils -9999999 HARPS_ech_obs_all HARPS_ech_obs_objAB STAR_SKY_M4 7.47902166081703e-06 2.07060453487691e-06 1 0 0
GJ849 332.4233365 -4.640145 2458258.8646157 -11.087123 1.413349 -15092.385498 1.502006 -15.75047 0.691363 -15092.806698 0.721382 -16.007982 0.725619 -8.317501 10.451676 25.909498 5.30213 0.849107 0.001395 0.221952 0.002152 0.247859 0.00246 0 3.093258 23.534939 0.004516 -15.1 58.6 2458258.86461 29.391702 29.391681 -0.054 -9999999 3.749334 -1.222624 1.232709 -4.170534 1.317433 0.51 899.9983 -8.359741 10.439385 2018-05-20T08:37:57.092 -9999999 M2 198.C-0838(A) Bonfils -9999999 HARPS_ech_obs_all HARPS_ech_obs_wavesimult STAR_WAVE_M4 8.96699449096782e-06 4.84282854831344e-06 1 0 0
GJ849 332.4233365 -4.640145 2458261.8890216 -11.731975 1.390299 -15091.579571 1.496155 -16.464548 0.642873 -15089.457898 0.652393 -16.81345 0.678338 3.612065 7.806764 24.628522 5.194803 0.847565 0.001303 0.215589 0.001968 0.247522 0.002274 0 3.088914 23.547767 0.006946 -15.1 62.4 2458261.88902 29.368473 29.368475 -1.451 -9999999 3.751486 -1.29185 1.232739 -1.629813 1.346427 0.5 899.9982 3.446023 7.785381 2018-05-23T09:12:49.314 -9999999 M2 198.C-0838(A) Bonfils -9999999 HARPS_ech_obs_all HARPS_ech_obs_wavesimult STAR_WAVE_M4 1.01271436807017e-05 7.19778386287349e-05 1 0 0
GJ849 332.4233365 -4.640145 2458270.9135633 1.814204 1.530853 -15077.476229 1.732504 -2.980542 0.907625 -15075.599277 1.090225 -3.132117 0.934333 7.713588 10.438378 30.622447 5.400596 0.851992 0.001765 0.232528 0.00293 0.248244 0.003386 0 3.094524 23.324044 0.000958 -15.1 45.9 2458270.91355 28.965018 28.965039 0.027 -9999999 3.757909 -1.354023 1.232773 -1.880957 1.346469 0.49 899.9982 7.746408 10.452175 2018-06-01T09:47:02.973 -9999999 M2 198.C-0838(A) Bonfils -9999999 HARPS_ech_obs_all HARPS_ech_obs_wavesimult STAR_WAVE_M4 7.17757935704478e-06 1.2783804943645e-06 1 0 0
GJ849 332.4233365 -4.640145 2458271.8897118 -0.101195 1.57695 -15079.811507 1.810979 -4.968982 0.983425 -15078.055327 1.211106 -5.356297 1.004651 17.570098 10.11637 33.99317 5.376591 0.858803 0.00188 0.243579 0.003205 0.259963 0.003713 0 3.094189 23.320033 -0.002791 -15.1 43.2 2458271.88971 28.949944 28.949968 0.218 -9999999 3.758603 -1.427064 1.23274 -2.002423 1.346428 0.53 899.9983 17.538008 10.127133 2018-06-02T09:11:58.074 -9999999 M2 198.C-0838(A) Bonfils -9999999 HARPS_ech_obs_all HARPS_ech_obs_wavesimult STAR_WAVE_M4 8.68447199934842e-06 1.61547243745919e-06 1 0 0
GJ849 332.4233365 -4.640145 2458272.8716508 1.740285 1.451768 -15077.81373 1.303178 -6.51866 0.798877 -15080.334326 0.889013 -7.142346 0.829157 -11.819583 9.505643 29.955588 5.485155 0.86455 0.001613 0.239812 0.002561 0.257917 0.002976 0 3.098216 23.544733 0.001291 -15.1 51.5 2458272.87165 28.911412 28.91143 0.658 -9999999 3.759302 -4.818222 1.212199 -6.279898 0.952852 0.49 899.9982 -11.846076 9.513908 2018-06-03T08:46:25.450 -9999999 M2 198.C-0838(A) Bonfils -9999999 HARPS_ech_obs_all HARPS_ech_obs_wavesimult STAR_WAVE_M4 9.06766326768687e-06 1.06300487956867e-05 1 0 0
GJ849 332.4233365 -4.640145 2458273.8915302 -3.19471 1.451612 -15085.365248 1.583113 -8.376962 0.766501 -15083.97525 0.83269 -8.756768 0.797099 0.689659 8.422721 31.097769 5.504669 0.861754 0.001523 0.246199 0.002474 0.261933 0.002811 0 3.096177 23.378653 0.002895 -15.1 53.8 2458273.89152 28.768298 28.76833 0.351 -9999999 3.760028 -1.741529 1.232742 -2.37003 1.346431 0.49 899.9982 0.654816 8.430199 2018-06-04T09:14:54.580 -9999999 M2 198.C-0838(A) Bonfils -9999999 HARPS_ech_obs_all HARPS_ech_obs_wavesimult STAR_WAVE_M4 9.12621894251568e-06 1.60266110194872e-06 1 0 0
GJ849 332.4233365 -4.640145 2458274.9496644 -1.609496 1.073673 -15084.630035 1.56054 -8.193176 0.802726 -15083.4752 0.899497 -8.968173 0.837134 -10.120728 8.367528 39.269169 5.432488 0.8738 0.001584 0.245507 0.002595 0.267362 0.002941 0 3.089585 23.228317 0.000697 -15.1 51.7 2458274.94966 28.514763 28.514807 0.32 -9999999 3.760781 -3.142957 0.713025 -2.605946 1.275221 0.49 599.9983 -10.345348 8.371651 2018-06-05T10:40:55.647 -9999999 M2 198.C-0838(A) Bonfils -9999999 HARPS_ech_obs_all HARPS_ech_obs_wavesimult STAR_WAVE_M4 6.39129957379659e-06 9.99258091013058e-06 1 0 0
GJ849 332.4233365 -4.640145 2458275.8406792 -1.332695 1.708844 -15082.359961 2.099268 -6.403818 1.183485 -15080.514192 1.610666 -6.74003 1.199175 -22.023287 12.764359 35.196808 5.618172 0.857127 0.002325 0.248052 0.004184 0.262221 0.004835 0 3.107078 23.575192 0.010164 -15.1 36.0 2458275.84067 28.688164 28.688217 0.134 -9999999 3.761415 -1.6304 1.232684 -1.915646 1.346359 0.49 899.9983 -22.116767 12.765649 2018-06-06T08:01:24.989 -9999999 M2 198.C-0838(A) Bonfils -9999999 HARPS_ech_obs_all HARPS_ech_obs_wavesimult STAR_WAVE_M4 8.35182818832737e-06 1.97979353954812e-06 1 0 0
GJ849 332.4233365 -4.640145 2458288.8516577 -8.632556 1.464657 -15088.149117 1.608017 -13.373862 0.791001 -15085.272547 0.879205 -13.918368 0.828051 -9.368557 8.907604 32.961755 5.487442 0.862437 0.001568 0.250407 0.002561 0.265042 0.002952 0 3.09582 23.389693 -0.001462 -15.1 52.2 2458288.85166 26.504826 26.50488 -0.019 -9999999 3.770675 -1.300583 1.232695 -0.894105 1.346372 0.52 899.9982 -9.412699 8.898876 2018-06-19T08:15:03.092 -9999999 M2 198.C-0838(A) Bonfils -9999999 HARPS_ech_obs_all HARPS_ech_obs_wavesimult STAR_WAVE_M4 9.40557299833634e-06 2.23487619984329e-06 1 0 0
GJ849 332.4233365 -4.640145 2458289.8421054 -9.871327 1.397622 -15094.458381 1.505058 -14.587435 0.65866 -15091.656576 0.672692 -14.971526 0.702446 -13.763726 9.548846 33.782987 5.575187 0.848413 0.001324 0.243483 0.002112 0.259533 0.002369 0 3.096824 23.330708 0.001029 -15.1 61.6 2458289.8421 26.308848 26.308914 -0.009 -9999999 3.77138 -1.275385 1.232686 -0.969575 1.34636 0.5 899.9983 -13.818081 9.530735 2018-06-20T08:01:28.259 -9999999 M2 198.C-0838(A) Bonfils -9999999 HARPS_ech_obs_all HARPS_ech_obs_wavesimult STAR_WAVE_M4 8.49138578317355e-06 1.33236885782503e-06 1 0 0
GJ849 332.4233365 -4.640145 2458291.9356008 -5.102139 1.246485 -15085.960062 1.259258 -9.545711 0.772936 -15082.586457 0.840668 -9.665047 0.812692 -1.236603 8.25787 33.728487 5.644378 0.85115 0.001483 0.250001 0.002491 0.263513 0.002825 0 3.087044 23.221941 0.010494 -15.1 53.9 2458291.93559 25.588756 25.588838 -1.085 -9999999 3.77287 -1.002849 0.977903 -0.399265 0.937555 0.49 749.9983 -1.254503 8.267921 2018-06-22T10:17:13.087 -9999999 M2 198.C-0838(A) Bonfils -9999999 HARPS_ech_obs_all HARPS_ech_obs_wavesimult STAR_WAVE_M4 8.165469013752e-06 3.28852793789202e-06 1 0 0
GJ849 332.4233365 -4.640145 2458292.8141808 -7.489487 1.505383 -15088.593903 1.680945 -12.202497 0.864132 -15085.604804 1.006465 -12.546958 0.900682 0.389341 8.125694 29.398156 5.609333 0.848677 0.00172 0.2476 0.002851 0.254021 0.00326 0 3.09941 23.557295 -3.1e-05 -15.1 47.7 2458292.81418 25.677289 25.677371 -1.318 -9999999 3.773495 -1.272288 1.232661 -0.784396 1.34633 0.5 899.9982 0.38918 8.11778 2018-06-23T07:20:53.410 -9999999 M2 198.C-0838(A) Bonfils -9999999 HARPS_ech_obs_all HARPS_ech_obs_wavesimult STAR_WAVE_M4 7.7839737342802e-06 1.09560376139947e-06 1 0 0
GJ849 332.4233365 -4.640145 2458293.8003991 -5.945269 1.792046 -15089.477888 2.368489 -10.920875 1.641096 -15087.300883 2.204445 -11.583028 1.657871 7.096016 14.056761 31.05644 6.45919 0.846787 0.002766 0.25453 0.005672 0.275944 0.006499 0 3.092027 23.261546 0.006572 -15.1 28.8 2458293.80039 25.464819 25.464914 0.781 -9999999 3.774197 -1.534883 0.719883 -1.597192 0.86612 0.5 899.9983 7.149536 14.063717 2018-06-24T07:00:55.448 -9999999 M2 198.C-0838(A) Bonfils -9999999 HARPS_ech_obs_all HARPS_ech_obs_wavesimult STAR_WAVE_M4 9.15311905970861e-06 2.28143414340925e-06 1 0 0
GJ849 332.4233365 -4.640145 2458295.8177276 -7.867229 1.35264 -15090.659084 1.449494 -12.843954 0.556934 -15087.831914 0.537047 -12.940518 0.606714 -4.979794 7.905542 28.709708 5.378681 0.84454 0.001108 0.232666 0.001684 0.249872 0.001939 0 3.085131 23.330021 0.004924 -15.1 72.4 2458295.81773 24.90234 24.90243 -0.183 -9999999 3.775632 -1.536002 1.232664 -0.948462 1.346333 0.51 899.9982 -4.987713 7.899553 2018-06-26T07:25:29.067 -9999999 M2 198.C-0838(A) Bonfils -9999999 HARPS_ech_obs_all HARPS_ech_obs_wavesimult STAR_WAVE_M4 8.24288596009765e-06 3.01794116766761e-06 1 0 0
GJ849 332.4233365 -4.640145 2458306.8359295 -8.419535 1.586234 -15085.748253 1.892286 -12.245841 0.998318 -15083.486735 1.329691 -12.690676 1.036213 1.585233 10.398096 32.346126 5.498767 0.853849 0.002042 0.237267 0.003597 0.256423 0.004097 0 3.085467 23.358777 0.00508 -15.1 40.5 2458306.83592 21.546545 21.546685 -0.713 -9999999 3.783474 -0.385583 1.23268 -1.521956 1.346353 0.55 899.9982 1.525154 10.391225 2018-07-07T07:49:51.924 -9999999 M2 198.C-0838(A) Bonfils -9999999 HARPS_ech_obs_all HARPS_ech_obs_wavesimult STAR_WAVE_M4 8.49322827734467e-06 1.60757063674411e-06 1 0 0
GJ849 332.4233365 -4.640145 2458308.7519868 -4.834722 1.475168 -15087.292527 1.657662 -8.876287 0.810403 -15084.99684 0.967139 -9.589736 0.854594 -7.273666 7.980312 33.249417 5.352588 0.857616 0.001704 0.238122 0.002827 0.247782 0.003206 0 3.096922 23.431857 0.000792 -15.1 48.7 2458308.75198 21.097141 21.097259 -0.27 -9999999 3.784837 -0.600842 1.232626 -1.48915 1.346286 0.49 899.9983 -7.296975 7.978567 2018-07-09T05:49:41.541 -9999999 M2 198.C-0838(A) Bonfils -9999999 HARPS_ech_obs_all HARPS_ech_obs_wavesimult STAR_WAVE_M4 7.85858590440771e-06 2.11911761456084e-06 1 0 0
GJ849 332.4233365 -4.640145 2458311.7703731 -0.990507 1.303728 -15077.894806 1.359879 -3.533236 0.664945 -15076.38799 0.714515 -3.979484 0.716452 1.811379 8.267385 30.938497 5.584982 0.85881 0.001402 0.241489 0.002212 0.274113 0.002587 0 3.091747 23.357031 0.002255 -15.1 58.9 2458311.77037 19.972864 19.972979 -0.252 -9999999 3.786985 0.897994 1.121408 -2.280169 1.157039 0.51 899.9982 1.809501 8.279575 2018-07-12T06:15:34.387 -9999999 M2 198.C-0838(A) Bonfils -9999999 HARPS_ech_obs_all HARPS_ech_obs_wavesimult STAR_WAVE_M4 9.8080281675779e-06 1.00142266802466e-05 1 0 0
GJ849 332.4233365 -4.640145 2458313.7071735 1.472095 1.245664 -15079.428332 1.441412 -3.837956 0.524087 -15077.318959 0.514989 -4.401765 0.58326 -11.883494 7.275224 26.810177 5.480956 0.866411 0.001123 0.244741 0.001715 0.262293 0.001948 0 3.100507 23.50356 0.004334 -15.1 73.8 2458313.70717 19.390473 19.390602 0.294 -9999999 3.788364 -1.869328 1.130049 -1.678991 1.346274 0.5 899.9983 -11.951769 7.285498 2018-07-14T04:44:32.061 -9999999 M2 198.C-0838(A) Bonfils -9999999 HARPS_ech_obs_all HARPS_ech_obs_wavesimult STAR_WAVE_M4 8.14724601199559e-06 1.74001661264248e-06 1 0 0
GJ849 332.4233365 -4.640145 2458637.8783949 10.613866 1.484547 -15067.839365 1.620261 6.565477 0.827204 -15067.926805 0.901346 5.526451 0.851851 -11.822325 12.278246 28.265143 5.387879 0.885795 0.001728 0.261978 0.002637 0.268102 0.002999 0 3.106142 23.521989 -0.000868 -15.1 52.2 2458637.87839 28.934402 28.934453 -0.125 -9999999 4.019068 -0.607666 1.232726 -4.106508 1.34641 0.49 899.9981 -11.865168 12.287496 2019-06-03T08:56:11.576 -9999999 M2 1102.C-0339(A) Bonfils -9999999 HARPS_ech_obs_all HARPS_ech_obs_wavesimult STAR_WAVE_M4 8.41344498969575e-06 1.93679968799254e-06 1 0 0
GJ849 332.4233365 -4.640145 2458678.7547226 13.479821 1.119044 -15067.675827 0.908432 10.335181 0.640044 -15065.509503 0.576303 10.059699 0.654105 -13.891338 9.928586 35.821932 5.165625 0.874327 0.001281 0.244645 0.001835 0.256614 0.002072 0 3.105554 23.58796 0.00074 -15.1 69.8 2458678.75471 19.346538 19.346705 0.373 -9999999 4.048159 0.296083 0.917934 -1.881835 0.702227 0.49 899.9982 -13.929028 9.934187 2019-07-14T05:53:11.861 -9999999 M2 1102.C-0339(A) Bonfils -9999999 HARPS_ech_obs_all HARPS_ech_obs_wavesimult STAR_WAVE_M4 -9999999.0 -9999999.0 -9999999 -9999999 -9999999
GJ849 332.4233365 -4.640145 2458680.7311173 10.642655 1.407461 -15067.70005 1.480491 7.356384 0.679408 -15063.911668 0.615944 7.353746 0.692421 -22.690768 9.232799 40.696437 5.307277 0.870632 0.00133 0.243674 0.001921 0.25891 0.002181 0 3.101251 23.461687 0.000956 -15.1 66.9 2458680.73111 18.650917 18.651096 0.177 -9999999 4.049566 0.154452 1.23262 -0.261184 1.346278 0.5 899.9982 -22.728719 9.237853 2019-07-16T05:18:52.642 -9999999 M2 1102.C-0339(A) Bonfils -9999999 HARPS_ech_obs_all HARPS_ech_obs_wavesimult STAR_WAVE_M4 9.10368533215423e-06 1.84405061526701e-06 1 0 0
GJ849 332.4233365 -4.640145 2458728.6262623 14.109776 1.339089 -15066.854119 1.58757 9.498144 0.93499 -15062.446261 1.007706 9.026528 0.933368 -32.093024 14.189308 32.086282 5.365259 0.907796 0.001878 0.265484 0.002897 0.284323 0.003308 0 3.101251 23.652057 0.007153 -15.1 48.4 2458728.62626 -3.557096 -3.556896 0.236 -9999999 4.083651 -1.170909 0.958621 0.324207 1.226747 0.49 899.9981 -32.126559 14.207123 2019-09-02T02:46:13.551 -9999999 M2 1102.C-0339(A) Bonfils -9999999 HARPS_ech_obs_all HARPS_ech_obs_wavesimult STAR_WAVE_M4 1.37046961603922e-05 2.27468589001288e-06 1 0 0
