time	mnvel	errvel	tel
2452990.5432805	27.405068	2.10093	HARPS-pre
2453158.917734	32.472643	1.29003	HARPS-pre
2453339.5375999003	40.461	1.1441450000000002	HARPS-pre
2453517.9126063	36.896704	1.048594	HARPS-pre
2453520.9116518	37.309162	1.170555	HARPS-pre
2453920.8864758997	3.7925129999999996	1.053791	HARPS-pre
2453945.8072483996	3.001577	0.776895	HARPS-pre
2453951.8059188	-1.9269999999999998	1.050577	HARPS-pre
2453975.696716	0.683481	1.069261	HARPS-pre
2454048.5524858	-11.435824	1.049083	HARPS-pre
2454052.5491604	-9.564426	0.741639	HARPS-pre
2454078.5501973997	-9.595006	1.0964459999999998	HARPS-pre
2454227.9211904	-19.073938000000002	0.9989140000000001	HARPS-pre
2454291.8539448	-22.564397	1.1440019999999997	HARPS-pre
2454295.7809306	-19.739378	0.911199	HARPS-pre
2454297.8699531	-18.817836	0.967942	HARPS-pre
2454301.7657035	-16.323921	1.212106	HARPS-pre
2454320.7940896	-20.515795	1.017377	HARPS-pre
2454339.6933653997	-17.036553	1.081457	HARPS-pre
2454343.7789487997	-20.017263	1.1135760000000001	HARPS-pre
2454350.6860778	-24.113539000000003	1.156678	HARPS-pre
2454390.5757237	-24.962317000000002	1.05416	HARPS-pre
2454421.5165118	-16.728721	0.859553	HARPS-pre
2454427.5384429	-21.917061	0.9383020000000001	HARPS-pre
2454639.9273527	-10.885558999999999	1.074192	HARPS-pre
2454647.913937	-10.044875	1.076702	HARPS-pre
2454662.8452066	-7.876028	1.1349040000000001	HARPS-pre
2454665.8375252	-10.831164	1.073648	HARPS-pre
2454675.8256824	-9.687679	1.048776	HARPS-pre
2454682.8114742995	-7.5742460000000005	0.9758830000000001	HARPS-pre
2454702.7458157	-6.944146000000001	1.032808	HARPS-pre
2454705.7651471	-8.380607000000001	1.1692559999999999	HARPS-pre
2454730.6923466	-2.786728	0.945952	HARPS-pre
2454734.6629922	-1.902953	1.133976	HARPS-pre
2454742.5976171	-7.791611	2.637187	HARPS-pre
2454746.5942431	-4.360501	1.036412	HARPS-pre
2454954.9129585	16.606061999999998	0.9594229999999999	HARPS-pre
2454955.9021124	13.026917999999998	0.996334	HARPS-pre
2454989.9153209	15.608148000000002	0.879765	HARPS-pre
2454990.9235556	14.146417000000001	1.3315299999999999	HARPS-pre
2454992.8953426	17.111110999999998	1.052985	HARPS-pre
2455042.7820906	21.391482999999997	1.013744	HARPS-pre
2455048.8056448	21.673797	1.2025230000000002	HARPS-pre
2455055.8521856004	22.44268	1.274299	HARPS-pre
2455122.6163425	28.347379999999998	1.1183290000000001	HARPS-pre
2455413.7717897003	39.05872	1.178492	HARPS-pre
2455782.7211006	22.112292	1.1146340000000001	HARPS-pre
2455814.734626	24.541813	1.085772	HARPS-pre
2457683.6340412004	35.35505	1.7662409999999997	HARPS-post
2457980.8408374	2.098229	1.2819399999999999	HARPS-post
2457981.8287494997	4.01917	1.645731	HARPS-post
2458014.7168077	-1.031081	1.515795	HARPS-post
2458019.7106084	-4.465602	1.487641	HARPS-post
2458258.8646157	-11.087123	1.413349	HARPS-post
2458261.8890216	-11.731975	1.390299	HARPS-post
2458270.9135633	1.8142040000000001	1.530853	HARPS-post
2458271.8897117996	-0.10119500000000001	1.5769500000000003	HARPS-post
2458272.8716508	1.7402849999999999	1.451768	HARPS-post
2458273.8915302004	-3.1947099999999997	1.4516120000000001	HARPS-post
2458274.9496643995	-1.6094959999999998	1.0736729999999999	HARPS-post
2458275.8406792004	-1.332695	1.7088439999999998	HARPS-post
2458288.8516577003	-8.632556	1.4646569999999999	HARPS-post
2458289.8421054003	-9.871327	1.397622	HARPS-post
2458291.9356008	-5.102139	1.246485	HARPS-post
2458292.8141807998	-7.489487	1.505383	HARPS-post
2458293.8003991	-5.945269000000001	1.7920459999999998	HARPS-post
2458295.8177276	-7.867228999999999	1.35264	HARPS-post
2458306.8359295	-8.419535	1.586234	HARPS-post
2458308.7519867998	-4.834722	1.475168	HARPS-post
2458311.7703731004	-0.990507	1.303728	HARPS-post
2458313.7071735	1.4720950000000002	1.2456639999999997	HARPS-post
2458637.8783949	10.613866	1.484547	HARPS-post
2458678.7547226003	13.479821	1.1190440000000001	HARPS-post
2458680.7311172998	10.642655	1.407461	HARPS-post
2458728.6262622997	14.109776	1.339089	HARPS-post
2458269.700518	-18.801309	0.682793	HARPS-N
2458279.669339	-24.096836	0.678021	HARPS-N
2458296.699802	-24.389468	0.9096479999999999	HARPS-N
2458325.710889	-21.652482	0.750653	HARPS-N
2458326.684684	-20.466744	0.669243	HARPS-N
2458342.562835	-23.160874	1.6428040000000002	HARPS-N
2458345.568704	-18.682068	0.566131	HARPS-N
2458360.610697	-24.724049	0.7639050000000001	HARPS-N
2458361.5564759998	-24.501614	1.638061	HARPS-N
2458378.521638	-22.339645	0.627781	HARPS-N
2458379.508708	-23.5957	0.500171	HARPS-N
2458380.488716	-22.905785	0.606056	HARPS-N
2458381.486106	-24.303651000000002	0.529614	HARPS-N
2458382.493332	-19.923628	0.5510780000000001	HARPS-N
2458383.4961	-22.159015	0.9830020000000002	HARPS-N
2458386.557774	-20.959483	0.6022529999999999	HARPS-N
2458388.529376	-19.904708	0.6318239999999999	HARPS-N
2458389.551289	-19.027272	0.911587	HARPS-N
2458390.561119	-16.873229000000002	0.646871	HARPS-N
2458391.522026	-15.765325	0.5781350000000001	HARPS-N
2458448.333041	-17.770039999999998	0.47909099999999993	HARPS-N
2458449.310744	-17.373182	0.906004	HARPS-N
2458451.316516	-14.839645	0.638938	HARPS-N
2458454.410686	-18.66263	1.090726	HARPS-N
2458455.323559	-17.308584	0.5928220000000001	HARPS-N
2458473.336572	-14.111247	0.562789	HARPS-N
2458474.303904	-15.261830999999999	0.6773229999999999	HARPS-N
2458477.310989	-16.96053	1.038974	HARPS-N
2458479.317587	-15.945716000000001	0.573607	HARPS-N
2458480.306508	-17.692576000000003	0.6397430000000001	HARPS-N
2458641.691009	-8.89739	0.48333000000000004	HARPS-N
2458643.6881419998	-7.018339999999999	0.652985	HARPS-N
2458645.706039	-7.141239	0.692136	HARPS-N
2458647.721793	-21.45976	0.7619100000000001	HARPS-N
2458650.714161	-5.93797	0.4811539999999999	HARPS-N
2458652.683065	-4.384592	0.572154	HARPS-N
2458654.681239	-3.8420910000000004	0.509103	HARPS-N
2458678.719583	-2.5614169999999996	0.594119	HARPS-N
2458680.666904	-1.991184	0.8772290000000001	HARPS-N
2458681.65465	-1.934694	0.934681	HARPS-N
2458714.612156	0.458333	0.781416	HARPS-N
2458715.585511	-1.603885	1.1050360000000001	HARPS-N
2458716.619941	0.740204	0.8471389999999999	HARPS-N
2458718.494964	-0.874014	0.792641	HARPS-N
2458727.56275	1.425087	0.67438	HARPS-N
2458728.476848	0.504746	0.596693	HARPS-N
2458736.496015	3.321096	0.469833	HARPS-N
2458745.511915	-3.806664	0.540231	HARPS-N
2458746.540658	-5.713029	0.598871	HARPS-N
2458747.490873	-3.6743	0.57229	HARPS-N
2458748.54717	-3.247239	0.595232	HARPS-N
2458805.371392	1.216702	0.948319	HARPS-N
2458816.335042	11.861432	0.764898	HARPS-N
2458817.374267	8.603399000000001	1.184009	HARPS-N
2458818.372073	8.294630999999999	0.887542	HARPS-N
2458819.362032	5.910416000000001	0.717972	HARPS-N
2458820.309229	0.0	1.352336	HARPS-N
2458830.319109	-4.681869	1.061592	HARPS-N
2458831.334822	1.896325	0.722771	HARPS-N
2458838.306999	6.819512	0.849068	HARPS-N
2458841.306662	9.94224	0.774998	HARPS-N
2458842.3022	8.226222	0.910035	HARPS-N
2458844.331412	9.865226	1.288641	HARPS-N
2458845.313284	8.826174	0.7988800000000001	HARPS-N
2458999.685367	12.660255000000001	1.9158720000000002	HARPS-N
2459068.60158	16.445689	1.03769	HARPS-N
2459069.650545	6.978974000000001	0.714508	HARPS-N
2459070.675491	7.9958	0.7525850000000002	HARPS-N
2459072.690679	13.641138	0.7333689999999999	HARPS-N
2459075.626121	13.398385000000001	0.771649	HARPS-N
2459076.670734	14.324760000000001	0.641261	HARPS-N
2459077.699824	13.616570000000001	0.705069	HARPS-N
2459078.654131	11.553511	0.59688	HARPS-N
2459079.641064	9.210343	0.623097	HARPS-N
2459092.597414	9.124512	1.1730459999999998	HARPS-N
2459093.532335	7.352824000000001	1.369582	HARPS-N
2459094.594382	10.324406	0.611751	HARPS-N
2459095.598152	10.498335	0.770411	HARPS-N
2459096.616365	11.792964999999999	0.9034479999999999	HARPS-N
2459097.635074	12.280932	1.013248	HARPS-N
2459099.627245	13.291669	0.887115	HARPS-N
2459106.63821	13.506104999999998	0.735033	HARPS-N
2459110.571552	6.553032	1.027791	HARPS-N
2459111.568745	8.889874	0.640469	HARPS-N
2459120.601556	9.733707	1.066794	HARPS-N
2459125.506632	14.82185	0.7594350000000001	HARPS-N
2459126.551139	11.707681	0.8536429999999999	HARPS-N
2459130.527513	16.206935	0.717356	HARPS-N
2459153.415029	9.368730000000001	0.7697579999999999	HARPS-N
2459189.375312	15.535404000000002	0.89741	HARPS-N
2459190.340183	11.763475	0.606614	HARPS-N
2459192.315037	11.108592999999999	0.807064	HARPS-N
2459212.315824	12.919263	0.856531	HARPS-N
2459213.299447	7.448039	1.7742570000000002	HARPS-N
2450606.067813	-13.03	3.665332	HIRES-pre
2450666.001493	2.25	3.538807	HIRES-pre
2450715.9567009998	1.84	3.925382	HIRES-pre
2450983.0377889997	14.35	3.508137	HIRES-pre
2450984.084016	20.89	3.347458	HIRES-pre
2451410.0214810004	51.33	2.6807279999999998	HIRES-pre
2451439.8653700002	42.5	3.0026840000000004	HIRES-pre
2452095.0813659998	22.62	3.3135790000000003	HIRES-pre
2452096.045833	15.72	3.120266	HIRES-pre
2452133.012755	18.15	3.138851	HIRES-pre
2452160.9091669996	8.25	2.707232	HIRES-pre
2452161.845891	4.05	2.842832	HIRES-pre
2452162.886968	6.0	2.896028	HIRES-pre
2452486.968322	-8.55	3.499875	HIRES-pre
2452535.851644	-8.39	3.1907650000000003	HIRES-pre
2452807.010579	6.09	3.003549	HIRES-pre
2452834.0130209997	4.73	3.1266629999999997	HIRES-pre
2452989.720069	14.07	2.674815	HIRES-pre
2453014.710405	19.4	2.95975	HIRES-pre
2453015.71103	18.62	3.420611	HIRES-pre
2453016.70603	18.99	2.671534	HIRES-pre
2453154.079792	24.81	3.6350849999999997	HIRES-pre
2453180.108391	28.08	3.2231400000000003	HIRES-pre
2453196.931389	25.47	3.4642699999999995	HIRES-pre
2453238.929005	27.44	1.533031	HIRES-post
2453301.838414	25.97	1.3814799999999998	HIRES-post
2453302.7424540003	25.93	1.325489	HIRES-post
2453303.798426	23.7	1.180658	HIRES-post
2453603.938738	16.63	1.600834	HIRES-post
2453724.711516	4.9	1.365446	HIRES-post
2453746.7178261625	2.8679886138338357	1.5092673021018401	HIRES-post
2453749.697894	-7.47	1.755587	HIRES-post
2453927.0148380003	-16.95	1.436057	HIRES-post
2453959.086713	-14.49	1.421053	HIRES-post
2453960.9583876394	-13.5068720275422	0.9183966275564706	HIRES-post
2453983.000405	-12.61	1.4217680000000001	HIRES-post
2454083.749514	-29.35	2.133946	HIRES-post
2454337.0736	-37.5	1.47092	HIRES-post
2454343.871655	-37.44	1.326101	HIRES-post
2454429.7419330003	-36.02	1.3864409999999998	HIRES-post
2454455.743704	-38.47	1.6394709999999997	HIRES-post
2454456.733194	-42.03	1.5711469999999996	HIRES-post
2454460.741875	-31.62	1.7069169999999998	HIRES-post
2454634.082824	-26.02	1.406986	HIRES-post
2454635.042037	-27.94	1.302409	HIRES-post
2454636.0510529997	-26.85	1.40523	HIRES-post
2454637.116053	-24.95	1.3095700000000001	HIRES-post
2454638.059086	-27.27	1.449598	HIRES-post
2454639.066944	-28.99	1.418555	HIRES-post
2454640.114572	-31.44	1.43016	HIRES-post
2454641.117153	-29.85	1.432467	HIRES-post
2454644.113461	-25.7	1.4232760000000002	HIRES-post
2454674.9360419996	-26.62	1.5112780000000001	HIRES-post
2454688.9519330002	-27.37	1.4235659999999999	HIRES-post
2454690.004641	-18.34	1.597793	HIRES-post
2454702.032919	-28.09	1.484405	HIRES-post
2454703.1049706135	-21.489468797822106	1.115290889671582	HIRES-post
2454704.1050015045	-20.238520359696558	1.3106408432856096	HIRES-post
2454705.04315	-21.71	1.530995	HIRES-post
2454721.9490630003	-22.46	1.694264	HIRES-post
2454790.751644	-19.13	1.503451	HIRES-post
2454807.793368	-18.71	1.6339019999999997	HIRES-post
2454818.8064496275	-19.663755453902397	1.300811379658848	HIRES-post
2454819.783917154	-18.08549469115448	1.1201236885404773	HIRES-post
2454989.062573	-0.83	1.388292	HIRES-post
2455015.046875	-5.07	1.445192	HIRES-post
2455016.074407	-1.44	1.4115540000000002	HIRES-post
2455025.119143	-0.54	1.3606490000000002	HIRES-post
2455029.018671	-0.85	1.6392799999999998	HIRES-post
2455043.041655	9.35	1.415394	HIRES-post
2455048.9962009997	6.6	1.4003959999999998	HIRES-post
2455050.10046	4.08	1.33707	HIRES-post
2455051.009586585	-14.77557425285223	1.1028063407715003	HIRES-post
2455052.037194	6.11	1.375376	HIRES-post
2455075.0823770002	2.06	1.617821	HIRES-post
2455080.083808	11.0	1.6575779999999998	HIRES-post
2455082.072656	9.94	1.560258	HIRES-post
2455134.922244	7.28	1.547763	HIRES-post
2455135.875583	5.85	1.405478	HIRES-post
2455166.816859	6.19	1.6767249999999998	HIRES-post
2455167.798420808	9.633904457013013	1.0480259813172643	HIRES-post
2455168.772487	8.68	1.666416	HIRES-post
2455169.797432	6.71	1.7251479999999997	HIRES-post
2455188.724503	20.78	1.5952039999999998	HIRES-post
2455200.738897	18.64	1.669703	HIRES-post
2455201.7333360002	14.67	1.626581	HIRES-post
2455202.751432	15.11	1.501806	HIRES-post
2455352.0817	23.78	1.366725	HIRES-post
2455372.090855	21.76	1.4371639999999999	HIRES-post
2455376.031515	22.01	1.2315120000000002	HIRES-post
2455395.957845	24.28	1.2612510000000001	HIRES-post
2455397.048279	22.27	1.3640899999999998	HIRES-post
2455410.111554	20.53	1.3917059999999999	HIRES-post
2455436.111412	23.48	1.457055	HIRES-post
2455462.863173072	24.07354239557467	0.8466010276133916	HIRES-post
2455521.801172	15.93	1.658381	HIRES-post
2455549.7608967884	18.82916393292362	0.9046111520539856	HIRES-post
2455555.792227	23.26	1.443365	HIRES-post
2455720.104656235	6.686362571337088	0.9667908794915149	HIRES-post
2455721.0887240004	3.81	1.668534	HIRES-post
2455736.121885	10.59	1.3380379999999998	HIRES-post
2455751.0243849996	14.69	1.7775290000000004	HIRES-post
2455770.878496	10.69	1.4326610000000002	HIRES-post
2455807.0632740003	7.23	1.49092	HIRES-post
2455824.9239040003	3.7	1.4542600000000003	HIRES-post
2455825.981671353	4.943124898283504	1.1270418733033847	HIRES-post
2455839.863013411	5.299933915212982	1.0313913710152758	HIRES-post
2455840.9025653293	2.100067742248096	1.101087494022249	HIRES-post
2455851.759474	1.79	1.2993850000000002	HIRES-post
2455875.877863	1.12	1.6728880000000002	HIRES-post
2456525.11406	3.62	1.6863130000000004	HIRES-post
2456532.077071	3.59	1.497145	HIRES-post
2456638.6962369997	2.25	1.505958	HIRES-post
2456861.017896	23.05	1.5091010000000002	HIRES-post
2456884.057069	29.76	1.587892	HIRES-post
2457241.1333729997	44.46	1.3410970000000002	HIRES-post
2457597.107915	39.32	2.05996	HIRES-post
2458118.707676	3.63	1.450432	HIRES-post
2458361.086186	-5.28	1.566641	HIRES-post
2458476.6985299997	5.18	1.48648	HIRES-post
2458662.1089729997	3.03	1.4063290000000004	HIRES-post
2457554.6580000003	24.3883608	1.535628169	CARMENES
2457571.63	27.56753666	2.894224846	CARMENES
2457574.664	24.21759658	1.557790319	CARMENES
2457591.5919999997	24.46844085	1.2591438240000001	CARMENES
2457597.565	24.13771867	1.6206896039999998	CARMENES
2457606.508	22.77137213	1.4686902530000003	CARMENES
2457608.582	24.07611837	1.592009009	CARMENES
2457621.5840000003	26.1862021	1.6936261609999999	CARMENES
2457622.516	24.55269596	1.9545397519999996	CARMENES
2457634.606	18.37249839	1.533431355	CARMENES
2457635.424	23.33245439	3.5873533510000004	CARMENES
2457636.4390000002	21.91147887	1.958035633	CARMENES
2457644.469	21.00754665	1.459229697	CARMENES
2457650.39	22.891944	1.3940665259999998	CARMENES
2457654.5409999997	22.31430088	2.089862078	CARMENES
2457656.366	20.89450915	1.4741607289999998	CARMENES
2457657.497	19.47344301	1.7306918549999997	CARMENES
2457665.287	14.92155789	1.3601428599999998	CARMENES
2457678.371	16.68750862	1.8362311889999998	CARMENES
2457679.3340000003	17.42050771	3.1313400319999998	CARMENES
2457689.3140000002	19.41636126	1.293083574	CARMENES
2457693.355	16.30506081	1.15676107	CARMENES
2457704.355	14.87307698	1.288175911	CARMENES
2457711.3219999997	13.23609172	1.4681379469999998	CARMENES
2457922.6569999997	-9.11357224	1.278059545	CARMENES
2457942.6040000003	-4.63835871	1.2943629899999998	CARMENES
2457943.629	0.571397553	1.20227042	CARMENES
2457954.608	-7.608162197	1.592124926	CARMENES
2457959.488	-7.0132465889999995	1.4944813959999996	CARMENES
2457990.486	-5.677991737	1.301534617	CARMENES
2457999.46	-4.8360071389999995	1.513294018	CARMENES
2458009.512	-11.54308087	1.4112158969999997	CARMENES
2458026.4930000002	-11.39995433	1.6009446339999998	CARMENES
2458035.417	-14.06875113	1.9954429850000002	CARMENES
2458051.365	-14.78568087	1.4385339259999999	CARMENES
2458053.37	-11.78417057	1.2513555840000001	CARMENES
2458059.312	-15.71658827	1.285825038	CARMENES
2458065.403	-12.58974906	1.03646416	CARMENES
2458079.346	-15.17730948	1.274938062	CARMENES
2458080.3540000003	-16.13148528	1.29902745	CARMENES
2458081.292	-18.81836975	1.6164337459999998	CARMENES
2458284.617	-16.56980598	1.9115009009999997	CARMENES
2458294.633	-18.90283443	1.1579542790000001	CARMENES
2458300.648	-24.45684513	1.263889576	CARMENES
2458314.624	-11.20397894	1.5125252669999998	CARMENES
2458317.609	-16.5981736	1.474783931	CARMENES
2458321.5409999997	-7.721183223	5.066148028	CARMENES
2458327.67	-17.45179388	1.255986313	CARMENES
2458331.5167050054	-15.539222672879347	1.277240799271476	CARMENES
2458334.645	-18.31877323	1.3843339540000001	CARMENES
2458337.563	-20.77478384	1.559432516	CARMENES
2458341.633	-23.41066735	1.8425436959999997	CARMENES
2458355.549	-13.32820615	1.3074946159999998	CARMENES
2458414.43	-15.00011815	2.101644518	CARMENES
2458643.636	-4.237516793	1.421077605	CARMENES
2458679.582	-0.623567969	1.3160967950000002	CARMENES
2458709.52	-2.0146044069999998	1.482175958	CARMENES
2458759.423	4.430739718	1.024833822	CARMENES
2458804.3959999997	5.199269641	1.4579560619999998	CARMENES
