time	mnvel	errvel	tel
2450150.5493	11203.0	6.999999999999999	ELODIE
2450207.3648	11175.0	6.999999999999999	ELODIE
2450477.6002	11164.000000000002	6.999999999999999	ELODIE
2450532.4115	11197.000000000002	6.999999999999999	ELODIE
2450532.4172	11198.0	6.999999999999999	ELODIE
2450532.4265	11186.0	6.999999999999999	ELODIE
2450532.4321	11185.0	6.999999999999999	ELODIE
2450532.4413	11183.0	6.999999999999999	ELODIE
2450532.4466	11190.999999999998	6.999999999999999	ELODIE
2450557.4235	11196.0	6.999999999999999	ELODIE
2450582.3557	11202.0	8.0	ELODIE
2450767.7048	11277.000000000002	6.999999999999999	ELODIE
2450821.6242	11273.0	6.999999999999999	ELODIE
2450826.6455	11270.0	6.999999999999999	ELODIE
2450826.6516	11280.999999999998	6.999999999999999	ELODIE
2450884.4573	11265.999999999998	6.999999999999999	ELODIE
2450911.444	11269.0	6.999999999999999	ELODIE
2450911.4561	11275.0	6.999999999999999	ELODIE
2450938.3456	11277.999999999998	8.0	ELODIE
2450938.3614	11290.0	9.000000000000002	ELODIE
2450970.346	11274.0	6.999999999999999	ELODIE
2451174.6728	11224.0	8.0	ELODIE
2451234.4857	11215.0	6.999999999999999	ELODIE
2451266.4164	11187.000000000002	8.0	ELODIE
2451324.3663	11185.0	6.999999999999999	ELODIE
2451508.6987	11175.999999999998	6.999999999999999	ELODIE
2451542.6385	11177.0	6.999999999999999	ELODIE
2451587.5644	11190.0	6.999999999999999	ELODIE
2451621.4418	11180.0	6.999999999999999	ELODIE
2451655.4028	11190.0	6.999999999999999	ELODIE
2451690.3978	11194.0	6.999999999999999	ELODIE
2451883.7067	11270.0	6.999999999999999	ELODIE
2451909.6771	11267.999999999998	8.0	ELODIE
2451950.6479	11270.0	6.999999999999999	ELODIE
2452038.4214	11264.000000000002	8.0	ELODIE
2452078.3565	11254.000000000002	6.999999999999999	ELODIE
2452249.683	11231.0	9.000000000000002	ELODIE
2452355.5093	11190.999999999998	8.0	ELODIE
2452356.4997	11190.999999999998	8.0	ELODIE
2452614.712	11164.000000000002	9.000000000000002	ELODIE
2452678.5739	11181.0	6.999999999999999	ELODIE
2452718.5215	11189.0	6.999999999999999	ELODIE
2452747.4011	11187.999999999998	6.999999999999999	ELODIE
2452751.4008	11192.0	6.999999999999999	ELODIE
2451010.62898	52.2	6.2	HJS
2451212.97474	1.7	4.5	HJS
2451240.8125	-1.7	4.6	HJS
2451274.78993	-8.8	4.6	HJS
2451326.70558	-24.5	4.9	HJS
2451504.9599599997	-39.7	5.0	HJS
2451530.0197799997	-27.0	5.1	HJS
2451555.94972	-15.5	4.8	HJS
2451655.74023	-0.7	4.7	HJS
2451686.75156	-8.8	6.0	HJS
2451750.60418	13.1	5.1	HJS
2451861.01895	53.7	4.9	HJS
2451917.9308599997	48.2	4.6	HJS
2451987.85527	53.7	6.2	HJS
2452004.83235	60.5	4.8	HJS
2452039.77936	54.5	5.9	HJS
2452116.6055400004	55.7	6.6	HJS
2452249.0001	21.6	5.4	HJS
2452303.89238	-8.3	5.1	HJS
2452305.84757	-1.5	4.7	HJS
2452327.86285	21.2	13.1	HJS
2452353.85949	2.6	6.1	HJS
2452661.9539900003	-30.8	4.7	HJS
2453017.93695	75.2	6.4	HJS
2453069.76686	54.9	4.2	HJS
2453692.03243	-44.4	6.5	HJS
2453748.89147	-40.4	4.6	HJS
2453787.91198	-28.0	4.7	HJS
2453805.8875599997	-28.3	4.5	HJS
2453809.8077700003	-25.0	4.7	HJS
2453840.77154	-19.2	5.1	HJS
2453841.70627	-19.3	5.8	HJS
2453841.72168	0.2	6.5	HJS
2453861.74397	-19.8	5.4	HJS
2453909.61977	3.6	5.7	HJS
2454280.64401	38.2	6.7	HJS
2454280.64893	31.4	5.6	HJS
2454551.92162	-36.6	5.2	HJS
2454569.78354	-39.5	5.8	HJS
2454569.78813	-37.8	5.9	HJS
2454569.7927099997	-40.3	6.1	HJS
2454605.77977	-52.7	6.5	HJS
2454632.71638	-43.6	6.9	HJS
2453313.33003	24.4	4.7	HRS
2453314.99108	31.8	4.6	HRS
2453317.99083	30.8	4.4	HRS
2453334.95254	26.0	4.3	HRS
2453335.9470900004	26.8	4.4	HRS
2453338.93789	20.1	3.1	HRS
2453340.9172400003	24.8	4.4	HRS
2453346.92207	17.7	4.3	HRS
2453348.9094	24.0	4.7	HRS
2453350.917	14.7	8.2	HRS
2453357.88009	4.3	5.0	HRS
2453359.87543	7.9	5.6	HRS
2453365.8649	-11.9	4.1	HRS
2453367.8639	1.0	4.3	HRS
2453371.85734	-1.0	5.1	HRS
2453373.85855	1.0	7.9	HRS
2453377.8338200003	3.4	4.4	HRS
2453379.85077	-4.9	4.5	HRS
2453389.79762	4.0	4.2	HRS
2453391.79286	-6.9	5.0	HRS
2453395.7782	-4.5	4.4	HRS
2453400.9947099998	-3.3	4.7	HRS
2453408.76968	-1.7	4.5	HRS
2453414.72833	-10.6	4.3	HRS
2453416.7104	-9.0	4.7	HRS
2453421.94116	-7.1	3.8	HRS
2453423.70482	-13.1	3.5	HRS
2453429.91553	-7.8	3.2	HRS
2453432.90803	-5.9	3.3	HRS
2453433.90682	-7.8	3.2	HRS
2453437.66207	-6.9	2.8	HRS
2453439.65955	-7.0	3.2	HRS
2453440.9003	-13.2	3.7	HRS
2453476.80401	-20.0	3.3	HRS
2453479.77845	-16.3	3.2	HRS
2453481.7662	-16.9	3.3	HRS
2453486.77731	-20.7	3.4	HRS
2453488.7678799997	-20.1	3.2	HRS
2453512.6918599997	-12.1	3.3	HRS
2453526.6373	-15.7	2.6	HRS
2453539.63923	-14.5	3.6	HRS
2453708.92005	-27.1	4.8	HRS
2453709.92253	-29.2	4.7	HRS
2453710.91317	-29.6	4.2	HRS
2453711.9327700003	-26.4	3.6	HRS
2453721.8802900002	-19.6	4.9	HRS
2453723.87033	-29.2	4.8	HRS
2453725.86147	-21.3	4.8	HRS
2453734.87812	-39.1	4.9	HRS
2453736.84137	-30.0	4.7	HRS
2453738.8275099997	-24.4	4.5	HRS
2453742.82008	-31.4	4.7	HRS
2453743.8202400003	-36.6	5.4	HRS
2453744.82292	-26.8	4.4	HRS
2453746.80758	-23.2	4.5	HRS
2453751.79987	-26.4	5.0	HRS
2453757.03749	-29.7	4.2	HRS
2453771.76109	-18.3	4.8	HRS
2453775.7404	-16.1	4.1	HRS
2453777.96664	-16.3	4.6	HRS
2453779.96405	-21.1	4.3	HRS
2453786.70738	-16.1	5.0	HRS
2453795.9197	-17.0	3.0	HRS
2453797.66773	-5.6	5.4	HRS
2453894.65514	18.2	3.6	HRS
2453901.6409299998	21.6	3.8	HRS
2454050.99305	53.7	4.0	HRS
2454052.99278	65.9	4.0	HRS
2454054.97972	53.9	4.2	HRS
2454056.9622299997	47.0	4.2	HRS
2454121.81209	47.7	4.8	HRS
2454129.77513	51.6	4.9	HRS
2454157.70092	70.7	4.7	HRS
2454160.6844599997	63.1	4.8	HRS
2454165.9120400003	64.2	4.3	HRS
2454419.9953	17.4	4.3	HRS
2454431.94398	9.9	4.3	HRS
2446959.7372	-47.75	13.998588	Hamilton
2447194.9080000003	-52.43	12.864359	Hamilton
2447194.9124	-39.05	11.760399000000001	Hamilton
2447194.9167	-28.94	14.849037	Hamilton
2447223.7925	-25.95	11.523519	Hamilton
2447223.7979	-32.07	10.362027000000001	Hamilton
2447223.8034	-18.47	10.168144999999999	Hamilton
2447964.8539	19.94	23.781765	Hamilton
2447964.898	12.46	8.722054	Hamilton
2448017.7302	-15.23	10.569765	Hamilton
2448374.7707	-27.3	9.36697	Hamilton
2448647.895	53.89	13.095818	Hamilton
2448647.9047	62.21	23.257734	Hamilton
2448648.91	44.88	11.024269	Hamilton
2448670.8777	67.51	11.448115	Hamilton
2448745.6782	74.57	13.44682	Hamilton
2448745.7003	57.66	11.536151	Hamilton
2448992.0612	16.36	11.212933999999999	Hamilton
2449067.7589	-3.54	10.292328999999999	Hamilton
2449067.7811	-1.05	9.537987	Hamilton
2449096.7227	-16.34	9.877267999999999	Hamilton
2449096.7444	-10.46	9.362399	Hamilton
2449122.6787	-17.95	11.898033	Hamilton
2449122.7011	-48.46	10.598855	Hamilton
2449172.6855	-25.74	10.545281	Hamilton
2449349.9111	-41.94	13.484829000000001	Hamilton
2449349.9138	-38.05	13.4384	Hamilton
2449374.9617	-31.25	11.978833	Hamilton
2449374.9661	-41.64	12.572711	Hamilton
2449411.8387	-23.94	12.811668	Hamilton
2449481.7197	-40.07	13.398562	Hamilton
2449767.9184	57.62	5.336252	Hamilton
2449768.907227	55.1	4.768053	Hamilton
2449802.7792970003	59.99	5.387630000000001	Hamilton
2449802.801758	57.86	5.061584	Hamilton
2450058.075195	27.41	4.882593	Hamilton
2450058.083008	26.39	4.164341	Hamilton
2450068.964844	31.18	5.0322830000000005	Hamilton
2450069.000977	29.74	6.838141	Hamilton
2450072.011719	32.78	4.145245	Hamilton
2450088.993164	16.9	3.645364	Hamilton
2450089.947266	19.93	3.162203	Hamilton
2450091.900391	12.01	4.167757	Hamilton
2450120.907227	6.33	5.53193	Hamilton
2450120.930664	16.03	5.713566	Hamilton
2450124.8925779997	19.39	5.363352	Hamilton
2450124.916016	16.6	5.189045	Hamilton
2450125.8125	11.84	4.779652	Hamilton
2450125.835938	13.36	5.450543	Hamilton
2450127.885742	6.17	5.300908	Hamilton
2450127.9082029997	7.97	5.288039	Hamilton
2450144.8769529997	6.25	4.638319999999999	Hamilton
2450150.785156	5.05	5.760228	Hamilton
2450150.807617	6.54	5.642705	Hamilton
2450172.818359	-0.32	6.137853	Hamilton
2450172.838867	-0.76	5.778378	Hamilton
2450173.762695	4.01	5.3766620000000005	Hamilton
2450181.738281	-17.59	5.542058	Hamilton
2450181.744141	-3.7	3.852581	Hamilton
2450187.727539	1.03	6.098699	Hamilton
2450187.750977	3.73	5.925109	Hamilton
2450199.717773	-4.35	5.191717	Hamilton
2450199.740234	2.24	5.035837	Hamilton
2450203.7207029997	-7.4	6.194755000000001	Hamilton
2450203.743164	-3.51	5.937553	Hamilton
2450214.72168	-6.25	4.697306	Hamilton
2450214.743164	-11.46	5.37571	Hamilton
2450422.0175779997	-38.43	4.059295	Hamilton
2450438.000977	-29.99	4.334155	Hamilton
2450442.027344	-31.65	3.803989	Hamilton
2450502.853516	-22.84	3.9637910000000005	Hamilton
2450504.859375	-26.45	4.190624	Hamilton
2450536.833984	0.33	6.1781809999999995	Hamilton
2450536.8574220003	-20.82	6.910216	Hamilton
2450537.831055	-15.81	5.413882	Hamilton
2450537.854492	-9.12	5.493856	Hamilton
2450563.661133	-9.57	5.366036	Hamilton
2450563.683594	-4.51	5.225478	Hamilton
2450579.6855470003	-1.32	4.843489	Hamilton
2450579.708008	10.73	5.2678400000000005	Hamilton
2450610.71875	5.27	3.4643050000000004	Hamilton
2450793.957031	52.65	4.080271	Hamilton
2450795.039062	56.35	4.191399	Hamilton
2450978.676758	41.03	6.427836	Hamilton
2450978.693359	55.81	6.367825	Hamilton
2451131.06543	29.85	6.431158	Hamilton
2451175.027344	14.71	7.330562	Hamilton
2451242.8417970003	-4.81	4.742958	Hamilton
2451303.711914	-31.0	4.348548	Hamilton
2451508.070312	-41.52	8.299218	Hamilton
2451536.0639580004	-49.36	4.5583290000000005	Hamilton
2451607.907227	-25.74	6.392639	Hamilton
2451607.925781	-23.37	6.357971	Hamilton
2451626.761719	-47.92	9.139444000000001	Hamilton
2451626.782227	-31.15	10.006601	Hamilton
2451627.753906	-34.19	5.866154	Hamilton
2451628.727539	-39.54	5.666417	Hamilton
2451629.832031	-37.54	4.554176999999999	Hamilton
2451700.679688	-20.15	8.246252	Hamilton
2451700.7011720003	-4.1	6.026498	Hamilton
2451861.049805	30.89	5.387827	Hamilton
2451874.068359	33.99	5.409169	Hamilton
2451881.0292970003	29.07	6.4353620000000005	Hamilton
2451881.058594	23.35	6.063654	Hamilton
2451895.049805	33.64	5.980565	Hamilton
2451895.083008	23.02	6.065639	Hamilton
2451906.0019529997	37.32	5.351982	Hamilton
2451906.0292970003	20.15	5.718013	Hamilton
2451907.0019529997	39.57	5.566949	Hamilton
2451907.024414	23.84	6.589336	Hamilton
2451909.02832	35.92	5.216954	Hamilton
2451909.057617	30.54	5.392133	Hamilton
2451910.941406	34.37	5.466586	Hamilton
2451910.97168	27.0	6.311618	Hamilton
2451914.067383	28.17	5.01626	Hamilton
2451915.045898	37.95	5.050461	Hamilton
2451915.049805	31.52	5.427153	Hamilton
2451916.03125	33.72	4.758607	Hamilton
2451916.035156	34.14	5.000736	Hamilton
2451939.956055	43.39	6.582953999999999	Hamilton
2451939.985352	31.68	6.801050999999999	Hamilton
2451946.956055	35.34	5.490668	Hamilton
2451946.96582	38.92	6.758203999999999	Hamilton
2451969.889648	40.67	5.826011	Hamilton
2451969.918945	41.7	6.547175	Hamilton
2451971.879883	48.71	6.757998	Hamilton
2451971.910156	45.03	7.128151	Hamilton
2451998.764648	45.18	5.366412	Hamilton
2451998.791992	42.46	5.400405	Hamilton
2451999.811523	44.64	5.192844999999999	Hamilton
2451999.833984	40.69	6.32935	Hamilton
2452000.84375	42.03	6.246964	Hamilton
2452000.87207	48.74	5.613501	Hamilton
2452028.726562	53.52	5.515237	Hamilton
2452028.758789	55.37	7.344305	Hamilton
2452033.746094	43.36	5.072211	Hamilton
2452040.757812	37.53	4.556783	Hamilton
2452040.761719	47.31	5.792935	Hamilton
2452041.714844	44.58	4.995986	Hamilton
2452041.722656	41.43	4.897107	Hamilton
2452042.6894529997	41.23	5.195015	Hamilton
2452042.7050779997	37.76	6.042103	Hamilton
2452071.712836	55.79	13.483732999999999	Hamilton
2452071.743507	41.0	12.99208	Hamilton
2452073.704102	38.81	7.134216	Hamilton
2452073.734375	38.19	6.139607	Hamilton
2452101.686523	53.78	6.673255999999999	Hamilton
2452103.6875	35.7	5.879509	Hamilton
2452104.6855470003	42.13	5.80994	Hamilton
2452105.683594	34.97	5.772115	Hamilton
2452216.024414	21.04	6.511507	Hamilton
2452216.046875	23.5	6.468751999999999	Hamilton
2452222.02832	22.86	6.3067720000000005	Hamilton
2452222.058594	22.62	6.161719000000001	Hamilton
2452278.057617	-9.89	7.1065570000000005	Hamilton
2452278.084961	-16.15	6.705989999999999	Hamilton
2452279.052734	-10.85	6.490565	Hamilton
2452279.083008	-8.23	6.207841999999999	Hamilton
2452283.026367	5.26	10.418149	Hamilton
2452283.056641	-16.83	11.114205	Hamilton
2452286.03418	-3.86	5.796776	Hamilton
2452286.0644529997	-13.43	5.935762	Hamilton
2452286.0917970003	-17.28	6.713151	Hamilton
2452288.0019529997	-4.07	6.905200999999999	Hamilton
2452288.03418	-17.15	7.097174000000001	Hamilton
2452306.922852	-22.27	7.426698	Hamilton
2452306.9550779997	-41.95	13.446573	Hamilton
2452314.900391	-18.42	6.066955999999999	Hamilton
2452314.929688	-16.26	6.2458540000000005	Hamilton
2452314.959961	-29.89	6.718802	Hamilton
2452315.890625	-16.16	5.243981	Hamilton
2452315.916992	-19.65	5.6307540000000005	Hamilton
2452315.943359	-17.65	5.512733	Hamilton
2452315.96582	-25.75	5.730192	Hamilton
2452316.9863279997	-2.59	7.892011999999999	Hamilton
2452317.020508	-12.79	9.682838	Hamilton
2452348.8457029997	-27.3	5.996885	Hamilton
2452348.875977	-28.97	5.539534	Hamilton
2452375.7832029997	-33.09	4.975694	Hamilton
2452375.813477	-31.07	4.541876	Hamilton
2452376.709961	-40.12	5.115768	Hamilton
2452376.739258	-28.55	5.455315000000001	Hamilton
2452380.742188	-37.77	5.489194	Hamilton
2452380.771484	-31.21	5.7531360000000005	Hamilton
2452388.739258	-43.04	4.10015	Hamilton
2452388.768555	-38.56	4.581928	Hamilton
2452389.6894529997	-49.72	5.373431	Hamilton
2452389.71875	-47.15	5.5763169999999995	Hamilton
2452577.040039	-44.01	5.094633999999999	Hamilton
2452577.0605470003	-42.61	5.073751000000001	Hamilton
2452599.03125	-39.51	4.557093	Hamilton
2452599.046875	-41.66	4.453161	Hamilton
2452599.0625	-36.99	4.252705000000001	Hamilton
2452609.055664	-44.97	4.734926000000001	Hamilton
2452609.081055	-42.81	5.5696769999999995	Hamilton
2452631.980469	-29.83	5.234593	Hamilton
2452632.00293	-32.4	5.055162999999999	Hamilton
2452656.994141	-46.01	4.223058999999999	Hamilton
2452657.0175779997	-52.47	3.901254	Hamilton
2452657.040039	-43.42	4.072468	Hamilton
2452687.853516	-31.38	5.019988	Hamilton
2452687.867188	-34.12	4.859153	Hamilton
2452688.901505	-40.25	5.229475	Hamilton
2452705.81543	-30.81	4.686382	Hamilton
2452705.837891	-33.2	4.852676	Hamilton
2452705.860352	-28.06	4.683878	Hamilton
2452722.806641	-31.25	5.561525	Hamilton
2452722.829102	-21.18	5.229137000000001	Hamilton
2452722.851562	-27.31	5.439261	Hamilton
2452737.749023	-12.69	4.119864	Hamilton
2452737.771484	-18.01	4.411321	Hamilton
2452737.792969	-16.83	4.455274	Hamilton
2452793.7050779997	-7.68	4.513338	Hamilton
2452793.728516	-1.38	3.9679349999999998	Hamilton
2452793.750977	-5.99	4.157123	Hamilton
2452794.691406	-17.76	3.820581	Hamilton
2452794.714844	-5.43	3.520779	Hamilton
2452794.737305	-12.73	4.0619879999999995	Hamilton
2452834.6960529997	16.2	4.044322	Hamilton
2452834.700266	14.75	4.1588199999999995	Hamilton
2452991.053711	52.53	3.8979660000000003	Hamilton
2452992.073242	49.95	4.647863	Hamilton
2453009.0488279997	45.21	3.6902220000000003	Hamilton
2453009.055664	48.59	3.887914	Hamilton
2453009.948242	46.77	4.4567879999999995	Hamilton
2453009.958984	45.8	3.793815	Hamilton
2453018.99707	49.88	4.6824650000000005	Hamilton
2453020.953125	33.79	5.503733	Hamilton
2453022.00272	39.54	5.236944	Hamilton
2453044.8982869997	62.56	5.679652	Hamilton
2453044.918889	51.37	4.871151	Hamilton
2453044.953461	40.81	7.1689039999999995	Hamilton
2453068.844727	48.58	5.358354	Hamilton
2453069.8300779997	42.4	5.072899	Hamilton
2453069.834961	41.56	4.419164	Hamilton
2453072.875	39.57	4.565913	Hamilton
2453072.897461	41.29	3.921493	Hamilton
2453078.792969	52.56	5.073739	Hamilton
2453078.816406	42.9	4.380987999999999	Hamilton
2453079.816406	47.89	4.592297	Hamilton
2453079.838867	45.72	4.67057	Hamilton
2453080.780273	46.62	4.601805000000001	Hamilton
2453080.802734	46.92	4.726598	Hamilton
2453081.806641	46.64	4.207498999999999	Hamilton
2453081.829102	38.67	4.443830999999999	Hamilton
2453100.804688	41.57	5.940448	Hamilton
2453100.822266	53.43	5.078188	Hamilton
2453107.777344	28.58	4.570807	Hamilton
2453119.72168	33.23	6.912812	Hamilton
2453119.744141	54.8	7.469539999999999	Hamilton
2453119.766602	48.5	8.050889999999999	Hamilton
2453120.668945	44.21	5.085257	Hamilton
2453120.691406	29.8	4.509951	Hamilton
2453120.714844	32.99	5.153232	Hamilton
2453131.682617	44.51	4.039825	Hamilton
2453132.733398	32.83	5.091635	Hamilton
2453147.694336	40.42	4.891952	Hamilton
2453155.699219	34.76	4.0909699999999996	Hamilton
2453155.703125	30.09	4.2596739999999995	Hamilton
2453156.704102	33.32	4.088871	Hamilton
2453156.708008	33.75	3.9203639999999997	Hamilton
2453157.68457	35.36	4.14987	Hamilton
2453157.6894529997	36.95	4.357069999999999	Hamilton
2453339.061523	7.86	4.806958	Hamilton
2453339.075195	0.55	4.6699209999999995	Hamilton
2453363.0139240003	-2.98	4.4645589999999995	Hamilton
2453363.9655090002	-14.98	4.350753	Hamilton
2453383.977847	-17.78	9.136617999999999	Hamilton
2453384.998924	-28.43	5.803026	Hamilton
2453385.012303	-31.38	6.259307	Hamilton
2453385.987708	-33.06	5.155686	Hamilton
2453386.00581	-30.11	6.191281	Hamilton
2453388.0011919998	-28.08	10.631146000000001	Hamilton
2453389.927627	-38.0	4.656111	Hamilton
2453390.946794	-24.36	4.740687	Hamilton
2453391.998727	-37.27	4.6243099999999995	Hamilton
2453392.923843	-38.88	5.004135	Hamilton
2453402.958495	-19.42	4.675189	Hamilton
2453403.952662	-29.46	4.795229	Hamilton
2453404.947199	-29.13	5.645961	Hamilton
2453436.787836	-31.87	5.52665	Hamilton
2453437.886528	-45.88	5.524948999999999	Hamilton
2453438.835139	-41.96	5.028792	Hamilton
2453438.852234	-31.01	6.378309	Hamilton
2453439.846678	-44.43	5.5948150000000005	Hamilton
2453439.863773	-39.77	5.943182	Hamilton
2453440.772396	-38.32	5.471063	Hamilton
2453441.865602	-39.38	5.219599	Hamilton
2453460.804711	-43.56	4.438502	Hamilton
2453475.704306	-46.15	4.8350480000000005	Hamilton
2453476.7067939998	-47.17	4.622056	Hamilton
2453477.7253119997	-44.42	4.513651	Hamilton
2453478.759803	-49.3	4.281958	Hamilton
2453479.774769	-53.03	4.170351	Hamilton
2453511.706065	-66.98	5.665813	Hamilton
2453511.722766	-51.94	5.976780000000001	Hamilton
2453512.688137	-47.08	4.412575	Hamilton
2453744.023484	-41.17	6.452764	Hamilton
2453744.032315	-50.14	5.770004	Hamilton
2453744.981528	-46.64	4.2946230000000005	Hamilton
2453752.994329	-62.42	5.885584	Hamilton
2453753.046956	-57.65	4.688791	Hamilton
2453753.054873	-60.83	5.057276	Hamilton
2453755.8981830003	-47.9	5.025089	Hamilton
2453773.84662	-57.01	4.985780999999999	Hamilton
2453866.7278360003	-28.54	4.387064	Hamilton
2453867.722616	-33.93	4.5934029999999995	Hamilton
2453868.752315	-31.53	4.663272	Hamilton
2453869.729549	-20.27	4.2155569999999996	Hamilton
2454074.067627	26.15	4.618003	Hamilton
2454074.070845	31.72	4.560723	Hamilton
2454099.081597	34.96	4.629739	Hamilton
2454099.088137	33.46	4.516293	Hamilton
2454100.06522	32.43	4.536758	Hamilton
2454100.069225	19.6	4.7858279999999995	Hamilton
2454102.044444	32.0	4.359101	Hamilton
2454102.050752	28.88	5.296439	Hamilton
2454104.02875	31.19	4.296964	Hamilton
2454133.965648	26.58	4.593918	Hamilton
2454134.921794	19.01	4.938739	Hamilton
2454134.926296	22.35	4.8650720000000005	Hamilton
2454134.930509	18.33	4.649901	Hamilton
2454135.857245	20.82	4.452123	Hamilton
2454135.86103	18.36	5.040724	Hamilton
2454135.865104	17.58	4.749091	Hamilton
2454135.869016	16.47	4.716044	Hamilton
2454165.844722	25.65	4.517298	Hamilton
2454165.847882	24.56	4.789683999999999	Hamilton
2454196.8149650004	29.28	4.342079	Hamilton
2454196.818519	30.0	4.787368	Hamilton
2454219.765509	14.62	4.428424	Hamilton
2454219.768657	22.61	4.389679	Hamilton
2454220.786875	23.12	4.365408	Hamilton
2454220.789745	31.89	4.902279	Hamilton
2454253.690602	19.07	4.563109	Hamilton
2454253.693831	21.14	5.079008	Hamilton
2454253.6970720002	23.0	4.8625940000000005	Hamilton
2454254.695127	13.22	4.410537000000001	Hamilton
2454254.699873	19.84	4.9656519999999995	Hamilton
2454254.704433	20.04	4.452415	Hamilton
2454427.078218	-12.0	4.354822	Hamilton
2454450.0519330003	-16.59	4.906105999999999	Hamilton
2454450.074329	-16.23	4.821839	Hamilton
2454462.016921	-20.03	4.078749	Hamilton
2454462.025868	-23.72	4.590753	Hamilton
2454462.03522	-23.66	4.0035680000000005	Hamilton
2454547.910255	-31.74	4.683191000000001	Hamilton
2454547.91419	-34.66	4.675458	Hamilton
2454574.795347	-63.27	4.0537160000000005	Hamilton
2454574.7987619997	-60.56	4.46054	Hamilton
2454574.802095	-55.89	4.07808	Hamilton
2454574.805498	-57.41	4.064979	Hamilton
2454574.80897	-57.9	3.8559099999999997	Hamilton
2454578.837731	-42.58	3.9339419999999996	Hamilton
2454578.841204	-53.48	4.306424	Hamilton
2454578.8446529997	-46.74	4.717823	Hamilton
2454578.84809	-48.26	4.23931	Hamilton
2454598.7396529997	-46.79	4.389227	Hamilton
2454598.760405	-47.1	4.670539	Hamilton
2454622.745116	-48.54	4.418416000000001	Hamilton
2454622.750451	-45.54	4.211496	Hamilton
2454622.755775	-50.09	4.148244999999999	Hamilton
2454623.702141	-43.5	4.933816	Hamilton
2454623.710926	-35.42	4.287984	Hamilton
2454623.720058	-45.66	4.179538	Hamilton
2454784.051516	-36.53	5.208361	Hamilton
2454785.082581	-40.04	5.012630000000001	Hamilton
2454845.016979	-29.15	4.649336	Hamilton
2454845.020139	-42.32	4.9969209999999995	Hamilton
2454845.0226849997	-43.67	5.243040000000001	Hamilton
2454845.025266	-37.5	5.083222	Hamilton
2454847.9339240002	-37.13	4.837254	Hamilton
2454847.936285	-29.99	4.978443	Hamilton
2454848.970301	-37.13	4.82486	Hamilton
2454848.97228	-35.29	4.6612089999999995	Hamilton
2454848.974155	-38.83	4.908792	Hamilton
2454849.968796	-31.67	5.398697	Hamilton
2454849.971111	-33.48	5.446169	Hamilton
2454849.973287	-38.02	5.465928	Hamilton
2454850.968854	-35.17	5.295796	Hamilton
2454850.970602	-43.49	5.712117	Hamilton
2454850.972396	-36.67	5.1404440000000005	Hamilton
2454863.977731	-37.93	7.8572	Hamilton
2454863.981516	-36.75	7.043852	Hamilton
2454863.9846759997	-27.63	7.787357000000001	Hamilton
2454864.9181709997	-34.18	7.6444149999999995	Hamilton
2454864.920289	-37.4	6.919308999999999	Hamilton
2454865.961539	-25.57	7.692299	Hamilton
2454865.963484	-25.65	8.302075	Hamilton
2455172.076146	58.32	8.084825	Hamilton
2455172.07934	61.84	8.165134	Hamilton
2455172.082593	63.1	8.174268	Hamilton
2455200.921968	51.17	8.685289	Hamilton
2455200.92728	41.45	9.264406	Hamilton
2455200.93191	44.67	8.21168	Hamilton
2455200.9368869998	53.87	8.914174000000001	Hamilton
2455200.942234	49.1	8.386773	Hamilton
2455201.020324	44.15	8.888539999999999	Hamilton
2455201.028264	53.55	8.043536	Hamilton
2455201.034282	52.24	8.832788	Hamilton
2455201.039028	57.22	8.019941000000001	Hamilton
2455201.042836	52.25	7.969177	Hamilton
2455201.948403	59.67	7.198604	Hamilton
2455201.951574	51.93	7.009174000000001	Hamilton
2455201.954653	51.73	6.90025	Hamilton
2455228.980162	56.6	7.335630999999999	Hamilton
2455228.983553	56.44	7.413153	Hamilton
2455228.9866669998	54.62	7.084578	Hamilton
2455312.7609369997	46.87	4.576725	Hamilton
2455312.763275	52.81	4.210792	Hamilton
2455312.76566	53.21	3.9806019999999998	Hamilton
2456589.996658	13.18	2.98433	APF
2456597.978062	-1.99	2.7349900000000003	APF
2456622.963466	-2.14	2.483715	APF
2456622.9656419996	-1.22	2.336976	APF
2456622.967737	3.23	2.365786	APF
2456625.009486	-2.13	2.084492	APF
2456625.0124259996	0.56	2.2911580000000002	APF
2456625.015493	-2.02	2.292242	APF
2456626.961493	-0.86	2.542472	APF
2456626.9628009996	-3.31	2.374192	APF
2456626.964097	2.72	2.512921	APF
2456628.940237	-1.7	2.298003	APF
2456628.942274	0.35	2.265198	APF
2456628.9442419996	-3.82	2.099812	APF
2456631.846835	-4.86	2.4944990000000002	APF
2456632.8796650004	3.75	2.887823	APF
2456632.880683	4.26	2.960475	APF
2456632.88169	0.61	3.066622	APF
2456647.857796	-4.4	2.9191689999999997	APF
2456647.8593470003	-6.55	2.651333	APF
2456647.860933	-5.96	3.276015	APF
2456648.073923	-14.92	2.889158	APF
2456648.075093	-6.58	2.8097369999999997	APF
2456648.076262	-8.55	2.9498849999999996	APF
2456648.8472450003	-9.72	2.472698	APF
2456648.850185	-6.41	2.421614	APF
2456648.853414	-3.01	2.226473	APF
2456662.799876	-8.56	2.73463	APF
2456662.801091	-6.8	2.969189	APF
2456662.8023180002	-6.4	2.681498	APF
2456662.985269	-5.96	2.566112	APF
2456662.986566	-8.18	2.35045	APF
2456662.987873	-9.55	2.156041	APF
2456663.887175	-1.32	2.640013	APF
2456663.888552	-3.57	2.429234	APF
2456663.889965	-5.57	2.527806	APF
2456663.960675	-6.56	2.343669	APF
2456663.962052	-10.92	2.431075	APF
2456663.963453	-8.04	2.417555	APF
2456668.028719	-11.77	2.7233169999999998	APF
2456668.0301779998	-19.92	2.517852	APF
2456668.031659	-15.78	2.538149	APF
2456674.981628	-19.82	2.137839	APF
2456674.983248	-14.6	2.239319	APF
2456674.984846	-12.89	2.115438	APF
2456675.762184	-18.31	2.38096	APF
2456675.763874	-15.83	2.502206	APF
2456675.765541	-16.76	2.3055950000000003	APF
2456675.99863	-15.97	2.258732	APF
2456676.000112	-14.01	2.258305	APF
2456676.001605	-19.12	2.1144819999999998	APF
2456678.801112	-21.08	2.236586	APF
2456678.8030330003	-23.27	2.28357	APF
2456678.8049080004	-18.89	2.326877	APF
2456678.98921	-20.62	2.075512	APF
2456678.990888	-20.23	2.239146	APF
2456678.992612	-20.75	2.184307	APF
2456679.955695	-18.73	2.1888900000000002	APF
2456679.957593	-22.71	2.371555	APF
2456679.959584	-20.63	2.445949	APF
2456682.776461	-16.43	4.081334	APF
2456683.8502020002	-13.65	2.461964	APF
2456683.851904	-15.13	2.386336	APF
2456683.853605	-17.23	2.556568	APF
2456693.916158	-16.2	2.353572	APF
2456706.0364860003	-15.79	2.462668	APF
2456706.038291	-13.0	2.6011450000000003	APF
2456706.039946	-19.12	2.4487259999999997	APF
2456709.848669	-20.61	2.429128	APF
2456709.890521	-21.12	2.403492	APF
2456709.892373	-18.65	2.500931	APF
2456709.894363	-17.37	2.482932	APF
2456712.958627	-19.43	2.455188	APF
2456712.9600959998	-22.26	2.197309	APF
2456712.9615889997	-18.52	2.382692	APF
2456724.868467	-17.98	2.573698	APF
2456724.871001	-20.4	2.3067580000000003	APF
2456724.873096	-18.03	2.308018	APF
2456725.053404	-19.97	2.415125	APF
2456725.069017	-16.53	2.857811	APF
2456725.07169	-20.88	2.524946	APF
2456725.0745139997	-17.01	2.700193	APF
2456728.8879810004	-17.89	2.470884	APF
2456731.828936	-20.93	3.032204	APF
2456731.897151	-19.44	3.042986	APF
2456732.782408	-23.3	2.76112	APF
2456732.839999	-26.18	3.254286	APF
2456732.911721	-15.37	3.2151259999999997	APF
2456735.917819	-22.79	3.049084	APF
2456740.773821	-23.44	2.9507849999999998	APF
2456740.9049150003	-19.14	3.051032	APF
2456741.887472	-23.61	3.019757	APF
2456750.77393	-26.78	2.290005	APF
2456750.8443779997	-19.67	2.4920139999999997	APF
2456750.8476299997	-21.48	2.3369009999999997	APF
2456750.85087	-22.15	2.1712740000000004	APF
2456753.6780270003	-19.28	2.571589	APF
2456753.726288	-24.5	2.402541	APF
2456753.894079	-19.86	2.6088459999999998	APF
2456753.8959310004	-22.18	2.5247029999999997	APF
2456753.897829	-25.45	2.625083	APF
2456754.842041	-25.36	2.5051349999999997	APF
2456754.844923	-27.59	2.4627310000000002	APF
2456754.847828	-26.95	2.364298	APF
2456757.728512	-24.75	2.703672	APF
2456757.730063	-21.56	2.564654	APF
2456757.731648	-20.47	2.377571	APF
2456757.935918	-16.25	2.447389	APF
2456757.937804	-21.94	2.628349	APF
2456757.939702	-17.39	2.336481	APF
2456758.842224	-28.41	3.1091439999999997	APF
2456761.707783	-23.55	2.613312	APF
2456761.7091139997	-25.91	2.630849	APF
2456761.710445	-20.45	2.688221	APF
2456762.7114979997	-22.02	2.7126900000000003	APF
2456765.687307	-27.21	2.650633	APF
2456765.745902	-23.55	3.038984	APF
2456765.74765	-23.36	2.794966	APF
2456765.749339	-22.47	2.50933	APF
2456766.745031	-20.86	2.823092	APF
2456766.746351	-29.15	2.869957	APF
2456766.747647	-24.16	2.813806	APF
2456766.868448	-23.65	2.915474	APF
2456766.86986	-23.77	2.764442	APF
2456766.8714	-24.53	2.929178	APF
2456777.675311	-20.91	2.444995	APF
2456777.6921490002	-21.65	2.731834	APF
2456777.693862	-18.24	2.600648	APF
2456777.695436	-22.99	2.750932	APF
2456780.699201	-22.75	2.6317939999999997	APF
2456780.700647	-21.98	2.824482	APF
2456780.70236	-24.26	2.589211	APF
2456784.663196	-26.68	2.3298509999999997	APF
2456784.700473	-26.1	2.5941549999999998	APF
2456789.742914	-12.35	2.714261	APF
2456789.7444419996	-18.9	2.6085599999999998	APF
2456789.746062	-24.08	2.603982	APF
2456789.845371	-20.38	2.6747360000000002	APF
2456789.847246	-14.31	2.7870060000000003	APF
2456789.849294	-17.51	2.872462	APF
2456792.705977	-15.26	2.655116	APF
2456792.733591	-17.98	2.795086	APF
2456792.735107	-22.53	2.670127	APF
2456792.7365650004	-21.46	2.637913	APF
2456792.8007259998	-21.92	2.9108490000000002	APF
2456792.802092	-11.89	2.841712	APF
2456792.8035150003	-17.12	2.962967	APF
2456793.756294	-24.69	2.952003	APF
2456793.75759	-15.25	3.1112990000000003	APF
2456793.758898	-19.82	3.0003759999999997	APF
2456793.806163	-17.49	2.526862	APF
2456793.808003	-13.0	2.803938	APF
2456793.809808	-13.76	2.723805	APF
2456801.742602	-22.32	2.888252	APF
2456805.84278	-26.64	2.677143	APF
2456805.845997	-22.17	2.580914	APF
2456805.8493540003	-24.86	2.393239	APF
2456812.693048	-23.22	3.0784979999999997	APF
2456812.694379	-26.74	2.669335	APF
2456812.695733	-17.93	2.8259830000000004	APF
2456813.709875	-23.54	2.73544	APF
2456813.7113799998	-19.28	2.653996	APF
2456813.712907	-17.43	2.6069259999999996	APF
2456822.712334	-21.62	2.1301200000000002	APF
2456972.90846	-23.64	3.187954	APF
2456972.9099189998	-24.78	3.3704129999999997	APF
2456972.911423	-15.45	3.5070989999999997	APF
2456989.0898720003	-11.59	2.7866869999999997	APF
2456989.092152	-12.96	2.644141	APF
2456989.094293	-7.69	2.765638	APF
2457027.004997	-1.2	2.717418	APF
2457027.0074509997	-2.77	2.706433	APF
2457027.009696	-3.62	2.509042	APF
2457029.051116	-0.96	2.989655	APF
2457029.052598	-0.77	3.135766	APF
2457029.054068	-4.16	2.8763240000000003	APF
2457042.979828	1.61	3.069566	APF
2457045.016093	-8.53	4.537846	APF
2457045.019866	0.52	4.843381	APF
2457046.895135	-2.9	2.428611	APF
2457054.950772	5.21	3.230213	APF
2457054.952242	-0.92	2.940461	APF
2457054.953631	1.53	2.975925	APF
2457115.710153	29.11	3.5699970000000003	APF
2457115.710847	21.43	3.361486	APF
2457115.711553	21.07	3.816408	APF
2457121.736637	26.01	2.543095	APF
2457123.80097	25.38	2.8174040000000002	APF
2457123.8019540003	29.14	2.716136	APF
2457123.8029380003	30.95	2.702229	APF
2457127.734188	32.83	4.512418	APF
2457127.734906	29.83	4.264133999999999	APF
2457127.7356229997	28.99	4.8228800000000005	APF
2457148.703133	37.04	4.3846050000000005	APF
2457148.703839	28.61	4.453914	APF
2457148.704557	35.17	4.606218	APF
2457322.028407	73.59	2.787144	APF
2457322.029321	78.12	3.04849	APF
2457322.030247	69.1	2.86234	APF
2457330.937914	77.66	2.760856	APF
2457330.940935	69.97	2.52576	APF
2457330.943898	72.97	3.062451	APF
2457332.93147	66.02	2.532146	APF
2457332.933241	68.15	2.547388	APF
2457332.9350119997	70.39	2.627062	APF
2457334.892548	72.62	2.800062	APF
2457334.894365	69.16	2.763207	APF
2457334.896275	73.08	2.838333	APF
2457337.888471	67.83	2.3812919999999997	APF
2457340.88221	70.52	2.952419	APF
2457340.883321	71.03	2.936254	APF
2457340.8844439997	68.35	3.072975	APF
2457347.8656220003	74.56	2.7176709999999997	APF
2457347.868053	76.05	2.641721	APF
2457347.8704259996	69.76	2.713764	APF
2457348.8484380003	66.81	3.550503	APF
2457348.849584	63.83	3.615371	APF
2457348.850695	67.86	3.5814769999999996	APF
2457350.8662860002	72.5	2.726058	APF
2457350.8682419998	71.1	2.696138	APF
2457350.870209	72.44	2.816929	APF
2457354.843965	71.83	2.589121	APF
2457416.02535	70.73	3.1741080000000004	APF
2457416.026322	67.37	3.049509	APF
2457416.0273060002	65.93	3.039909	APF
2457441.843372	70.74	2.4090830000000003	APF
2457463.70436	64.01	3.349129	APF
2457473.6921880003	65.38	3.094908	APF
2457473.862666	65.35	3.3323989999999997	APF
2457473.863569	66.7	3.1403220000000003	APF
2457473.864472	63.64	3.005823	APF
2457679.9610900003	15.44	2.6185099999999997	APF
2457684.970116	10.36	3.227851	APF
2457684.971181	9.31	3.313186	APF
2457684.972211	11.42	3.7232800000000004	APF
2457696.944238	10.19	3.477011	APF
2457696.945314	13.19	3.205509	APF
2457696.946414	9.22	3.746171	APF
2457700.965348	2.44	3.986651	APF
2457700.966089	9.04	4.353328	APF
2457700.966806	5.02	4.727961	APF
2457701.908587	22.27	5.043658	APF
2457701.909293	11.49	4.921705	APF
2457701.910057	10.02	4.812975	APF
2457702.899053	6.61	4.904021	APF
2457702.899793	3.38	4.705963	APF
2457702.900546	15.53	4.682526	APF
2457703.998336	11.0	4.312752	APF
2457703.9989380003	13.67	4.560842	APF
2457703.999725	-1.58	4.002559	APF
2457705.888543	4.79	4.2730760000000005	APF
2457705.889249	5.1	4.723391	APF
2457705.889966	-1.78	4.554416000000001	APF
2457707.863654	7.38	5.419046	APF
2457717.897711	-0.32	4.351604	APF
2457717.899841	4.83	5.275493	APF
2457717.901566	8.89	3.531769	APF
2457721.879557	-0.57	4.42146	APF
2457721.881548	20.5	4.195856	APF
2457721.883481	0.72	4.230322	APF
2457729.053715	-0.88	2.851309	APF
2457750.006831	-10.82	4.333984	APF
2457750.007526	-13.06	4.380222	APF
2457750.008232	-4.98	4.020106	APF
2457751.9924990004	-5.09	3.955312	APF
2457751.99317	-6.35	3.936692	APF
2457751.9938419997	-9.9	3.956893	APF
2457783.9003830003	-15.25	2.663475	APF
2457814.889541	-16.99	3.6311419999999996	APF
2457814.890224	-22.42	4.065085	APF
2457814.890907	-16.05	3.8117620000000003	APF
2457815.885657	-22.0	3.8223809999999996	APF
2457815.886363	-13.75	3.8972589999999996	APF
2457815.887057	-21.01	4.031468	APF
2457821.764594	-24.53	3.357874	APF
2457823.930573	-14.79	3.0843580000000004	APF
2457824.064064	-19.42	2.623582	APF
2457826.80901	-16.43	3.958281	APF
2457826.809704	-17.25	4.409944	APF
2457826.810398	-18.42	4.442399	APF
2457838.7820349997	-15.83	3.326046	APF
2457847.642257	-26.05	2.918448	APF
2457853.648109	-19.95	2.120717	APF
2457858.688116	-23.72	2.19391	APF
2457871.706547	-16.33	2.266304	APF
2457872.659389	-23.03	2.195945	APF
2457875.663548	-19.79	2.357079	APF
2457881.696147	-20.24	2.470397	APF
2457882.7195	-27.02	2.726452	APF
2457891.7170240004	-24.32	2.442967	APF
2457900.746695	-21.93	2.717141	APF
2457901.67767	-19.79	4.303083999999999	APF
2457901.678365	-26.72	4.620572	APF
2457901.679071	-25.31	4.462751	APF
2457903.710476	-21.05	3.7823239999999996	APF
2457911.6785049997	-31.45	3.9386550000000002	APF
2457911.6792	-33.28	3.918717	APF
2457911.679883	-16.41	4.274749	APF
2457917.681273	-25.2	2.3953900000000004	APF
2457921.7226319998	-31.34	3.476173	APF
2457922.682838	-31.53	4.218339	APF
2457922.6835330003	-28.61	4.552865	APF
2457922.684227	-37.5	4.231117	APF
2457930.6824060003	-18.06	3.3411	APF
2457931.681713	-26.82	3.160237	APF
2457931.717243	-25.33	4.843001999999999	APF
2457931.717949	-23.1	4.767136	APF
2457937.681035	-30.06	3.223882	APF
2457937.6874470003	-25.56	3.7532949999999996	APF
2457937.688152	-22.82	3.8840019999999997	APF
2457937.6888349997	-23.06	4.964212	APF
2457964.668252	-30.86	2.711759	APF
2457966.667591	-40.94	3.637893	APF
2457966.668725	-28.48	3.6141620000000003	APF
2457966.669824	-18.67	3.8668419999999997	APF
2458063.896137	-21.71	3.055254	APF
2458115.965722	-5.36	2.242759	APF
2458156.891229	0.83	3.258438	APF
2458162.8893009997	3.66	2.421352	APF
2458165.867536	6.92	3.5173730000000005	APF
2458196.831597	14.65	2.506338	APF
2458204.730773	17.55	2.426888	APF
2458207.759342	13.88	3.7260739999999997	APF
2458207.760048	30.61	3.6891849999999997	APF
2458207.760743	21.22	3.887104	APF
2458210.817239	28.85	4.337416999999999	APF
2458210.8179450002	17.24	4.64064	APF
2458210.818651	26.32	4.189889	APF
2458299.691265	49.47	3.072477	APF
2458320.679832	39.95	4.009866000000001	APF
2458320.681035	42.88	4.315448	APF
2458320.6823549997	40.93	3.899838	APF
2458329.669359	41.67	3.712558	APF
2458329.6706560003	48.82	3.849911	APF
2458329.67201	50.23	4.118796	APF
2458561.841907	53.17	3.194441	APF
2454930.007586	-2.1	1.3807	HIRES-post
2454954.910839	-0.07	1.273666	HIRES-post
2454963.850046	9.32	1.396566	HIRES-post
2454983.83047	14.2	1.609122	HIRES-post
2454984.919107	7.87	1.403422	HIRES-post
2454985.8143700003	12.37	1.333008	HIRES-post
2454986.848996	11.7	1.316635	HIRES-post
2454987.8194959997	12.35	1.316389	HIRES-post
2454988.833986	12.27	1.110032	HIRES-post
2455014.743231	20.41	1.318698	HIRES-post
2455015.73751	21.81	1.203627	HIRES-post
2455016.799505	18.54	1.286534	HIRES-post
2455134.153161	47.65	1.2475049999999999	HIRES-post
2455135.146724	53.23	1.178992	HIRES-post
2455136.133389	39.93	1.768488	HIRES-post
2455136.145196	50.68	1.142366	HIRES-post
2455164.145761	49.04	1.1231010000000001	HIRES-post
2455173.165583	49.55	1.1694200000000001	HIRES-post
2455231.100021	62.03	1.32314	HIRES-post
2455285.944399	53.07	1.389475	HIRES-post
2455289.9876200003	52.51	1.104776	HIRES-post
2455314.821751	46.39	1.346399	HIRES-post
2455339.82248	47.51	1.143084	HIRES-post
2455339.823244	43.96	1.165324	HIRES-post
2455339.824054	43.84	1.155694	HIRES-post
2455339.824899	43.75	1.111874	HIRES-post
2455339.8258020002	45.44	1.046382	HIRES-post
2455350.733807	36.48	1.159197	HIRES-post
2455378.733567	36.23	1.2275690000000001	HIRES-post
2455403.729722	27.33	1.339107	HIRES-post
2455522.160336	-7.04	1.105794	HIRES-post
2455522.1609610002	-3.09	1.240399	HIRES-post
2455522.161563	-3.13	1.189476	HIRES-post
2455545.176073	-14.29	1.109033	HIRES-post
2455635.989528	-36.33	1.1990180000000001	HIRES-post
2455635.990118	-33.63	1.2617639999999999	HIRES-post
2455635.990709	-29.75	1.2026270000000001	HIRES-post
2455722.748089	-54.89	1.464253	HIRES-post
2455723.738393	-50.26	1.295958	HIRES-post
2455728.741178	-54.14	1.494867	HIRES-post
2455871.150493	-48.02	1.26025	HIRES-post
2455871.151789	-44.87	1.282234	HIRES-post
2455871.1530279997	-48.64	1.324951	HIRES-post
2455879.1586080003	-52.21	1.153126	HIRES-post
2455902.166997	-44.24	1.064961	HIRES-post
2455902.167599	-41.94	1.151294	HIRES-post
2455902.168166	-41.55	1.172455	HIRES-post
2455904.165705	-38.1	1.23434	HIRES-post
2455904.166318	-45.18	1.198982	HIRES-post
2455904.166943	-42.23	1.156382	HIRES-post
2455973.18392	-24.79	1.4766709999999998	HIRES-post
2455994.9588900004	-16.73	1.59586	HIRES-post
2455994.9604990003	-15.57	1.412107	HIRES-post
2455994.9613900003	-16.35	1.429185	HIRES-post
2455994.962756	-21.48	1.445706	HIRES-post
2456027.964852	-9.85	1.311268	HIRES-post
2456114.740486	12.55	1.585212	HIRES-post
2456319.034245	42.05	1.406412	HIRES-post
2456320.015852	43.54	1.255888	HIRES-post
2456489.740241	15.99	1.552657	HIRES-post
2456614.165105	-15.48	1.32228	HIRES-post
2456640.151345	-22.91	1.165937	HIRES-post
2456710.0064459997	-35.86	1.327602	HIRES-post
2456826.744911	-54.51	1.165634	HIRES-post
2456827.740497	-47.27	1.165612	HIRES-post
2456828.737623	-46.63	1.214995	HIRES-post
2456853.732004	-46.88	1.5127329999999999	HIRES-post
2457061.0009830003	-10.7	1.28685	HIRES-post
2457201.734222	29.14	1.2071180000000001	HIRES-post
2457214.7416580003	31.26	1.591123	HIRES-post
2457354.168687	49.43	1.226979	HIRES-post
2457355.163795	53.68	1.2900989999999999	HIRES-post
2457555.734261	31.1	1.088794	HIRES-post
2457704.162308	-13.35	1.313172	HIRES-post
2457718.167769	-11.32	1.120578	HIRES-post
2457795.972445	-31.83	1.5219340000000001	HIRES-post
2457804.869818	-32.64	1.406083	HIRES-post
2457934.739289	-43.86	1.116502	HIRES-post
2458066.162449	-30.32	1.288629	HIRES-post
2458092.174775	-29.07	1.13862	HIRES-post
2458181.85077	-7.84	1.496656	HIRES-post
2458491.045571	43.48	1.372263	HIRES-post
2458559.897689	38.61	1.401499	HIRES-post
2458788.141377	-14.82	1.190965	HIRES-post
2458795.147611	-13.94	1.167937	HIRES-post
2458795.1482240004	-15.18	1.224788	HIRES-post
2458795.148826	-17.65	1.165059	HIRES-post
2458834.017454	-28.26	1.234132	HIRES-post
2458903.936108	-39.41	1.318976	HIRES-post
2458916.894692	-41.98	1.44696	HIRES-post
