\STAR_ID='HD 219134'
\DATA_CATEGORY='Planet Radial Velocity Curve'
\NUMBER_OF_POINTS='113'
\TIME_REFERENCE_FRAME='HJD'
\MINIMUM_DATE='2453239.04901'
\DATE_UNITS='days'
\MAXIMUM_DATE='2456882.10429'
\MINIMUM_VALUE='-23.4861248028'
\VALUE_UNITS='m/s'
\MAXIMUM_VALUE='16.3020028106'
\REFERENCE='Howard & Fulton, 2016'
\BIBCODE='2016arXiv160603134H'
\TELESCOPE='10m Keck I'
\INSTRUMENT='j: post-upgrade Keck HIRES (after August 19 2004)'
\WAVELENGTH_CALIBRATION_TECHNIQUE='Iodine'
\OBSERVATORY_SITE='Mauna Kea, Hawaii'
\COLUMN_RADIAL_VELOCITY='Relative radial velocity'
\COLUMN_RADIAL_VELOCITY_UNCERTAINTY='Uncertainty in RADIAL_VELOCITY'
|          HJD| Radial_Velocity|Radial_Velocity_Uncertainty|
|       double|          double|                     double|
|         days|           m / s|                      m / s|
|         null|            null|                       null|
 2453239.04901   -3.41188547498                   0.6962954 
 2453301.76795   -14.2988737775                   1.1616777 
  2453338.7097   -9.60685259429                   0.4638896 
 2453547.09759   -4.22442037645                   0.4102834 
 2453548.08494   -2.79534598416                   0.4579279 
 2453549.12001   -6.15812665355                   0.5966262 
 2453550.08463   -2.62609990333                   0.3603884 
 2453551.09111   -7.38934871142                   0.3620978 
 2453552.05048   -8.57527321182                    0.397638 
 2453571.06425   -6.10365733586                   0.4428452 
 2453692.77242    6.83602193154                   0.6589106 
 2453693.69889    1.62106725097                   0.5392744 
  2453693.9221    2.39753006286                   0.5554928 
 2453694.69572    1.16244641409                   0.5441568 
  2453694.8487    3.31622208652                   0.5396971 
 2453695.85126    4.60610579088                   0.5564341 
  2453696.7085    3.74293206263                    0.571695 
 2453724.79837    3.46798411781                   0.5862581 
 2453746.78695    8.57603942182                   0.5625312 
 2453748.75736    12.8987194773                   0.5981668 
 2453749.77444     10.617319678                   0.6101238 
   2453750.789    10.5375182022                   0.5707336 
  2453751.7596    16.3020028106                     0.57025 
 2453752.82847    11.0634240911                   0.6210713 
 2453753.77732    12.1959580963                   0.5921543 
 2453926.09217    4.09228550252                   0.4575965 
  2453982.9549    7.18703328117                   0.5372139 
  2454084.8676     10.013301438                   0.6303307 
 2454085.83457    12.3882135115                   0.6026106 
 2454248.09675   -1.60013949959                    1.020142 
 2454249.09124    1.93917267645                   1.0573322 
 2454250.12849 -0.0889274823485                   1.1756859 
 2454251.11852   -6.97990919161                   1.0133569 
 2454279.09042   -1.43687313895                   0.9778442 
 2454280.12778    3.51683779232                   0.8811221 
 2454286.13166   0.594657683666                   1.0172752 
 2454295.10285   -2.71357378682                   0.8493052 
 2454305.12219    3.94744745621                   0.7049253 
 2454306.07315  -0.437881476615                   0.6523767 
 2454307.06343    2.32500764903                   0.6251556 
 2454308.10664    8.80986274316                   0.8911982 
 2454309.09099     6.2377401406                   0.6775931 
 2454310.09042    7.41442064176                   0.7008067 
 2454311.06862    9.37551485838                   0.6089678 
 2454312.06486    11.1989102643                   0.6521474 
 2454313.06781    8.85879605777                   0.6711746 
 2454314.05266    10.9667701932                   0.6380336 
 2454315.08962    10.0453794365                   0.5774428 
 2454336.09166    1.22907441292                    0.720775 
  2454339.0488    5.24461491007                   1.0401055 
 2454344.04381   -6.99118315917                    1.077503 
 2454396.76058     0.4057551085                   1.0499098 
 2454397.79832   0.719306066937                   0.9584238 
 2454398.80283    5.49280690113                   0.7889843 
 2454636.11237    5.04615570533                   0.9928489 
  2454667.9851    -12.532829735                   0.9092591 
 2454674.11339   -7.70523546749                   0.8578313 
 2454674.99572   -6.36681195752                   1.0093709 
 2454676.06819    3.52430719497                   0.6371635 
 2454725.04733    3.41647438394                   1.1936611 
 2454778.86153    1.61712875514                   1.2808092 
 2454810.78963   -10.3870045221                   0.9993263 
 2454984.12197   -10.9597645267                   1.1199238 
 2455016.09253   -9.18498097942                   0.9241803 
 2455027.03646   -18.0322358449                   0.8964954 
 2455043.08066    -9.7288052131                   0.9680308 
 2455082.15064   -19.7144187753                   0.5985396 
 2455109.86979   -6.68808009595                   1.1117802 
 2455134.89759     -10.99743477                   1.2191379 
 2455172.80112   -23.4861248028                   1.1364073 
 2455188.81139   -4.91212896813                   1.1057366 
  2455190.6964   -8.35747540263                   1.1753163 
 2455192.69318   -8.82656958969                    1.109624 
 2455196.69113   -12.7394073203                   1.1022421 
 2455197.69183   -13.9155960843                   1.5725468 
  2455198.6885   -12.0248992531                   1.0865877 
 2455374.09044   -13.4699930764                   0.9598585 
  2455396.0889   -12.5807620676                   0.6555537 
 2455402.13457   -14.8070700129                   1.0818429 
 2455404.93857   -17.4826404854                   1.0977337 
 2455407.13744   -18.9375413475                   0.8320422 
 2455464.96396   -16.9826036134                    0.993862 
 2455490.87502   -12.9031043528                    1.094487 
 2455528.83512   -1.44504138765                   1.0865935 
 2455542.68101    -10.751758576                   0.9782082 
 2455544.67959    -8.8192327159                   1.1125125 
 2455732.04759   -5.24261046575                   1.0254213 
 2455752.12926   -1.33868997372                     0.94894 
   2455753.117    2.51035475851                   1.0454103 
 2455770.09577   -5.93101068362                   1.0394093 
 2456102.13296    -4.0952613937                   0.8981166 
  2456114.1019    -2.6197192149                   1.0387826 
  2456164.0945  -0.490421331069                   1.0740736 
 2456194.99355   -9.49422846139                   1.0765672 
  2456209.9689   -5.75748409114                   1.1670897 
 2456469.13169   -4.62474022752                   0.9747418 
 2456474.11508   -5.29601995818                   0.9526774 
 2456490.13745   -8.66400119736                   0.9679323 
 2456513.12857   -1.17622934287                   1.0380747 
 2456514.10235   -3.71652812486                    0.958603 
 2456519.05818   -1.07653098385                   0.9663087 
 2456522.10141     -5.568796404                    1.070874 
 2456529.83552   -1.77984261516                    1.142679 
 2456533.06011   -5.93295604077                   1.0493498 
 2456548.06346  -0.707918036649                   1.2104115 
 2456588.94328   -8.98380095993                   1.1722854 
 2456613.80136    -7.9395700088                   1.1016384 
 2456637.71795   0.749698492622                    1.072947 
 2456674.69258   -2.97090136348                   1.2428403 
 2456842.12382   -8.45460685092                   0.5447977 
  2456854.1355   -13.9591430414                   0.9289389 
 2456861.04049   -17.6770054981                    0.610593 
 2456882.10429    -7.1800570062                   0.8855492 
