time	mnvel	errvel	tel
2456508.122464	33.39	2.020427	HIRES-pre
2456842.131165	-5.6	1.909908	HIRES-pre
2456844.123482	86.93	2.167831	HIRES-pre
2456846.125756	-46.77	2.037936	HIRES-pre
2456846.126277	-40.9	1.836947	HIRES-pre
2456847.130257	21.16	1.914388	HIRES-pre
2456849.129849	57.4	2.017375	HIRES-pre
2456867.085178	64.7	1.672525	HIRES-pre
2456882.112002	-37.79	1.923908	HIRES-pre
2456907.065674	1.45	1.993794	HIRES-pre
2456908.896263	78.37	2.317532	HIRES-pre
2456911.039532	-41.72	2.309006	HIRES-pre
2457001.788407	87.24	2.533843	HIRES-pre
2457057.698008	-15.98	2.317656	HIRES-pre
2457058.699587	-41.8	2.272055	HIRES-pre
2457223.132129	93.03	1.979003	HIRES-pre
2457229.103732	-23.92	1.9	HIRES-pre
2457237.139373	54.67	1.895462	HIRES-pre
2457237.139905	51.41	2.064087	HIRES-pre
2457237.140472	55.39	1.898138	HIRES-pre
2457265.111967	17.96	2.177326	HIRES-pre
2457570.053019	-126.83	3.10549	HIRES-pre
2457580.136972	-178.9	1.716864	HIRES-pre
2457581.136346	-139.37	1.904215	HIRES-pre
2457587.125657	-52.72	2.164546	HIRES-pre
2457595.033743	-130.67	2.305715	HIRES-pre
2457595.034426	-136.05	2.323137	HIRES-pre
2457595.035167	-132.25	2.106786	HIRES-pre
2457712.981652	7.37	2.794193	HIRES-pre
2457712.98296	10.77	2.70573	HIRES-pre
2457712.983701	2.99	2.57527	HIRES-pre
2457789.701211	54.04	2.452954	HIRES-pre
2457802.732842	-27.68	2.336402	HIRES-pre
2457925.125833	139.42	2.309809	HIRES-pre
2457984.042281	165.98	1.97186	HIRES-pre
2457985.068476	124.94	1.879697	HIRES-pre
2457989.032441	152.79	1.953844	HIRES-pre
2458091.72309	-28.37	3.124121	HIRES-pre
2458306.13401	-12.43	1.907093	HIRES-pre
2458337.142142	-102.14	2.080933	HIRES-pre
2458338.142806	-70.35	1.782118	HIRES-pre
2458341.103613	-52.59	2.000658	HIRES-pre
2458341.146024	-62.01	1.795596	HIRES-pre
2458346.934506	-86.68	2.488148	HIRES-pre
2458385.991606	116.85	2.296645	HIRES-pre
2458394.031309	69.2	2.621427	HIRES-pre
2458395.989502	94.42	2.934802	HIRES-pre
2458414.914909	51.71	2.752498	HIRES-pre
2458426.967202	126.31	2.805062	HIRES-pre
2458743.916024	-104.83	2.691056	HIRES-pre
2458776.913739	-109.18	2.615074	HIRES-pre
2458794.749716	-164.99	2.595708	HIRES-pre
2458878.700672	-28.29	2.438994	HIRES-pre
2458879.699241	40.92	2.644636	HIRES-pre
2456506.007919	60.33	4.292484	Levy
2456515.917837	102.33	4.854252	Levy
2456516.945169	57.63	4.573137	Levy
2456517.837385	-31.12	4.556805	Levy
2456518.876071	-21.09	4.165224	Levy
2456525.857072	72.27	4.972682	Levy
2456526.866412	-10.69	4.668622	Levy
2456534.861767	92.81	4.626822	Levy
2456535.876403	6.53	4.855828	Levy
2456539.861682	62.88	4.924689	Levy
2456540.894163	-11.58	4.183057	Levy
2456542.034984	10.96	4.226214	Levy
2456543.030504	93.73	4.046061	Levy
2456548.02932	98.33	4.768285	Levy
2456548.960618	54.1	4.513125	Levy
2456562.821251	57.76	5.698029	Levy
2456562.879448	36.15	5.75646	Levy
2456562.93959	52.32	5.775186	Levy
2456562.999304	57.26	6.135578	Levy
2456563.027349	31.85	6.358193	Levy
2456563.732278	-16.94	6.511149	Levy
2456563.823671	-18.27	6.635167	Levy
2456563.871139	-14.39	6.481134	Levy
2456563.932438	-35.87	7.056797	Levy
2456564.00596	-32.56	6.600507	Levy
2456570.909351	70.47	6.236231	Levy
2456570.979469	93.12	5.618235	Levy
2456573.811074	-38.2	6.467327	Levy
2456573.857534	-55.07	6.005502	Levy
2456574.008928	-51.22	5.580598	Levy
2456574.032667	-45.39	6.348675	Levy
2456574.937037	16.64	6.629294	Levy
2456575.020789	32.61	6.14252	Levy
2456577.863548	-44.92	4.330569	Levy
2456577.864531	-39.62	4.599626	Levy
2456577.865481	-41.54	4.140325	Levy
2456577.957821	-47.18	4.705243	Levy
2456577.958782	-46.08	4.854308	Levy
2456577.959742	-51.55	4.922854	Levy
2456581.946404	5.25	4.282954	Levy
2456581.947457	4.21	4.409339	Levy
2456581.948499	11.27	4.703636	Levy
2456582.035422	-2.09	4.309991	Levy
2456582.03651	-3.55	4.480057	Levy
2456582.037609	-2.5	4.715509	Levy
2456582.870984	-51.84	4.689064	Levy
2456582.871921	-49.0	4.657278	Levy
2456582.87287	-36.95	4.159784	Levy
2456582.954839	-40.03	4.467114	Levy
2456582.955858	-48.9	4.820154	Levy
2456582.956865	-48.8	4.732987	Levy
2456583.052388	-50.73	4.978076	Levy
2456583.053453	-45.53	5.30798	Levy
2456583.054494	-30.4	5.34496	Levy
2456583.826778	10.23	4.401358	Levy
2456583.827808	-0.32	4.392749	Levy
2456583.82885	9.25	4.434421	Levy
2456583.930275	7.21	4.642992	Levy
2456583.931271	5.73	4.434798	Levy
2456583.932266	3.41	4.795867	Levy
2456584.028715	19.88	4.905478	Levy
2456584.02978	13.76	4.606146	Levy
2456584.030844	16.25	4.324033	Levy
2456588.863002	42.32	4.658457	Levy
2456588.863951	51.05	4.76992	Levy
2456588.864912	37.99	4.740198	Levy
2456588.905306	52.31	4.845763	Levy
2456588.906266	41.14	4.779209	Levy
2456588.907227	41.74	4.804443	Levy
2456588.961764	52.49	4.866954	Levy
2456588.96276	41.81	5.118505	Levy
2456588.963744	43.75	4.748851	Levy
2456589.833915	83.58	4.558363	Levy
2456589.834876	85.31	4.732691	Levy
2456589.835848	82.92	4.711717	Levy
2456589.924611	80.67	4.718864	Levy
2456589.925594	87.7	4.543519	Levy
2456589.926578	82.39	4.70674	Levy
2456590.012054	87.6	4.994739	Levy
2456590.014149	84.52	4.691577	Levy
2456590.015167	82.93	4.687368	Levy
2456590.834284	31.74	4.838304	Levy
2456590.835916	14.25	4.70755	Levy
2456590.83698	14.22	4.487472	Levy
2456590.942213	19.79	4.599365	Levy
2456590.943486	11.69	4.584984	Levy
2456590.944829	22.85	4.78512	Levy
2456591.80619	-44.37	4.830365	Levy
2456591.807231	-42.63	4.959147	Levy
2456591.808273	-47.88	4.666455	Levy
2456591.897324	-47.91	4.586912	Levy
2456591.898297	-49.37	4.612957	Levy
2456591.899269	-46.93	4.770436	Levy
2456591.986272	-54.34	4.351728	Levy
2456591.987302	-50.41	4.722312	Levy
2456591.988355	-48.78	5.086889	Levy
2456597.830767	5.62	4.916343	Levy
2456597.831959	3.6	4.41737	Levy
2456597.833116	-0.69	4.568647	Levy
2456598.021947	10.46	5.147377	Levy
2456598.023289	9.67	5.193401	Levy
2456598.02469	16.88	4.834347	Levy
2456606.826638	-32.65	4.379252	Levy
2456606.827819	-29.36	4.70949	Levy
2456606.829057	-24.09	4.259009	Levy
2456606.962643	-16.39	4.822952	Levy
2456606.964113	-22.94	4.818697	Levy
2456606.965386	-21.82	4.80435	Levy
2456607.870105	68.05	4.525459	Levy
2456607.871123	58.2	4.972189	Levy
2456607.872154	59.61	4.605669	Levy
2456607.999906	65.13	5.075883	Levy
2456608.00104	57.34	5.267786	Levy
2456608.002174	65.71	5.159166	Levy
2456610.863508	-78.0	4.516846	Levy
2456610.865094	-74.19	4.558085	Levy
2456610.866517	-72.18	4.789776	Levy
2456614.773969	-66.48	6.23381	Levy
2456614.777927	-69.35	5.941886	Levy
2456614.782001	-77.08	6.093255	Levy
2456619.769856	-94.61	4.454534	Levy
2456619.772055	-90.52	4.578518	Levy
2456619.773652	-87.49	4.663152	Levy
2456622.75462	26.3	4.530962	Levy
2456622.755638	19.36	4.788278	Levy
2456622.756657	30.85	4.720217	Levy
2456622.998013	-4.8	5.100766	Levy
2456623.001752	5.53	5.756696	Levy
2456623.00549	7.53	4.81439	Levy
2456626.701702	37.91	4.639764	Levy
2456626.702732	45.4	4.716584	Levy
2456626.703762	47.03	4.580526	Levy
2456626.944122	41.91	4.799007	Levy
2456626.945245	42.18	4.885166	Levy
2456626.946367	42.5	4.891547	Levy
2456628.965592	-106.2	4.927222	Levy
2456628.967861	-96.19	4.738761	Levy
2456628.970199	-103.02	4.826339	Levy
2456631.669211	27.64	4.543217	Levy
2456631.671815	29.38	4.985652	Levy
2456631.674442	25.73	4.541832	Levy
2456631.869675	17.01	6.134406	Levy
2456631.870578	-8.87	6.452589	Levy
2456631.87155	-2.45	5.759724	Levy
2456632.895097	-56.84	4.840017	Levy
2456632.896254	-52.51	4.611051	Levy
2456632.897481	-51.49	4.403323	Levy
2456647.686017	-91.56	5.338283	Levy
2456647.687163	-90.15	5.191096	Levy
2456647.68832	-95.94	4.786059	Levy
2456647.877393	-85.74	5.164931	Levy
2456647.879152	-84.48	5.269603	Levy
2456647.880923	-88.09	5.256536	Levy
2456648.9257	1.88	4.933389	Levy
2456648.927714	5.86	5.06468	Levy
2456648.930422	11.3	5.023017	Levy
2456662.68187	5.35	4.574631	Levy
2456662.682854	7.62	4.92949	Levy
2456662.68378	19.77	4.755395	Levy
2456662.809024	25.68	5.22435	Levy
2456662.810031	17.65	4.945802	Levy
2456662.811061	19.38	4.945176	Levy
2456662.830365	15.25	4.566	Levy
2456662.831638	25.88	4.673263	Levy
2456662.8329	23.89	5.08367	Levy
2456663.856069	78.95	5.004264	Levy
2456663.857504	74.32	4.766087	Levy
2456663.859032	67.12	4.959585	Levy
2456674.741831	-24.02	4.771263	Levy
2456674.742953	-18.68	4.787193	Levy
2456674.744087	-31.43	4.714918	Levy
2456675.693184	-24.63	4.386131	Levy
2456675.694248	-17.92	4.874115	Levy
2456675.695325	-17.79	4.823978	Levy
2456675.782678	-13.17	4.608254	Levy
2456675.783743	-12.2	4.70355	Levy
2456675.784819	-8.15	4.694059	Levy
2456689.674918	22.63	4.804461	Levy
2456689.676122	26.55	4.642503	Levy
2456689.677395	28.56	4.996193	Levy
2456689.776935	30.04	5.335411	Levy
2456689.7783	25.06	5.317721	Levy
2456689.779701	21.89	5.360763	Levy
2456705.69179	145.94	5.450587	Levy
2456705.692843	138.75	5.599797	Levy
2456705.693839	142.42	5.154317	Levy
2456724.648112	117.1	5.927492	Levy
2456724.649142	117.12	5.905026	Levy
2456724.650183	121.02	5.469513	Levy
2456817.976362	-39.92	6.52347	Levy
2456817.977809	-32.04	6.685373	Levy
2456817.979198	-33.04	6.421027	Levy
2456822.97079	-49.93	4.588337	Levy
2456822.972932	-53.42	4.703391	Levy
2456822.974865	-44.1	4.679056	Levy
2456826.956823	7.36	4.930691	Levy
2456826.957935	-19.27	5.040714	Levy
2456826.959011	-22.49	4.911037	Levy
2456839.974116	64.7	5.330864	Levy
2456839.975667	52.44	5.192467	Levy
2456839.97716	51.94	5.27533	Levy
2456854.979353	-72.31	6.122457	Levy
2456865.881603	21.37	6.471771	Levy
2456865.882587	13.62	6.073858	Levy
2456865.883501	25.29	6.881018	Levy
2456865.894347	-2.27	5.169552	Levy
2456865.896743	11.33	5.28259	Levy
2456865.898965	2.16	5.085101	Levy
2456870.891209	39.52	4.324427	Levy
2456870.893004	29.02	4.719411	Levy
2456870.894913	35.2	4.879947	Levy
2456892.941975	-63.81	5.054739	Levy
2456892.942913	-59.58	4.961665	Levy
2456892.943827	-63.56	4.834584	Levy
2456905.990969	-60.47	5.137445	Levy
2456905.991964	-76.99	4.568061	Levy
2456905.992914	-57.94	5.001024	Levy
2456908.990564	50.35	4.821181	Levy
2456908.991513	47.54	4.268961	Levy
2456908.992474	52.38	4.795566	Levy
2456935.909584	106.38	6.076626	Levy
2456935.910626	119.63	6.060534	Levy
2456935.911668	120.43	6.117989	Levy
2456937.871241	-5.84	5.524912	Levy
2456937.872283	-13.11	5.802928	Levy
2456937.873279	-10.88	5.666453	Levy
2456949.81722	145.47	5.551868	Levy
2456949.818204	142.39	5.660489	Levy
2456949.819165	148.31	5.577883	Levy
2456970.804816	5.32	5.880022	Levy
2456970.805823	12.88	5.216512	Levy
2456970.80683	15.13	6.115315	Levy
2457028.712178	102.86	5.983865	Levy
2457028.713381	104.34	5.516722	Levy
2457028.714539	98.2	5.913294	Levy
2457181.962555	-1.08	7.604852	Levy
2457181.963504	1.58	7.129449	Levy
2457181.9645	7.38	7.421169	Levy
2457189.960432	84.87	6.000691	Levy
2457189.961451	84.87	6.120674	Levy
2457189.962493	72.93	5.858706	Levy
2457196.947818	-14.38	4.910205	Levy
2457196.948652	-15.06	5.108976	Levy
2457196.949474	-14.95	4.787269	Levy
2457208.879207	94.81	5.524877	Levy
2457208.881082	94.16	5.619724	Levy
2457208.882934	97.03	5.679691	Levy
2457211.888076	22.93	6.111874	Levy
2457211.889037	17.35	6.60608	Levy
2457211.889997	20.95	6.068891	Levy
2457218.941306	33.23	4.864856	Levy
2457218.942128	34.33	4.813222	Levy
2457218.94295	32.39	4.432386	Levy
2457226.843552	100.45	5.89756	Levy
2457227.81294	46.73	5.650271	Levy
2457227.813912	37.62	5.632486	Levy
2457227.814896	40.69	5.61928	Levy
2457229.852697	-37.71	5.811912	Levy
2457229.8536	-33.11	5.427861	Levy
2457229.854526	-39.84	5.337972	Levy
2457232.838669	11.34	5.501056	Levy
2457232.839607	1.63	5.230027	Levy
2457232.840579	9.61	5.694155	Levy
2457233.890379	-59.57	5.953752	Levy
2457233.891271	-49.03	5.89644	Levy
2457233.892139	-55.15	5.780057	Levy
2457235.833833	76.12	6.34216	Levy
2457235.834736	77.44	6.142292	Levy
2457235.835638	74.72	6.36446	Levy
2457238.807027	-38.21	5.769857	Levy
2457238.807918	-46.4	5.772778	Levy
2457238.808844	-48.11	5.667086	Levy
2457250.026853	66.83	4.943899	Levy
2457250.027733	65.68	5.35148	Levy
2457261.025659	-56.33	5.436814	Levy
2457261.026469	-37.46	5.608682	Levy
2457261.027325	-30.69	5.766904	Levy
2457263.032978	43.98	6.451316	Levy
2457263.033846	39.83	6.425478	Levy
2457263.034703	50.72	5.984779	Levy
2457274.931177	-61.7	4.331594	Levy
2457274.932022	-62.68	4.603841	Levy
2457274.932855	-66.83	4.757923	Levy
2457286.921789	27.98	6.277196	Levy
2457286.922657	38.8	6.500747	Levy
2457286.923513	20.44	6.508873	Levy
2457305.831562	15.2	5.715352	Levy
2457305.832407	3.96	5.459736	Levy
2457305.833252	0.37	5.398415	Levy
2457308.838826	-65.59	6.007389	Levy
2457308.839636	-62.21	5.529589	Levy
2457308.840458	-69.12	5.273586	Levy
2457318.830333	-5.6	5.027127	Levy
2457318.831155	-6.98	4.93481	Levy
2457318.832	-10.89	4.978282	Levy
2457321.76644	-137.78	4.868445	Levy
2457321.767296	-131.59	4.92575	Levy
2457321.768153	-129.3	5.947683	Levy
2457325.789655	-126.58	5.41894	Levy
2457325.790523	-136.67	5.320694	Levy
2457325.791414	-131.04	5.406463	Levy
2457558.992489	-37.92	4.958192	Levy
2457560.989241	-144.69	5.311296	Levy
2457563.962233	-26.15	4.901968	Levy
2457566.929399	-125.2	7.479221	Levy
2457566.930232	-130.87	7.218248	Levy
2457566.931066	-120.41	7.077774	Levy
2457576.903948	-113.66	7.577858	Levy
2457576.904805	-112.74	7.804484	Levy
2457576.905627	-97.43	7.225647	Levy
2457587.859631	-92.84	6.847797	Levy
2457587.860441	-90.44	6.652337	Levy
2457587.861216	-104.16	6.749396	Levy
2457588.8954	-208.37	6.051852	Levy
2457588.896141	-179.88	6.185348	Levy
2457588.896882	-191.94	5.696468	Levy
2457591.858613	-71.77	5.924503	Levy
2457591.859376	-57.65	6.49591	Levy
2457591.860152	-70.8	6.22371	Levy
2457593.877071	-220.91	5.891326	Levy
2457593.877869	-219.17	6.198846	Levy
2457593.878668	-225.28	6.593005	Levy
2457599.844085	-131.8	7.414772	Levy
2457599.84486	-140.53	7.0725	Levy
2457599.845636	-153.32	6.71474	Levy
2457608.021439	-212.75	5.773148	Levy
2457608.022203	-220.08	5.313364	Levy
2457614.983726	-91.73	6.287245	Levy
2457614.98449	-72.84	6.525835	Levy
2457614.985266	-86.7	6.390877	Levy
2457621.960351	-193.07	6.756393	Levy
2457621.961103	-184.67	7.084421	Levy
2457621.961867	-188.69	6.749993	Levy
2457648.897724	-143.95	6.525101	Levy
2457648.898522	-149.32	6.500873	Levy
2457648.899333	-153.94	6.72282	Levy
2457650.015428	-155.17	7.205715	Levy
2457650.016273	-149.5	7.245113	Levy
2457650.017118	-144.1	7.033418	Levy
2457668.852068	-64.57	6.141867	Levy
2457668.852808	-53.15	5.486873	Levy
2457668.853468	-59.64	6.259354	Levy
2457669.894522	28.05	5.928682	Levy
2457669.89517	31.17	6.289826	Levy
2457669.895749	32.83	6.58169	Levy
2457670.813463	0.04	6.146575	Levy
2457670.814169	-0.77	6.356472	Levy
2457670.814876	0.77	5.955856	Levy
2457683.07363	-14.89	5.442419	Levy
2457684.883386	9.26	6.208717	Levy
2457684.884092	16.63	6.184364	Levy
2457684.884798	10.32	5.705529	Levy
2457687.772753	12.48	6.378586	Levy
2457687.773459	9.64	6.566724	Levy
2457687.774154	-8.92	6.550112	Levy
2457694.709154	-54.04	6.346021	Levy
2457694.709942	-60.03	5.727305	Levy
2457694.710694	-49.96	5.935563	Levy
2457696.803577	-1.24	5.957812	Levy
2457696.804294	-2.84	5.358659	Levy
2457696.805023	-3.23	5.522909	Levy
2457698.793005	-5.09	5.742734	Levy
2457698.793734	-15.02	5.612113	Levy
2457698.794463	-4.35	6.14042	Levy
2457700.763353	-56.98	7.294036	Levy
2457700.764198	-68.81	7.460213	Levy
2457700.765043	-66.5	7.199126	Levy
2457701.800504	3.0	6.503212	Levy
2457701.801152	21.98	6.845355	Levy
2457701.8018	14.4	6.627835	Levy
2457702.743835	42.28	6.35299	Levy
2457702.744494	37.37	6.315152	Levy
2457702.745154	42.85	6.033935	Levy
2457705.579953	-64.06	6.179841	Levy
2457705.580717	-57.88	6.304266	Levy
2457705.581516	-63.94	6.280636	Levy
2457707.657073	30.27	5.669209	Levy
2457707.657733	37.04	6.174518	Levy
2457707.658381	37.54	5.9515	Levy
2457711.587261	52.24	6.786738	Levy
2457711.587909	46.57	6.688416	Levy
2457711.588557	60.81	7.05929	Levy
2457711.6594	50.54	5.814295	Levy
2457711.660141	57.59	5.874909	Levy
2457711.660916	36.36	6.456249	Levy
2457722.683533	-75.99	5.594372	Levy
2457722.684285	-60.45	5.563723	Levy
2457722.685026	-73.26	5.662436	Levy
2457724.572741	-20.99	7.723405	Levy
2457724.573424	-28.63	9.047754	Levy
2457724.57413	10.21	8.802293	Levy
2457727.642012	-106.93	7.228632	Levy
2457727.642684	-76.8	8.086363	Levy
2457727.643366	-80.66	8.079422	Levy
2457743.709171	39.92	6.476294	Levy
2457743.709911	43.6	5.968924	Levy
2457743.710652	34.21	5.727728	Levy
2457745.652114	-31.63	6.748078	Levy
2457745.673733	-37.13	5.756181	Levy
2457745.67445	-32.92	5.48894	Levy
2457745.675168	-51.1	5.263279	Levy
2457749.694888	-4.74	6.41666	Levy
2457749.69564	-9.76	6.105442	Levy
2457749.696381	4.0	6.183077	Levy
2457751.656384	-69.05	5.355069	Levy
2457751.65709	-71.17	5.352698	Levy
2457751.657796	-69.61	5.778528	Levy
2457753.692084	46.15	5.874679	Levy
2457753.692871	51.6	6.192657	Levy
2457753.693647	49.72	5.802122	Levy
2457783.663929	-66.23	7.485857	Levy
2457783.664623	-78.84	8.002588	Levy
2457783.665306	-74.58	7.883186	Levy
2457798.675635	-0.8	6.889105	Levy
2457798.678991	3.99	5.364008	Levy
2457798.681456	1.64	4.679333	Levy
2457829.664784	-132.69	7.977948	Levy
2457829.665444	-93.77	7.806216	Levy
2457829.666104	-114.29	8.131309	Levy
2457845.629717	30.03	9.203367	Levy
2457845.630411	19.35	10.897985	Levy
2457903.96165	15.16	7.49648	Levy
2457903.96261	17.21	8.479056	Levy
2457903.96356	23.79	7.863497	Levy
2457917.955732	24.27	6.073203	Levy
2457917.956473	29.02	6.474074	Levy
2457917.957202	37.12	6.318868	Levy
2457919.98237	127.36	6.343642	Levy
2457919.983134	126.3	6.154767	Levy
2457919.983921	144.79	6.3972	Levy
2457921.947237	14.95	5.751399	Levy
2457921.948013	10.67	5.803757	Levy
2457921.948765	26.55	5.616184	Levy
2457930.923534	28.33	5.561645	Levy
2457930.924286	29.17	5.596136	Levy
2457930.925062	25.37	5.51593	Levy
2457933.899952	154.17	6.004249	Levy
2457933.900716	142.75	5.253403	Levy
2457933.901503	155.19	5.662985	Levy
2457937.875642	173.18	6.66017	Levy
2457937.876395	160.76	6.312752	Levy
2457937.877159	168.97	7.126969	Levy
2457940.900516	46.03	7.341406	Levy
2457940.901338	50.24	7.160585	Levy
2457940.90216	51.23	6.72329	Levy
2457950.875011	118.2	8.569791	Levy
2457950.875671	125.07	8.483591	Levy
2457950.876331	86.97	8.97657	Levy
2457959.9029	82.82	5.908161	Levy
2457959.90363	81.3	5.994842	Levy
2457959.904359	89.55	6.758611	Levy
2457961.848761	124.36	6.153532	Levy
2457961.849525	126.45	7.260795	Levy
2457961.850289	126.24	6.722918	Levy
2457962.844158	33.81	6.386775	Levy
2457962.844911	35.04	6.231948	Levy
2457962.845663	42.31	6.441377	Levy
2457964.81251	112.77	7.030413	Levy
2457964.817961	107.78	6.773609	Levy
2457964.824224	111.77	6.540575	Levy
2457964.825358	111.67	6.563224	Levy
2457964.826481	105.39	7.016053	Levy
2457964.827754	104.76	6.430631	Levy
2457964.828981	120.74	6.677185	Levy
2457966.878589	76.44	6.363942	Levy
2457966.879318	83.96	7.006436	Levy
2457966.880036	81.98	7.123841	Levy
2457981.984566	-5.57	5.733919	Levy
2457981.985272	10.73	5.227541	Levy
2457981.985989	4.61	5.446702	Levy
2457991.810159	56.02	7.883986	Levy
2457991.81083	44.45	8.992697	Levy
2457991.81149	20.51	8.038339	Levy
2457992.863539	140.18	8.175434	Levy
2457992.864222	119.78	8.055854	Levy
2457992.86487	140.37	7.92851	Levy
2457997.020949	79.85	5.367296	Levy
2457997.021713	69.67	5.761317	Levy
2457997.022477	84.39	5.652012	Levy
2457997.958623	150.91	6.062353	Levy
2457997.959352	162.79	6.039102	Levy
2457997.960081	156.48	5.640032	Levy
2458011.82403	103.15	6.902462	Levy
2458011.824702	99.37	6.973022	Levy
2458011.825362	109.58	6.97819	Levy
2458027.779809	-28.26	7.56822	Levy
2458027.780457	-42.25	7.671284	Levy
2458027.781117	-37.85	8.544791	Levy
2458032.849477	-37.31	6.579682	Levy
2458032.850287	-36.96	5.7835	Levy
2458032.851074	-43.33	6.213377	Levy
2458039.741985	83.1	7.231528	Levy
2458039.742656	101.88	7.388641	Levy
2458039.743328	120.2	8.147244	Levy
2458039.792276	107.72	6.763784	Levy
2458039.792935	110.26	6.721859	Levy
2458039.793584	86.96	7.569446	Levy
2458041.913197	-20.58	6.400832	Levy
2458041.913995	-35.53	5.798057	Levy
2458041.914748	-15.59	6.356893	Levy
2458042.923787	2.57	5.657013	Levy
2458042.924528	4.01	5.808501	Levy
2458042.925268	17.5	6.040735	Levy
2458045.918858	-18.57	6.093034	Levy
2458045.919575	-26.27	6.463513	Levy
2458045.920293	-39.48	6.3314	Levy
2458051.704051	-26.36	7.207867	Levy
2458051.704699	-27.28	6.934467	Levy
2458051.705335	-33.13	7.189607	Levy
2458054.076487	64.08	6.856539	Levy
2458054.077343	57.0	6.510829	Levy
2458054.0782	63.61	6.1174	Levy
2458078.640066	-98.45	8.029859	Levy
2458078.64238	-97.05	7.904519	Levy
2458078.644012	-95.66	7.597828	Levy
2458086.575791	4.64	6.831799	Levy
2458086.576717	8.49	6.622274	Levy
2458086.577562	-4.1	6.53231	Levy
2458087.574498	-79.16	5.742217	Levy
2458087.575262	-79.5	5.743535	Levy
2458087.576026	-78.54	6.088894	Levy
2458088.625794	-69.96	7.431924	Levy
2458088.626442	-72.09	7.953171	Levy
2458088.62709	-57.95	6.74807	Levy
2458093.628387	-43.52	6.718991	Levy
2458093.629035	-51.28	7.544445	Levy
2458093.629695	-48.0	7.899284	Levy
2458094.633578	40.52	6.851208	Levy
2458094.634226	24.1	7.044797	Levy
2458094.634874	25.93	6.83918	Levy
2458115.661235	-73.68	6.975594	Levy
2458115.661895	-56.67	7.307032	Levy
2458115.66399	-78.69	6.670732	Levy
2458131.663467	112.96	7.982969	Levy
2458131.66415	100.07	8.009746	Levy
2458131.664809	111.16	7.352392	Levy
2458150.713192	138.37	7.581175	Levy
2458150.714199	137.84	6.790467	Levy
2458150.715275	127.83	7.042579	Levy
2458155.683173	111.1	7.29053	Levy
2458155.683844	108.78	7.606432	Levy
2458155.684516	106.89	7.078765	Levy
2458165.60973	42.24	8.189766	Levy
2458165.610412	56.01	7.648605	Levy
2458165.61106	55.2	7.017374	Levy
2458166.608593	6.17	6.334836	Levy
2458166.609415	-13.51	5.742323	Levy
2458166.610202	-12.83	6.11688	Levy
2458166.640581	6.66	7.326905	Levy
2458166.641275	-13.51	8.076122	Levy
2458166.641958	-2.52	8.044914	Levy
2458175.719815	-14.1	9.316178	Levy
2458175.721551	5.35	7.903171	Levy
2458175.722917	4.68	6.643298	Levy
2458205.630789	132.37	7.473096	Levy
2458205.6319	138.45	7.405313	Levy
2458205.632988	139.65	7.339602	Levy
2458283.947593	37.36	7.167322	Levy
2458283.948369	44.96	6.775079	Levy
2458283.949156	29.4	6.34161	Levy
2458285.912747	-60.86	5.974407	Levy
2458285.913534	-58.24	5.979203	Levy
2458285.91431	-57.27	5.853941	Levy
2458291.899916	-48.21	5.916752	Levy
2458291.900692	-57.87	5.974053	Levy
2458291.901479	-46.91	5.481464	Levy
2458294.946583	-32.48	5.756625	Levy
2458294.947347	-30.21	6.13348	Levy
2458294.9481	-35.2	6.060207	Levy
2458299.942938	-54.44	5.954478	Levy
2458299.943702	-69.22	5.721212	Levy
2458299.944454	-63.15	6.292348	Levy
2458308.884504	-67.88	8.139051	Levy
2458308.885372	-49.92	7.987635	Levy
2458308.886229	-44.96	8.342753	Levy
2458318.825537	-97.62	7.492182	Levy
2458318.826336	-120.98	7.169429	Levy
2458318.827123	-120.67	6.822408	Levy
2458320.83456	29.59	8.741899	Levy
2458320.835382	19.37	8.723735	Levy
2458320.836192	20.37	8.532761	Levy
2458321.827132	-1.97	8.164627	Levy
2458321.827942	6.91	7.92254	Levy
2458321.828752	4.56	8.580427	Levy
2458323.868763	-102.44	6.67372	Levy
2458323.869515	-102.72	6.953778	Levy
2458323.870268	-99.97	7.824036	Levy
2458326.775943	-55.08	8.234685	Levy
2458326.776997	-51.15	7.576565	Levy
2458326.778235	-41.21	8.54691	Levy
2458326.884575	-45.04	6.51234	Levy
2458326.885351	-35.09	7.14217	Levy
2458326.886138	-36.23	6.995336	Levy
2458329.88254	-3.11	6.401261	Levy
2458329.883292	-3.35	7.164865	Levy
2458329.884056	-26.67	6.259078	Levy
2458330.894779	-1.42	6.799235	Levy
2458330.895543	6.69	6.223595	Levy
2458330.896307	-10.32	6.31856	Levy
2458332.771942	-120.47	8.101687	Levy
2458332.771942	-120.47	8.101687	Levy
2458332.772764	-125.61	7.482666	Levy
2458332.772764	-125.61	7.482666	Levy
2458332.773609	-146.5	7.782657	Levy
2458332.773609	-146.5	7.782657	Levy
2458356.980546	-8.61	5.389706	Levy
2458356.981217	-29.19	5.740267	Levy
2458356.981877	-25.59	6.034984	Levy
2458369.986823	-57.01	4.924374	Levy
2458369.987564	-64.46	4.739127	Levy
2458369.988305	-72.79	4.970579	Levy
2458379.921631	7.38	6.048242	Levy
2458379.922314	1.83	5.724764	Levy
2458379.922986	3.14	5.82104	Levy
2458385.975332	76.75	6.895566	Levy
2458385.976038	84.32	7.304896	Levy
2458385.976756	78.87	6.430578	Levy
2458387.853888	-60.23	7.95131	Levy
2458387.854686	-42.64	8.145822	Levy
2458387.85545	-48.44	7.580867	Levy
2458389.98752	77.45	7.182668	Levy
2458389.98818	77.74	7.0955	Levy
2458389.988839	67.32	6.987292	Levy
2458390.959278	71.16	7.860618	Levy
2458390.960018	77.92	6.31173	Levy
2458390.960771	75.38	6.624879	Levy
2458398.835198	55.98	8.030767	Levy
2458398.83588	55.15	7.68018	Levy
2458398.836563	68.24	8.144778	Levy
2458398.893325	57.26	7.050452	Levy
2458398.894007	46.25	7.828508	Levy
2458398.894679	50.02	7.752549	Levy
2458400.872338	50.03	6.828473	Levy
2458400.873009	24.66	6.384294	Levy
2458400.873692	30.24	6.187212	Levy
2458405.87989	11.97	5.945054	Levy
2458405.880596	10.29	6.232101	Levy
2458405.88129	-0.78	6.121639	Levy
2458410.91883	-22.93	5.968544	Levy
2458410.919548	-38.79	5.885631	Levy
2458410.920254	-30.23	5.395812	Levy
2458414.822199	29.88	5.598271	Levy
2458414.82294	47.55	5.453451	Levy
2458414.823658	25.46	6.21887	Levy
2458418.886357	69.97	6.675044	Levy
2458418.887086	72.58	6.458193	Levy
2458418.887815	63.94	6.806296	Levy
2458419.888214	-3.72	5.459822	Levy
2458419.889383	-6.98	6.737657	Levy
2458419.890622	-5.74	6.189633	Levy
2458470.672337	-36.29	8.454882	Levy
2458470.67611	-48.0	6.836697	Levy
2458475.678919	-62.18	5.545642	Levy
2458475.681129	-75.61	5.001251	Levy
2458475.683317	-69.13	5.333305	Levy
2458480.665259	-64.93	6.708332	Levy
2458480.66622	-70.13	6.519895	Levy
2458480.66718	-66.06	6.397783	Levy
2458488.646977	13.26	7.812	Levy
2458488.647659	-16.64	7.204607	Levy
2458488.648331	1.0	7.45864	Levy
2458667.962566	57.97	5.82281	Levy
2458667.963469	56.78	6.546868	Levy
2458667.964395	59.91	6.787732	Levy
2458669.969398	-58.67	5.654673	Levy
2458669.970243	-64.17	5.051456	Levy
2458669.971076	-69.83	4.946066	Levy
2458669.971898	-63.2	6.017	Levy
2458676.865498	57.76	6.212862	Levy
2458676.866401	59.85	6.600503	Levy
2458676.867304	61.75	6.530438	Levy
2458677.93268	3.45	5.820577	Levy
2458677.933536	1.26	5.798366	Levy
2458677.934393	2.47	5.549222	Levy
2458677.935226	-1.75	5.27803	Levy
2458681.928402	25.52	5.558816	Levy
2458681.929316	22.7	5.4158	Levy
2458681.930242	42.38	5.983327	Levy
2458681.93118	35.34	5.396996	Levy
2458686.927616	2.0	5.906203	Levy
2458686.928484	8.4	6.334558	Levy
2458686.929329	2.64	5.877	Levy
2458688.976308	-54.54	5.707202	Levy
2458688.977165	-66.13	5.58998	Levy
2458688.978044	-41.04	6.146196	Levy
2458688.978924	-39.61	5.552688	Levy
2458690.903648	47.15	6.704022	Levy
2458690.904528	60.78	6.350373	Levy
2458690.905384	63.8	6.747595	Levy
2458690.906252	57.89	6.383339	Levy
2458695.888646	6.99	5.292128	Levy
2458695.889514	20.76	4.989566	Levy
2458695.89037	20.03	5.392129	Levy
2458695.891227	21.18	5.237151	Levy
2458715.978925	-117.45	5.217246	Levy
2458715.979666	-117.22	4.98709	Levy
2458715.980407	-124.26	5.732425	Levy
2458715.981148	-109.95	5.678943	Levy
2447046.9223	129.43	14.590355	Hamilton
2447093.7593	-14.79	16.701042	Hamilton
2447094.7567	12.34	18.062899	Hamilton
2447094.7717	-18.07	23.49251	Hamilton
2447149.7714	-134.22	17.718754	Hamilton
2447149.7863	-100.03	19.5042	Hamilton
2447193.6243	9.22	18.713259	Hamilton
2447193.6287	-18.75	19.1262	Hamilton
2447193.6345	-21.75	18.291325	Hamilton
2448845.9648	63.86	16.701296	Hamilton
2448855.9268	107.17	15.445956	Hamilton
2448855.9424	119.88	16.533104	Hamilton
2448891.9268	-20.49	12.605981	Hamilton
2448891.9484	11.6	15.941218	Hamilton
2448907.8364	14.13	15.190927	Hamilton
2448907.84	-1.88	14.463066	Hamilton
2448933.8173	10.09	13.345252	Hamilton
2448933.8391	25.25	13.104821	Hamilton
2448935.8386	0.52	14.617628	Hamilton
2448935.8602	0.41	16.901628	Hamilton
2449255.8549	3.09	14.341548	Hamilton
2449298.796	86.38	14.319929	Hamilton
2449298.8106	107.03	14.296761	Hamilton
2449350.7043	72.5	22.983892	Hamilton
2449350.7061	85.04	24.56997	Hamilton
2449350.7074	40.64	22.924885	Hamilton
2449588.9883	-20.75	12.800612	Hamilton
2449588.9982	-11.62	15.166221	Hamilton
2449602.9621	-48.51	15.739408	Hamilton
2449622.9279	7.04	16.127956	Hamilton
2449680.7506	-118.67	9.584485	Hamilton
2449680.706055	-225.99	19.442509	Hamilton
2449680.756836	-121.64	9.428782	Hamilton
2449942.007812	23.53	8.950524	Hamilton
2449969.96875	-9.18	8.963557	Hamilton
2449969.991211	-25.81	9.17951	Hamilton
2449984.842773	-45.39	9.688908	Hamilton
2449984.864258	-53.5	9.818755	Hamilton
2450032.728516	37.64	12.156723	Hamilton
2450032.750977	30.01	10.505754	Hamilton
2450056.839844	54.65	9.147114	Hamilton
2450056.844727	51.0	8.615687	Hamilton
2450068.573242	-47.6	10.418944	Hamilton
2450068.59668	-61.05	9.861147	Hamilton
2450068.762695	-58.21	9.935044	Hamilton
2450068.786133	-56.44	10.673689	Hamilton
2450069.598633	7.54	11.476276	Hamilton
2450072.602539	-86.09	10.105816	Hamilton
2450072.723633	-86.06	9.419545	Hamilton
2450073.652344	-57.47	9.023259	Hamilton
2450080.780273	-13.68	11.253722	Hamilton
2450086.738281	-88.31	9.399559	Hamilton
2450087.688477	-17.71	9.793122	Hamilton
2450088.740234	57.14	9.723785	Hamilton
2450089.709961	9.55	9.779777	Hamilton
2450090.635742	-50.46	10.12072	Hamilton
2450090.646484	-71.72	9.677267	Hamilton
2450090.652344	-60.07	8.920342	Hamilton
2450091.663086	-78.65	10.276253	Hamilton
2450299.007812	11.53	10.450578	Hamilton
2450325.849609	13.41	9.400592	Hamilton
2450326.914062	-27.09	9.127265	Hamilton
2450327.917969	37.37	8.584942	Hamilton
2450421.566406	142.66	10.293946	Hamilton
2450421.570312	151.41	9.219061	Hamilton
2450421.753906	135.31	10.388526	Hamilton
2450421.757812	143.51	9.543231	Hamilton
2450437.68457	38.27	10.292739	Hamilton
2450437.686523	45.63	9.355915	Hamilton
2450437.870117	49.29	10.327063	Hamilton
2450441.768555	30.98	9.648562	Hamilton
2450441.774414	53.3	10.53387	Hamilton
2450640.982422	-56.35	9.582133	Hamilton
2450655.995117	57.4	9.001143	Hamilton
2450656.945312	100.71	9.830414	Hamilton
2450681.981445	8.8	9.375403	Hamilton
2450767.727539	100.52	11.099834	Hamilton
2450793.71582	-36.96	9.632544	Hamilton
2450977.996094	-66.4	11.242046	Hamilton
2450979.992188	68.24	9.731936	Hamilton
2451014.980469	-114.22	8.196493	Hamilton
2451025.970703	2.38	8.223897	Hamilton
2451026.954102	-25.23	8.04853	Hamilton
2451028.006836	-124.67	8.835349	Hamilton
2451045.019531	-22.42	9.157201	Hamilton
2451046.006836	-114.33	9.201202	Hamilton
2451046.985352	-170.05	8.708853	Hamilton
2451047.957031	-101.99	8.953641	Hamilton
2451048.921875	-27.54	8.3163	Hamilton
2451048.9375	-24.86	8.314331	Hamilton
2451049.90918	-37.79	7.749215	Hamilton
2451049.923828	-39.58	7.963235	Hamilton
2451074.914062	-163.99	7.7797	Hamilton
2451100.904297	-97.23	10.503003	Hamilton
2451101.87793	-172.78	9.93509	Hamilton
2451130.855469	-112.7	10.506296	Hamilton
2451131.798828	-14.68	9.946566	Hamilton
2451132.72168	12.36	11.121566	Hamilton
2451133.84082	-92.73	12.106431	Hamilton
2451154.725586	3.27	10.175613	Hamilton
2451174.669922	-8.72	10.450461	Hamilton
2451175.607422	-72.42	10.048059	Hamilton
2451206.643555	33.81	11.704407	Hamilton
2451206.646484	36.7	11.321348	Hamilton
2451212.673828	-99.88	11.526858	Hamilton
2451213.666016	-98.25	10.936891	Hamilton
2451239.626953	-41.22	10.265155	Hamilton
2451239.643555	-58.7	11.092344	Hamilton
2451240.638672	-120.82	11.390844	Hamilton
2451240.654297	-116.99	11.222906	Hamilton
2451242.632812	-9.85	11.023803	Hamilton
2451242.637695	-0.86	10.865747	Hamilton
2451351.983398	-126.75	9.345803	Hamilton
2451353.962891	-15.57	11.04881	Hamilton
2451354.952148	-74.43	9.744152	Hamilton
2451362.975586	13.37	8.406844	Hamilton
2451362.982422	1.76	8.098945	Hamilton
2451363.989258	-22.61	7.759685	Hamilton
2451364.975586	-95.76	8.522907	Hamilton
2451375.97168	-3.54	9.124943	Hamilton
2451376.995117	48.59	8.713252	Hamilton
2451377.936523	30.87	9.02133	Hamilton
2451377.952148	30.06	8.555335	Hamilton
2451377.96582	24.65	9.494744	Hamilton
2451378.956055	-48.62	8.650708	Hamilton
2451378.97168	-52.84	9.251254	Hamilton
2451378.987305	-47.64	8.444486	Hamilton
2451379.960938	-52.65	9.498683	Hamilton
2451379.976562	-56.05	9.027248	Hamilton
2451379.990234	-48.64	10.053214	Hamilton
2451380.962891	46.96	8.50439	Hamilton
2451386.976562	58.85	9.754655	Hamilton
2451386.990234	57.74	9.062228	Hamilton
2451387.970567	-28.51	9.127819	Hamilton
2451387.985162	-20.94	8.820099	Hamilton
2451387.999352	-16.05	9.757593	Hamilton
2451388.974609	-41.45	8.800671	Hamilton
2451388.991211	-38.46	8.907048	Hamilton
2451389.979492	53.33	9.045092	Hamilton
2451389.995117	43.11	9.480432	Hamilton
2451392.0	34.67	9.309268	Hamilton
2451392.977539	-37.26	10.075389	Hamilton
2451392.992188	-42.69	9.418268	Hamilton
2451393.004883	-69.75	11.006368	Hamilton
2451401.935547	7.45	9.609082	Hamilton
2451402.876953	-5.51	9.615556	Hamilton
2451402.892578	-10.41	9.731571	Hamilton
2451403.913086	84.72	8.875003	Hamilton
2451403.928711	74.0	8.764203	Hamilton
2451405.976562	48.71	8.968622	Hamilton
2451406.992188	-15.33	7.883053	Hamilton
2451408.022461	37.86	9.101938	Hamilton
2451409.973633	104.42	10.334175	Hamilton
2451409.995117	103.89	10.842051	Hamilton
2451416.78418	9.41	8.955171	Hamilton
2451416.787109	-0.25	8.988192	Hamilton
2451416.975586	14.02	7.444156	Hamilton
2451416.978516	11.28	7.794002	Hamilton
2451417.796875	82.16	10.10579	Hamilton
2451417.801758	90.19	9.218671	Hamilton
2451418.924805	114.32	8.214065	Hamilton
2451418.944336	115.93	7.999748	Hamilton
2451419.892578	50.11	8.538817	Hamilton
2451419.908203	48.05	8.865843	Hamilton
2451425.942383	12.89	9.050085	Hamilton
2451425.958008	-3.42	8.709127	Hamilton
2451426.945312	75.99	12.64471	Hamilton
2451426.959961	99.8	11.972447	Hamilton
2451427.945312	155.9	8.070198	Hamilton
2451427.960938	151.48	7.864949	Hamilton
2451428.926758	78.55	10.128633	Hamilton
2451428.942383	82.27	10.33376	Hamilton
2451429.964844	8.01	8.189921	Hamilton
2451429.980469	18.16	8.540335	Hamilton
2451435.947266	80.53	8.309297	Hamilton
2451435.962891	87.42	8.417376	Hamilton
2451436.795898	146.65	10.393675	Hamilton
2451436.811523	146.39	11.394028	Hamilton
2451437.966797	122.31	11.428223	Hamilton
2451437.982422	92.66	10.341837	Hamilton
2451438.889648	31.93	9.553986	Hamilton
2451438.905273	43.66	9.600215	Hamilton
2451439.865234	18.13	8.877954	Hamilton
2451439.880859	32.98	8.668145	Hamilton
2451440.84668	113.92	9.577966	Hamilton
2451440.864258	111.24	8.868184	Hamilton
2451444.980469	70.16	10.437783	Hamilton
2451444.983398	76.69	9.604918	Hamilton
2451445.920898	151.11	8.891674	Hamilton
2451445.923828	150.09	11.326361	Hamilton
2451446.941406	142.44	9.714883	Hamilton
2451446.943359	126.89	9.137212	Hamilton
2451447.933594	30.75	9.653301	Hamilton
2451447.935547	43.95	11.463357	Hamilton
2451453.853516	46.84	8.887547	Hamilton
2451453.869141	44.62	8.338047	Hamilton
2451454.798828	129.17	9.732927	Hamilton
2451454.814453	111.93	9.220899	Hamilton
2451467.841797	35.54	10.796825	Hamilton
2451467.857422	30.12	10.771861	Hamilton
2451467.874023	25.7	11.028053	Hamilton
2451468.813477	128.23	9.686886	Hamilton
2451468.832031	127.65	10.134969	Hamilton
2451468.847656	137.89	10.83461	Hamilton
2451477.863281	98.9	10.719468	Hamilton
2451478.827148	134.07	12.723238	Hamilton
2451478.84082	142.19	15.602653	Hamilton
2451481.817383	40.17	14.235168	Hamilton
2451481.833008	-28.35	27.6717	Hamilton
2451482.786133	127.29	11.193764	Hamilton
2451482.801758	139.02	11.729225	Hamilton
2451482.816406	152.63	10.871849	Hamilton
2451496.700195	116.18	12.537864	Hamilton
2451496.71875	126.3	11.743884	Hamilton
2451500.798828	66.08	13.208609	Hamilton
2451500.814453	87.58	12.066357	Hamilton
2451501.706055	127.64	9.903187	Hamilton
2451533.724609	81.12	9.882926	Hamilton
2451533.727539	82.94	9.907173	Hamilton
2451534.708984	130.23	12.207424	Hamilton
2451534.741088	73.35	12.258041	Hamilton
2451539.663086	33.06	10.867491	Hamilton
2451539.665039	35.31	9.338762	Hamilton
2451542.641602	61.11	9.304224	Hamilton
2451543.635742	90.0	9.459098	Hamilton
2451572.597656	-47.63	9.891233	Hamilton
2451573.661133	-73.63	10.367304	Hamilton
2451581.613281	-34.72	10.350265	Hamilton
2451734.0	22.25	7.506422	Hamilton
2451734.00293	12.71	7.994811	Hamilton
2451738.996094	-12.44	8.733059	Hamilton
2451740.00293	0.1	9.436774	Hamilton
2451742.988281	30.38	7.830257	Hamilton
2451743.985352	-36.67	8.39876	Hamilton
2451744.986328	10.92	8.070394	Hamilton
2451745.985352	102.35	8.768229	Hamilton
2451746.975586	88.25	9.285757	Hamilton
2451751.0	95.15	8.091433	Hamilton
2451751.001953	102.02	10.952121	Hamilton
2451751.003906	97.73	9.341366	Hamilton
2451752.993164	-17.24	9.617872	Hamilton
2451752.995117	-15.38	10.617717	Hamilton
2451752.998047	-30.47	9.84102	Hamilton
2451753.0	-28.27	9.768176	Hamilton
2451774.944336	46.16	7.877529	Hamilton
2451774.947266	56.7	8.258482	Hamilton
2451774.950195	46.42	7.924794	Hamilton
2451775.975586	-54.98	8.319063	Hamilton
2451775.977539	-55.02	7.996922	Hamilton
2451775.980469	-50.89	7.974717	Hamilton
2451778.939453	77.7	8.767697	Hamilton
2451778.954102	71.06	7.67791	Hamilton
2451778.969727	65.67	7.774612	Hamilton
2451780.943359	-57.39	7.899719	Hamilton
2451780.958984	-62.67	7.65336	Hamilton
2451780.973633	-69.84	8.443542	Hamilton
2451782.962891	56.01	8.719484	Hamilton
2451782.978516	72.14	7.713699	Hamilton
2451782.994141	62.93	8.162293	Hamilton
2451798.939453	-78.53	10.15649	Hamilton
2451798.948242	-56.49	10.296464	Hamilton
2451802.932617	-3.07	9.347181	Hamilton
2451802.946289	-12.46	9.789805	Hamilton
2451802.958008	-5.2	9.214354	Hamilton
2451803.944336	-82.64	9.472161	Hamilton
2451803.955078	-69.56	9.706735	Hamilton
2451803.963867	-81.47	9.801046	Hamilton
2451804.922852	-38.41	9.220208	Hamilton
2451804.933594	-33.94	9.529463	Hamilton
2451804.946289	-38.88	9.641169	Hamilton
2451805.869141	43.23	9.017666	Hamilton
2451805.880859	42.75	8.277463	Hamilton
2451806.908203	55.01	10.884909	Hamilton
2451806.920898	57.92	10.242134	Hamilton
2451812.932617	-49.66	9.184663	Hamilton
2451813.800781	-87.56	9.424964	Hamilton
2451813.8125	-77.67	8.800958	Hamilton
2451813.824219	-73.64	9.802639	Hamilton
2451813.841797	-80.14	9.357546	Hamilton
2451814.862305	2.1	10.235623	Hamilton
2451814.874023	26.35	9.664278	Hamilton
2451814.885742	20.12	9.399545	Hamilton
2451814.897461	22.08	10.186387	Hamilton
2451815.910156	64.18	10.646777	Hamilton
2451815.919922	49.23	9.527174	Hamilton
2451816.78125	-2.23	11.23862	Hamilton
2451816.792969	-5.18	9.550973	Hamilton
2451816.806641	-24.07	9.899597	Hamilton
2451816.820312	-22.92	9.634223	Hamilton
2451822.832031	-69.98	10.537198	Hamilton
2451822.849609	-64.54	9.333038	Hamilton
2451823.802734	-24.78	9.769303	Hamilton
2451823.820312	-32.76	9.491783	Hamilton
2451823.835938	-20.5	10.036225	Hamilton
2451824.850586	55.79	10.948058	Hamilton
2451824.862305	46.49	10.253116	Hamilton
2451824.874023	52.19	10.522023	Hamilton
2451825.796875	-1.96	9.789142	Hamilton
2451825.807617	5.97	10.510153	Hamilton
2451825.818359	-1.16	10.344306	Hamilton
2451826.801758	-73.88	10.123847	Hamilton
2451826.8125	-88.84	10.81023	Hamilton
2451826.823242	-75.75	10.456276	Hamilton
2451830.81543	-31.16	10.668281	Hamilton
2451830.831055	-18.24	11.53135	Hamilton
2451831.776367	-93.72	10.944623	Hamilton
2451831.791992	-86.93	10.363804	Hamilton
2451837.78418	-0.2	11.07014	Hamilton
2451837.792969	-9.96	11.855662	Hamilton
2451865.766602	84.47	10.342898	Hamilton
2451865.787109	85.37	10.506147	Hamilton
2451865.805664	92.06	9.50861	Hamilton
2451866.708008	113.32	10.552031	Hamilton
2451866.727539	102.36	9.847678	Hamilton
2451877.757812	-2.8	11.074243	Hamilton
2451877.769531	-14.18	9.923034	Hamilton
2451881.611328	60.96	9.877087	Hamilton
2451881.626953	61.2	9.638661	Hamilton
2451881.641602	69.08	9.758006	Hamilton
2451882.620117	7.1	10.075326	Hamilton
2451882.638672	2.87	10.071238	Hamilton
2451886.666016	49.43	10.855415	Hamilton
2451886.680664	62.52	12.655122	Hamilton
2451887.658203	16.89	10.247579	Hamilton
2451887.673828	9.51	10.638175	Hamilton
2451891.753906	7.46	9.612155	Hamilton
2451891.762695	0.96	9.838855	Hamilton
2451891.771484	10.94	10.200246	Hamilton
2451895.651367	32.04	9.427589	Hamilton
2451896.712891	13.4	11.496905	Hamilton
2452111.927734	26.13	9.453747	Hamilton
2452111.946289	31.95	9.561807	Hamilton
2452120.93457	64.58	10.528592	Hamilton
2452120.939453	64.56	9.689644	Hamilton
2452121.892578	-22.14	9.546458	Hamilton
2452121.896484	-11.95	8.789403	Hamilton
2452124.961914	101.08	9.353586	Hamilton
2452129.876953	84.28	10.693635	Hamilton
2452129.892578	69.5	10.658085	Hamilton
2452129.90918	67.1	10.676236	Hamilton
2452145.900391	-52.43	11.577349	Hamilton
2452145.912109	-34.26	10.156642	Hamilton
2452146.902344	6.35	8.955237	Hamilton
2452146.917969	8.39	8.734586	Hamilton
2452147.816406	79.52	9.455032	Hamilton
2452147.831055	66.78	9.828428	Hamilton
2452148.945312	59.71	7.457313	Hamilton
2452156.878906	71.51	8.113223	Hamilton
2452157.905273	76.98	8.550329	Hamilton
2452157.90918	67.48	7.876327	Hamilton
2452158.93457	-6.99	8.660935	Hamilton
2452158.9375	-7.3	8.536806	Hamilton
2452159.896484	-40.92	7.350551	Hamilton
2452159.900391	-39.07	8.617111	Hamilton
2452160.905273	29.87	8.670849	Hamilton
2452161.901019	103.89	8.803104	Hamilton
2452162.807617	57.46	8.666104	Hamilton
2452167.793945	32.35	9.479999	Hamilton
2452167.80957	27.71	9.779213	Hamilton
2452181.81543	7.4	10.474714	Hamilton
2452181.830078	4.68	9.324206	Hamilton
2452187.759766	-41.39	10.404043	Hamilton
2452187.791016	-44.11	9.157841	Hamilton
2452187.824219	-47.72	9.916125	Hamilton
2452219.802734	-90.69	11.622995	Hamilton
2452219.836914	-88.27	11.133446	Hamilton
2452221.672852	55.23	11.14971	Hamilton
2452221.695312	42.8	10.814518	Hamilton
2452251.626953	-124.33	11.823188	Hamilton
2452251.647461	-114.6	10.158309	Hamilton
2452256.635742	-116.64	9.476162	Hamilton
2452256.652344	-135.29	9.180408	Hamilton
2452262.642578	-56.18	9.638939	Hamilton
2452262.669922	-45.82	10.48876	Hamilton
2452278.607422	-93.0	10.811699	Hamilton
2452278.625	-112.61	9.620504	Hamilton
2452281.629883	-54.9	10.867915	Hamilton
2452281.642578	-45.42	10.273765	Hamilton
2452491.907227	-132.46	8.373812	Hamilton
2452491.924805	-160.08	8.755933	Hamilton
2452492.960938	-98.71	8.351394	Hamilton
2452492.963867	-107.58	8.077186	Hamilton
2452493.939453	-10.47	7.532522	Hamilton
2452493.943359	-15.99	8.500992	Hamilton
2452508.941406	-46.68	7.877142	Hamilton
2452508.944336	-52.63	7.80215	Hamilton
2452509.855469	-135.58	8.356237	Hamilton
2452509.858398	-128.69	8.725906	Hamilton
2452511.970703	-68.55	7.740241	Hamilton
2452511.973633	-84.62	7.250129	Hamilton
2452512.947266	-29.55	7.053271	Hamilton
2452512.950195	-26.4	7.740028	Hamilton
2452513.941406	-87.7	8.121199	Hamilton
2452513.944336	-83.93	7.779125	Hamilton
2452515.901367	-114.17	7.98231	Hamilton
2452515.919922	-118.74	8.590962	Hamilton
2452520.913086	-97.6	9.311216	Hamilton
2452520.927734	-100.76	9.081751	Hamilton
2452522.873047	-72.88	9.02146	Hamilton
2452522.891602	-74.22	8.540117	Hamilton
2452522.916992	-60.01	11.150023	Hamilton
2452524.892578	-171.63	7.261661	Hamilton
2452524.915039	-166.52	8.3123	Hamilton
2452534.875	-97.24	8.276678	Hamilton
2452534.878906	-95.83	7.869377	Hamilton
2452540.919922	-68.45	10.328351	Hamilton
2452540.930664	-34.13	8.286765	Hamilton
2452552.867188	-151.39	10.147408	Hamilton
2452552.879883	-156.36	10.063451	Hamilton
2452553.819336	-67.91	8.789349	Hamilton
2452553.834961	-56.66	9.616841	Hamilton
2452554.807617	-41.8	10.201585	Hamilton
2452554.821289	-38.01	9.637258	Hamilton
2452563.884766	-9.24	10.628491	Hamilton
2452563.900391	-6.41	10.132494	Hamilton
2452563.916992	-8.17	10.781577	Hamilton
2452564.927734	-78.73	9.069513	Hamilton
2452564.950195	-91.21	9.1766	Hamilton
2452564.969727	-104.46	9.338565	Hamilton
2452567.0	-89.98	11.705756	Hamilton
2452567.017578	-93.73	11.603278	Hamilton
2452567.032227	-63.36	10.586727	Hamilton
2452570.758789	-131.45	9.317456	Hamilton
2452570.776367	-132.29	9.896522	Hamilton
2452574.774414	-105.81	11.334132	Hamilton
2452574.790039	-117.81	11.223366	Hamilton
2452575.723633	-82.85	10.747067	Hamilton
2452575.744141	-84.08	10.336824	Hamilton
2452593.745117	-83.13	10.206218	Hamilton
2452593.761719	-82.13	9.802831	Hamilton
2452594.774414	-13.13	9.742485	Hamilton
2452594.785156	-2.84	9.280892	Hamilton
2452597.732422	-59.73	10.683023	Hamilton
2452597.748047	-60.22	10.800029	Hamilton
2452607.790039	-40.4	8.782668	Hamilton
2452607.803711	-53.27	8.679393	Hamilton
2452854.985352	175.92	8.625763	Hamilton
2452855.0	182.64	8.45312	Hamilton
2452889.96875	103.14	8.688559	Hamilton
2452891.005859	169.64	7.847593	Hamilton
2452893.918945	69.01	8.108541	Hamilton
2452893.923828	69.8	8.213803	Hamilton
2452894.94043	129.14	7.932278	Hamilton
2452894.944336	135.12	7.9908	Hamilton
2452894.949219	131.99	8.173906	Hamilton
2452896.865234	153.87	8.527936	Hamilton
2452896.871094	160.78	8.258877	Hamilton
2452896.875	146.67	8.668007	Hamilton
2452897.933594	61.36	8.461529	Hamilton
2452897.9375	65.35	8.541257	Hamilton
2452925.80957	38.64	9.298703	Hamilton
2452925.825195	45.53	10.069459	Hamilton
2452925.84082	28.85	10.20414	Hamilton
2452937.756836	162.86	9.798757	Hamilton
2452937.768555	162.13	9.422121	Hamilton
2452937.78125	166.09	9.495008	Hamilton
2452970.749023	92.9	9.27138	Hamilton
2452970.760742	99.1	9.400337	Hamilton
2452970.773438	84.18	9.489957	Hamilton
2452982.663086	55.59	9.961022	Hamilton
2452982.678711	49.39	9.755549	Hamilton
2452990.669922	-35.3	8.638511	Hamilton
2452990.673828	-29.68	8.980345	Hamilton
2452990.677734	-28.79	8.893831	Hamilton
2452991.676758	29.6	8.08417	Hamilton
2452991.682617	24.36	8.923434	Hamilton
2452991.685547	19.06	8.466438	Hamilton
2452995.706055	-37.75	8.276816	Hamilton
2452995.720703	-34.43	8.99737	Hamilton
2452995.736328	-22.03	8.658722	Hamilton
2453008.716797	-41.37	8.590991	Hamilton
2453008.723633	-38.03	8.47071	Hamilton
2453009.698242	-62.3	10.901402	Hamilton
2453009.708008	-38.12	15.403359	Hamilton
2453013.640625	-42.3	8.84408	Hamilton
2453013.645508	-44.23	9.161906	Hamilton
2453013.650391	-48.69	8.799381	Hamilton
2453021.652072	10.6	10.429704	Hamilton
2453220.951172	-35.3	8.248038	Hamilton
2453247.010742	60.69	8.346695	Hamilton
2453247.895508	7.17	7.830342	Hamilton
2453247.914062	15.95	8.031402	Hamilton
2453247.930664	1.21	8.747477	Hamilton
2453251.005859	33.73	8.82838	Hamilton
2453260.902344	41.21	9.917542	Hamilton
2453260.919922	30.74	10.482058	Hamilton
2453260.938477	33.93	10.382524	Hamilton
2453262.911133	-85.69	8.981812	Hamilton
2453262.933594	-83.48	8.538127	Hamilton
2453262.956055	-86.79	8.655689	Hamilton
2453281.938477	-80.66	9.700756	Hamilton
2453281.94043	-83.68	8.939038	Hamilton
2453317.708984	52.19	12.011559	Hamilton
2453317.771484	6.14	12.865925	Hamilton
2453336.739258	-24.18	8.859386	Hamilton
2453336.743164	-23.1	9.73375	Hamilton
2453337.728516	13.43	11.082416	Hamilton
2453340.634745	43.51	9.318739	Hamilton
2453340.651458	45.42	9.29233	Hamilton
2453340.667836	47.62	8.943992	Hamilton
2453340.686076	62.71	9.330926	Hamilton
2453360.712488	-0.13	8.644657	Hamilton
2453385.652546	91.35	10.1011	Hamilton
2453385.662442	90.76	10.036497	Hamilton
2453388.637384	-16.61	9.523983	Hamilton
2453388.640822	-3.61	9.421974	Hamilton
2453390.655023	102.0	10.434413	Hamilton
2453390.657419	84.31	9.652079	Hamilton
2453391.606632	-18.98	10.003541	Hamilton
2453391.609201	-8.27	10.268539	Hamilton
2453595.99	-43.34	9.238189	Hamilton
2453636.892558	-70.92	8.447149	Hamilton
2453636.895787	-70.3	8.472466	Hamilton
2453637.820289	-46.2	8.851885	Hamilton
2453637.833148	-46.91	9.007049	Hamilton
2453637.846343	-58.81	10.699908	Hamilton
2453742.674769	-166.33	8.72254	Hamilton
2453742.680903	-172.65	8.534368	Hamilton
2453744.649537	-98.78	9.233978	Hamilton
2453744.653333	-110.81	8.811874	Hamilton
2453751.71191	-146.52	9.704563	Hamilton
2453751.71647	-154.9	9.814653	Hamilton
2453753.593113	-151.45	13.439989	Hamilton
2453755.622164	-104.61	8.903968	Hamilton
2453755.626169	-95.85	9.100188	Hamilton
2453949.95691	-6.36	10.678572	Hamilton
2453949.965567	-20.87	11.092009	Hamilton
2453949.977141	-28.47	11.519517	Hamilton
2453951.922488	-55.32	10.520673	Hamilton
2453951.930012	-52.46	9.506347	Hamilton
2453953.980787	41.8	9.54164	Hamilton
2453953.983218	32.75	9.456717	Hamilton
2453957.947627	80.84	8.531585	Hamilton
2453957.95037	68.64	9.070707	Hamilton
2453964.943692	-91.94	9.691094	Hamilton
2453964.958287	-98.21	9.807551	Hamilton
2453987.893762	-81.54	7.684748	Hamilton
2453988.797025	-37.73	10.284797	Hamilton
2453988.799884	-52.81	9.924048	Hamilton
2453989.834595	38.67	8.08192	Hamilton
2453989.853854	38.07	8.708909	Hamilton
2453989.857234	34.63	8.129416	Hamilton
2454046.781898	117.95	10.721827	Hamilton
2454046.785613	121.15	11.057339	Hamilton
2454047.729988	50.14	11.127183	Hamilton
2454047.732731	47.01	11.086807	Hamilton
2454049.711551	155.24	10.973004	Hamilton
2454049.71434	161.14	10.885964	Hamilton
2454072.675903	149.12	8.798913	Hamilton
2454072.678819	150.44	9.13627	Hamilton
2454073.661979	193.45	8.921978	Hamilton
2454073.664699	178.07	9.108353	Hamilton
2454097.735475	110.93	10.82603	Hamilton
2454097.742847	140.19	11.384362	Hamilton
2454099.743368	103.88	8.749208	Hamilton
2454099.746505	101.72	10.152975	Hamilton
2454102.65125	95.72	9.481723	Hamilton
2454102.654873	80.72	9.293606	Hamilton
2454103.661458	44.71	10.342026	Hamilton
2454103.664965	46.12	9.122602	Hamilton
2454134.672245	82.15	9.153211	Hamilton
2454134.674896	111.72	9.890608	Hamilton
2454311.976806	57.95	7.74108	Hamilton
2454311.979722	59.2	7.781223	Hamilton
2454337.885521	97.85	8.261877	Hamilton
2454337.888194	103.53	8.310369	Hamilton
2454414.691609	105.6	10.071868	Hamilton
2454414.70662	99.04	10.25775	Hamilton
2454426.701053	-66.93	8.808849	Hamilton
2454426.703993	-59.35	9.461195	Hamilton
2454428.699213	81.34	9.030368	Hamilton
2454428.703681	63.72	9.837406	Hamilton
2454672.944572	2.25	9.208864	Hamilton
2454672.955463	-0.41	9.415235	Hamilton
2454672.96662	5.36	8.684878	Hamilton
2454672.977766	9.92	9.106662	Hamilton
2454723.965417	-11.84	7.816999	Hamilton
2454723.968194	3.61	8.20854	Hamilton
2454724.972905	-4.63	7.457592	Hamilton
2454724.975556	-0.66	8.532984	Hamilton
2454783.671377	53.53	9.770276	Hamilton
2454783.67544	58.36	10.277434	Hamilton
2454784.686192	105.94	10.509194	Hamilton
2454785.726956	4.71	12.618653	Hamilton
2454785.730891	6.5	11.904583	Hamilton
2454785.735081	33.63	9.847588	Hamilton
2454844.627442	43.29	10.933293	Hamilton
2454844.630012	55.43	10.45308	Hamilton
2454844.632535	43.82	11.159339	Hamilton
2454846.664456	-89.26	10.538688	Hamilton
2454846.66647	-93.09	10.717832	Hamilton
2454846.668275	-103.06	11.432944	Hamilton
2454846.670289	-91.63	10.27575	Hamilton
2454848.656759	38.57	10.32983	Hamilton
2454848.658102	19.77	11.051707	Hamilton
2454849.67434	39.46	11.855168	Hamilton
2454849.67537	30.76	11.358697	Hamilton
2454850.705139	-58.47	11.606467	Hamilton
2454850.706725	-60.74	11.261917	Hamilton
2454863.618021	17.47	15.53543	Hamilton
2454863.620417	29.05	15.441643	Hamilton
2454863.621817	35.75	16.388813	Hamilton
2454863.623229	9.54	16.283426	Hamilton
2454864.60963	-67.33	14.950191	Hamilton
2454864.610787	-76.21	15.279706	Hamilton
2455048.987002	-47.83	13.49093	Hamilton
2455048.9889	-50.59	13.514547	Hamilton
2455048.990799	-55.94	14.259224	Hamilton
2455107.928079	43.02	16.210413	Hamilton
2455107.930671	44.43	14.734899	Hamilton
2455107.933125	36.37	15.403935	Hamilton
2455113.953102	-84.55	15.719931	Hamilton
2455113.954595	-88.43	15.714771	Hamilton
2455113.9561	-77.65	15.89493	Hamilton
2455114.91662	-113.55	15.634921	Hamilton
2455114.918067	-98.72	15.444364	Hamilton
2455114.919502	-95.17	15.96713	Hamilton
2455115.940509	-15.18	15.027068	Hamilton
2455115.941933	-7.84	15.615599	Hamilton
2455115.943275	-14.09	15.937016	Hamilton
2455166.685961	-74.48	15.579863	Hamilton
2455166.687361	-57.41	14.777709	Hamilton
2455166.688762	-81.98	15.570836	Hamilton
2455166.690127	-79.87	15.504197	Hamilton
2455166.691528	-49.48	16.184439	Hamilton
2455171.742604	-25.47	14.551361	Hamilton
2455171.745231	-29.19	14.763724	Hamilton
2455201.702384	-108.8	17.070917	Hamilton
2455201.703438	-111.81	17.17982	Hamilton
2455201.704479	-136.34	17.0713	Hamilton
2455228.612419	13.25	15.529592	Hamilton
2455228.614421	30.18	15.711834	Hamilton
2455228.616134	27.26	15.854999	Hamilton
2449617.921	-7.36	7.68	AFOE
2449620.828	-138.01	11.4	AFOE
2449621.875	-49.31	12.83	AFOE
2449671.674	-108.0	19.12	AFOE
2449909.99	-129.87	14.57	AFOE
2449972.946	5.33	10.05	AFOE
2449994.956	-76.46	9.76	AFOE
2449997.988	-89.85	10.42	AFOE
2450053.697	-83.41	11.56	AFOE
2450054.764	-89.32	9.82	AFOE
2450055.685	-17.12	13.08	AFOE
2450056.754	4.31	15.58	AFOE
2450057.685	-12.2	17.96	AFOE
2450291.933	165.16	12.38	AFOE
2450294.952	16.87	11.96	AFOE
2450413.793	25.42	11.78	AFOE
2450418.645	22.23	9.52	AFOE
2450419.641	19.14	12.09	AFOE
2450420.685	114.07	10.66	AFOE
2450465.597	35.39	10.35	AFOE
2450468.606	112.51	5.46	AFOE
2450470.658	76.66	9.03	AFOE
2450647.968	95.36	8.47	AFOE
2450708.991	41.79	6.55	AFOE
2450711.011	80.46	8.21	AFOE
2450711.838	134.52	8.69	AFOE
2450732.837	-12.21	15.49	AFOE
2450734.862	114.47	13.01	AFOE
2450735.928	97.05	15.76	AFOE
2450738.695	60.57	9.99	AFOE
2450760.795	-28.08	9.08	AFOE
2450761.838	64.52	10.65	AFOE
2450767.762	124.4	19.89	AFOE
2450769.817	-15.92	21.72	AFOE
2450831.645	8.29	9.49	AFOE
2450850.58	58.61	13.07	AFOE
2451061.888	-70.25	12.66	AFOE
2451063.921	-43.32	16.75	AFOE
2451065.967	-97.18	14.72	AFOE
2451093.936	-141.33	15.73	AFOE
2451095.838	-39.77	22.9	AFOE
2451097.848	-176.76	15.38	AFOE
2451099.868	-25.74	15.25	AFOE
2451125.812	-135.65	14.93	AFOE
2451126.714	-60.96	17.08	AFOE
2451127.776	8.97	15.47	AFOE
2451155.644	61.05	12.44	AFOE
2451156.725	-37.24	14.58	AFOE
2451180.641	-96.65	25.42	AFOE
2451181.587	-46.62	10.19	AFOE
2451206.611	74.93	13.17	AFOE
2451213.581	-74.08	19.37	AFOE
2453220.855083	88.18	8.42	HRS
2453221.85156	59.52	5.3	HRS
2453222.857669	139.98	4.78	HRS
2453227.838449	156.34	6.61	HRS
2453237.839341	181.21	7.44	HRS
2453240.843498	67.25	4.86	HRS
2453255.800928	146.32	5.13	HRS
2453257.76219	46.36	4.49	HRS
2453261.755993	104.59	4.18	HRS
2453263.778727	25.67	5.24	HRS
2453265.771444	149.36	5.73	HRS
2453286.698745	35.97	4.49	HRS
2453288.669645	171.86	4.78	HRS
2453293.678115	156.09	4.66	HRS
2453295.673163	42.51	5.21	HRS
2453297.657779	188.59	4.81	HRS
2453299.884582	47.13	7.0	HRS
2453302.637724	196.58	6.87	HRS
2453306.852533	201.12	6.58	HRS
2453310.846963	165.25	8.05	HRS
2453313.852023	67.26	6.79	HRS
2453315.623737	198.08	8.64	HRS
2453319.82596	162.5	6.87	HRS
2453321.605156	208.33	7.62	HRS
2453327.587001	95.66	8.45	HRS
2453330.570166	226.06	7.56	HRS
2453337.561394	106.72	9.08	HRS
2453340.77961	151.59	8.28	HRS
2453341.763587	112.84	7.9	HRS
2453342.780068	172.27	9.48	HRS
2453347.77961	204.55	10.67	HRS
2453358.712495	191.51	10.0	HRS
2453359.717439	110.21	10.7	HRS
2453360.734667	113.24	9.71	HRS
2453361.74107	206.51	11.01	HRS
2453365.718103	168.28	11.02	HRS
2453366.705087	233.64	10.64	HRS
2453369.675249	111.82	10.57	HRS
2453371.69101	233.01	11.2	HRS
2453377.686322	125.63	9.44	HRS
2453378.662047	100.54	9.07	HRS
2453379.663556	146.99	8.41	HRS
2453389.638749	219.99	9.32	HRS
2453392.635122	83.47	8.93	HRS
2453395.621947	178.55	9.34	HRS
2453396.620749	93.04	9.62	HRS
2453399.620826	223.17	9.07	HRS
2453568.909399	107.72	4.6	HRS
2453570.908804	163.67	6.5	HRS
2453575.902647	129.85	4.77	HRS
2453582.896324	122.71	4.72	HRS
2454034.662587	123.16	6.61	HRS
2454035.646686	202.16	6.65	HRS
2454035.881128	213.81	6.73	HRS
2454036.888984	233.12	7.06	HRS
2454037.672876	189.93	6.4	HRS
2454037.866313	170.58	7.3	HRS
2454038.63806	117.18	7.91	HRS
2454039.624219	150.78	7.72	HRS
2454039.86278	180.93	7.11	HRS
2454040.627633	246.34	7.19	HRS
2454040.864058	265.08	7.57	HRS
2454041.628609	249.18	7.49	HRS
2454352.779142	128.86	4.37	HRS
2454357.752316	132.66	4.07	HRS
2454357.987559	146.27	3.65	HRS
2454361.742742	122.16	4.31	HRS
2454368.727128	244.91	3.51	HRS
2454370.738514	134.76	3.68	HRS
2454377.94431	243.52	3.79	HRS
2454401.640682	224.13	3.66	HRS
2454422.806929	112.94	4.57	HRS
2454423.564408	164.27	4.52	HRS
2454467.706165	43.03	8.52	HRS
2454653.940848	95.88	10.16	HRS
2454659.927672	180.09	9.55	HRS
2454663.922889	149.26	10.16	HRS
2454669.885271	126.24	9.83	HRS
2454671.894518	40.7	9.81	HRS
2450319.4928	-28542.0	8.0	ELODIE
2450320.4366	-28543.0	7.0	ELODIE
2450324.5651	-28520.0	8.0	ELODIE
2450324.572	-28517.0	8.0	ELODIE
2450325.5264	-28612.0	8.0	ELODIE
2450325.5323	-28612.0	7.0	ELODIE
2450325.6479	-28619.0	7.0	ELODIE
2450325.6533	-28624.0	7.0	ELODIE
2450326.5842	-28678.0	8.0	ELODIE
2450326.5892	-28668.0	10.0	ELODIE
2450327.5345	-28634.0	8.0	ELODIE
2450327.543	-28637.0	7.0	ELODIE
2450327.6712	-28631.0	7.0	ELODIE
2450328.5435	-28516.0	8.0	ELODIE
2450328.5596	-28532.0	8.0	ELODIE
2450329.4916	-28543.0	7.0	ELODIE
2450329.4965	-28551.0	7.0	ELODIE
2450329.6192	-28568.0	8.0	ELODIE
2450380.4722	-28624.0	8.0	ELODIE
2450381.4117	-28730.0	8.0	ELODIE
2450382.4313	-28736.0	7.0	ELODIE
2450384.3418	-28601.0	7.0	ELODIE
2450385.3961	-28630.0	9.0	ELODIE
2450447.3669	-28627.0	9.0	ELODIE
2450476.2844	-28524.0	8.0	ELODIE
2450479.2641	-28683.0	7.0	ELODIE
2450700.607	-28649.0	8.0	ELODIE
2450701.6122	-28598.0	8.0	ELODIE
2450702.5707	-28515.0	7.0	ELODIE
2450730.5038	-28545.0	8.0	ELODIE
2450733.5478	-28687.0	10.0	ELODIE
2450735.5035	-28544.0	11.0	ELODIE
2450797.3255	-28741.0	8.0	ELODIE
2450821.3223	-28768.0	7.0	ELODIE
2450823.3477	-28657.0	7.0	ELODIE
2450825.3497	-28809.0	8.0	ELODIE
2450825.3547	-28801.0	8.0	ELODIE
2450825.4021	-28768.0	11.0	ELODIE
2450859.2763	-28709.0	8.0	ELODIE
2450863.2778	-28778.0	8.0	ELODIE
2451053.6222	-28660.0	9.0	ELODIE
2451118.4635	-28706.0	9.0	ELODIE
2451118.469	-28684.0	10.0	ELODIE
2451122.4978	-28709.0	11.0	ELODIE
2451152.3842	-28758.0	12.0	ELODIE
2451155.3457	-28612.0	13.0	ELODIE
2451158.3708	-28760.0	9.0	ELODIE
2451174.2994	-28634.0	12.0	ELODIE
2451420.615	-28623.0	8.0	ELODIE
2451421.6332	-28623.0	8.0	ELODIE
2451439.5607	-28630.0	8.0	ELODIE
2451505.4202	-28585.0	8.0	ELODIE
2451508.4294	-28673.0	7.0	ELODIE
2451511.525	-28564.0	9.0	ELODIE
2451556.3543	-28645.0	8.0	ELODIE
2451559.3682	-28743.0	7.0	ELODIE
2451561.3401	-28604.0	8.0	ELODIE
2451587.2654	-28746.0	9.0	ELODIE
2451590.2544	-28636.0	8.0	ELODIE
2451808.531	-28743.0	9.0	ELODIE
2451852.4633	-28573.0	10.0	ELODIE
2451882.3859	-28670.0	8.0	ELODIE
2452159.6317	-28693.0	8.0	ELODIE
2452160.6492	-28638.0	8.0	ELODIE
2452162.5376	-28571.0	8.0	ELODIE
2452216.4137	-28664.0	7.0	ELODIE
2452218.4181	-28658.0	7.0	ELODIE
2452249.3539	-28676.0	8.0	ELODIE
2452250.3273	-28667.0	9.0	ELODIE
2452531.5868	-28707.0	8.0	ELODIE
2452885.5724	-28540.0	8.0	ELODIE
2451452.86152	-13.8	9.2	HJS
2451452.8654	-3.0	13.4	HJS
2451504.69248	0.8	8.1	HJS
2451530.78235	-22.2	9.4	HJS
2451532.65475	-16.0	10.8	HJS
2451557.64589	26.8	7.7	HJS
2451750.96883	113.1	10.6	HJS
2451775.91401	-54.7	8.1	HJS
2451778.93251	63.8	9.8	HJS
2451809.77554	-62.0	8.6	HJS
2451859.76793	-50.3	6.8	HJS
2451861.85297	96.7	7.1	HJS
2451861.85893	96.1	7.7	HJS
2451862.79111	91.5	11.9	HJS
2451862.79735	68.8	10.1	HJS
2451918.75978	5.0	8.7	HJS
2451918.76434	23.1	9.5	HJS
2451920.67309	46.5	6.9	HJS
2451946.68903	23.8	14.3	HJS
2451987.57597	6.3	9.1	HJS
2452142.8769	55.5	9.3	HJS
2452218.75362	-63.5	9.6	HJS
2452249.68686	-6.3	8.5	HJS
2452329.57235	-125.9	8.7	HJS
2452495.93509	-151.8	14.9	HJS
2452539.84157	-104.7	9.3	HJS
2452539.84425	-113.3	9.4	HJS
2452577.85533	5.0	8.5	HJS
2452619.75862	44.4	8.5	HJS
2452933.79237	102.3	10.4	HJS
2452933.79503	92.7	9.8	HJS
2452958.68304	-5.6	9.1	HJS
2453015.67064	28.9	8.2	HJS
2453035.57199	-20.0	7.0	HJS
2453394.63389	77.3	10.2	HJS
2453394.6495	85.3	10.0	HJS
2453394.65545	76.5	10.8	HJS
2453632.91257	-106.3	9.2	HJS
2453690.7804	-29.4	10.0	HJS
2453691.77259	-130.3	13.4	HJS
2453746.71222	-150.9	8.3	HJS
