time	mnvel	errvel	tel
2456508.122464	33.39	2.020427	HIRES-pre
2456842.131165	-5.6	1.909908	HIRES-pre
2456844.123482	86.93	2.167831	HIRES-pre
2456846.1260434515	-43.531341871048454	1.3644578641885625	HIRES-pre
2456847.130257	21.16	1.9143880000000002	HIRES-pre
2456849.129849	57.4	2.017375	HIRES-pre
2456867.085178	64.7	1.672525	HIRES-pre
2456882.112002	-37.79	1.9239080000000002	HIRES-pre
2456907.065674	1.45	1.9937939999999998	HIRES-pre
2456908.896263	78.37	2.317532	HIRES-pre
2456911.039532	-41.72	2.309006	HIRES-pre
2457001.788407	87.24	2.533843	HIRES-pre
2457057.698008	-15.98	2.317656	HIRES-pre
2457058.699587	-41.8	2.272055	HIRES-pre
2457223.132129	93.03	1.9790030000000003	HIRES-pre
2457229.103732	-23.92	1.9000000000000001	HIRES-pre
2457237.1399167594	53.95492868155644	1.124657308440778	HIRES-pre
2457265.111967	17.96	2.177326	HIRES-pre
2457570.053019	-126.83	3.10549	HIRES-pre
2457580.136972	-178.9	1.7168639999999997	HIRES-pre
2457581.136346	-139.37	1.9042149999999998	HIRES-pre
2457587.125657	-52.72	2.164546	HIRES-pre
2457595.0344902645	-132.92965491367744	1.2924080076168694	HIRES-pre
2457712.982825691	6.898200025981486	1.551442782982199	HIRES-pre
2457789.701211	54.04	2.452954	HIRES-pre
2457802.732842	-27.68	2.336402	HIRES-pre
2457925.125833	139.42	2.309809	HIRES-pre
2457984.042281	165.98	1.97186	HIRES-pre
2457985.068476	124.94	1.8796970000000002	HIRES-pre
2457989.032441	152.79	1.9538439999999997	HIRES-pre
2458091.72309	-28.37	3.124121	HIRES-pre
2458306.13401	-12.43	1.9070930000000001	HIRES-pre
2458337.142142	-102.14	2.080933	HIRES-pre
2458338.142806	-70.35	1.7821180000000003	HIRES-pre
2458341.1271027476	-57.807359126671486	1.3363140778335874	HIRES-pre
2458346.934506	-86.68	2.488148	HIRES-pre
2458385.991606	116.85	2.296645	HIRES-pre
2458394.031309	69.2	2.621427	HIRES-pre
2458395.989502	94.42	2.934802	HIRES-pre
2458414.914909	51.71	2.752498	HIRES-pre
2458426.967202	126.31	2.8050620000000004	HIRES-pre
2458743.916024	-104.83	2.6910560000000006	HIRES-pre
2458776.913739	-109.18	2.615074	HIRES-pre
2458794.749716	-164.99	2.595708	HIRES-pre
2458878.700672	-28.29	2.438994	HIRES-pre
2458879.699241	40.92	2.644636	HIRES-pre
2456506.007919	60.33	4.292484	Levy
2456515.917837	102.33	4.854252	Levy
2456516.945169	57.63	4.573137	Levy
2456517.837385	-31.12	4.556805	Levy
2456518.876071	-21.09	4.165224	Levy
2456525.857072	72.27	4.972682	Levy
2456526.866412	-10.69	4.668622	Levy
2456534.861767	92.81	4.626822	Levy
2456535.876403	6.53	4.855828000000001	Levy
2456539.861682	62.88	4.924689	Levy
2456540.894163	-11.58	4.183057	Levy
2456542.034984	10.96	4.226214	Levy
2456543.030504	93.73	4.046061	Levy
2456548.02932	98.33	4.768285	Levy
2456548.960618	54.1	4.513125	Levy
2456562.9276207346	47.43072803496467	2.6512953583756325	Levy
2456563.870890929	-23.199055080158367	2.9729438301749402	Levy
2456570.948055478	82.97258747583157	4.174127866175705	Levy
2456573.932109427	-48.00336780773144	3.035106627745142	Levy
2456574.982100422	25.232784052727567	4.505687528718562	Levy
2456577.9067322686	-44.8407708801651	1.8640585015268734	Levy
2456581.9915442956	2.0359287853584394	1.8264219882322557	Levy
2456582.951536153	-44.64249036046193	1.5850701566418401	Levy
2456583.9268121016	9.377682364496557	1.5124064441616933	Levy
2456588.909749343	44.924242135075	1.60342790463888	Levy
2456589.923288917	84.16170262815425	1.5668360661847773	Levy
2456590.8898316864	18.81985853784763	1.9034137986608775	Levy
2456591.899110693	-48.26383521049456	1.572899974599903	Levy
2456597.9191883435	7.203639989731098	1.9682256229004074	Levy
2456606.890403141	-24.817818466877473	1.8839728480831401	Levy
2456607.9298061654	62.490178435796985	2.004657742062169	Levy
2456610.8649823596	-74.89440614812193	2.665620026226297	Levy
2456614.7780242637	-71.00877644567831	3.5138378666761025	Levy
2456619.7717955844	-90.98344824406375	2.634435420956388	Levy
2456622.866168818	15.333031337980422	2.004163376703486	Levy
2456626.818542971	42.85322885045946	1.9382523644161047	Levy
2456628.967914712	-101.6739953847613	2.787987565295265	Levy
2456631.7454926837	18.052710426596573	2.142301297785957	Levy
2456632.8963523214	-53.44585813754546	2.660329827689998	Levy
2456647.780570065	-89.52126840811195	2.1056354344762975	Levy
2456648.927919331	6.295082747201847	2.8902871998696407	Levy
2456662.773350719	17.54938852614032	1.613705456601424	Levy
2456663.8575426643	73.45466694016906	2.8328604255371386	Levy
2456674.742966013	-24.77682478118317	2.7467362505769386	Levy
2456675.739060402	-15.799920318042592	1.907896036139078	Levy
2456689.721886584	25.77768786755184	2.062535042913744	Levy
2456705.692862829	142.43401746865175	3.11300398838044	Levy
2456724.6492025354	118.55316057110267	3.32287498864215	Levy
2456817.977804535	-35.026334964643276	3.7762119747186	Levy
2456822.97283478	-49.14573465832072	2.688219055529514	Levy
2456826.9579257686	-11.382844476688675	2.863564422560504	Levy
2456839.975658415	56.26072227365981	3.0399201108255185	Levy
2456854.979353	-72.31	6.122457	Levy
2456865.891153693	9.87964464833338	2.33108226060944	Levy
2456870.8928912748	34.86900217262235	2.669144146602865	Levy
2456892.9429325266	-62.32055668658525	2.85664296574917	Levy
2456905.99196627	-65.95924925818441	2.8194854193795127	Levy
2456908.9915197836	49.883722202434384	2.6595562450726455	Levy
2456935.910621306	115.46507977312345	3.513121923840559	Levy
2456937.872249702	-9.823504485821589	3.268582208996977	Levy
2456949.818193182	145.41941639889353	3.230953368830393	Levy
2456970.8057992137	11.16493017120892	3.2895542795139705	Levy
2457028.713375627	101.91308582179794	3.344801797021609	Levy
2457181.9635344003	2.656144428727788	4.259285388254601	Levy
2457189.9614756214	80.70894969760073	3.458605473835653	Levy
2457196.9486623365	-14.79259512758335	2.8464501008398098	Levy
2457208.8810399147	95.31549408226259	3.2372066475379886	Levy
2457211.889041406	20.566223934985874	3.607605561095729	Levy
2457218.9421801446	33.264657148082094	2.708458924319601	Levy
2457226.843552	100.45	5.89756	Levy
2457227.8139195843	41.66786033866685	3.2527737659502844	Levy
2457229.8536584433	-36.8849759458774	3.1839648503696454	Levy
2457232.839596865	7.274700748445144	3.1552508570668225	Levy
2457233.8912803982	-54.55934091163657	3.3921685068359975	Levy
2457235.834733611	76.12558844749626	3.62607952070943	Levy
2457238.807940694	-44.285938429564936	3.3116447199642933	Levy
2457250.0272582164	66.3004558003845	3.631416764528538	Levy
2457261.0264516096	-42.00412299626936	3.2327350213245274	Levy
2457263.033886322	45.13087823564355	3.6233953747250465	Levy
2457274.93196504	-63.58625010765692	2.629292848856767	Levy
2457286.922631899	29.054532758788643	3.710172675779247	Levy
2457305.83243875	6.203326043292545	3.186677441030387	Levy
2457308.8397098007	-65.76003493609683	3.221253168065508	Levy
2457318.831167972	-7.832695612217083	2.87499937653751	Levy
2457321.7671895362	-133.34892306804133	2.992422157227953	Levy
2457325.7905319147	-131.49361055710546	3.1070087276881546	Levy
2457558.992489	-37.92	4.958192	Levy
2457560.989241	-144.69	5.311295999999999	Levy
2457563.962233	-26.15	4.901968	Levy
2457566.930262809	-125.43152361556471	4.187381140715351	Levy
2457576.9048204767	-107.50803870252025	4.3443190431034875	Levy
2457587.860437039	-95.78897300616278	3.8962069710975467	Levy
2457588.896171895	-193.52295809494075	3.445027720238084	Levy
2457591.8593541514	-67.15923905313366	3.5804497353466944	Levy
2457593.8778097704	-221.6198003114434	3.584209425322971	Levy
2457599.8449116	-142.59894380379492	4.070300515226754	Levy
2457608.02185263	-216.71847056329221	3.909571527907163	Levy
2457614.9844855242	-83.99456708910789	3.6945164211478536	Levy
2457621.9611076196	-188.93855615613256	3.9596910560394485	Levy
2457648.898510472	-148.9749417771203	3.7993747173099255	Levy
2457650.016286791	-149.50072163006678	4.133612447890522	Levy
2457668.852775491	-58.64430491073684	3.424956437936668	Levy
2457669.8951039994	30.51328207723858	3.608164841463153	Levy
2457670.8141846675	0.04670360510589627	3.5486569327156094	Levy
2457683.07363	-14.89	5.442419	Levy
2457684.8841327326	11.980307493665634	3.475094845568019	Levy
2457687.773442774	4.535736522135574	3.7509202664831185	Levy
2457694.7099632416	-54.8381157494876	3.4564798072862537	Levy
2457696.8043326293	-2.5028755086467136	3.2311658781992856	Levy
2457698.7937027276	-8.427160325797939	3.3596711862289568	Levy
2457700.7642055196	-64.04843353785361	4.223559648607668	Levy
2457701.8011435755	12.808956896770228	3.8418836523456634	Levy
2457702.7445172784	40.890144085732345	3.596344625486737	Levy
2457705.5807202645	-61.992918020647025	3.610870601983986	Levy
2457707.657706817	34.743501623926775	3.4184082149895336	Levy
2457711.628528819	50.66494012893945	2.6110825040370798	Levy
2457722.68427539	-69.8381710914689	3.2368509349346963	Levy
2457724.573368184	-13.604431901184151	4.886113840972489	Levy
2457727.642635504	-89.57888148252772	4.483360190630713	Levy
2457743.709971	39.061178445726185	3.4838463997190883	Levy
2457745.670445841	-39.137537123899335	2.8696944912904	Levy
2457749.6956544723	-3.5242298033758797	3.5974196048120666	Levy
2457751.6570551423	-69.96017122526573	3.16668845397754	Levy
2457753.6928739157	49.07793482253069	3.434892638388302	Levy
2457783.664594869	-72.91533632612607	4.492333568686509	Levy
2457798.6794034727	1.9381697885048519	3.1388874672458895	Levy
2457829.665435799	-113.28146399095	4.600616279766244	Levy
2457845.6300059063	25.584009506070977	7.031449214313122	Levy
2457903.9625740917	18.670738980407087	4.570264234260136	Levy
2457917.956448896	29.994558645640375	3.6270045942516473	Levy
2457919.9831372434	132.61777819254687	3.6349561954521885	Levy
2457921.9480171725	17.577108151270515	3.303672563803467	Levy
2457930.9242982874	27.60452338826778	3.2086887979501553	Levy
2457933.9007511884	150.15562064047617	3.241784177328308	Levy
2457937.876366269	167.31967099100086	3.854001596171763	Levy
2457940.901386741	49.305938613605505	4.0763780999945824	Levy
2457950.8756510597	110.88263408607293	5.004948062444961	Levy
2457959.9035667856	84.16035937093268	3.5722112016797536	Levy
2457961.849476515	125.56349935839528	3.8489321312249247	Levy
2457962.8449064856	36.99069032826916	3.6670351878952423	Levy
2457964.8235215233	110.69642878091798	2.53555754616758	Levy
2457966.8792585246	80.49070726129071	3.929372524244133	Levy
2457981.9852987602	3.759317706265839	3.1509981177359383	Levy
2457991.8108167783	40.25330517472452	4.771094519887614	Levy
2457992.8642239366	133.45287698397874	4.6484614047731	Levy
2457997.021685909	78.13823249440172	3.225079146735626	Levy
2457997.959387807	156.72933970376147	3.408679090807415	Levy
2458011.8246931275	104.02460065546015	4.013142071916911	Levy
2458027.780409774	-35.92547933812446	4.557353640203994	Levy
2458032.8503082343	-39.153780172621296	3.560141907983061	Levy
2458039.7697167057	101.61321825607115	2.96240817655286	Levy
2458041.913984311	-24.651273186253952	3.5600840173449604	Levy
2458042.9244954297	7.6874246662936985	3.365416164880846	Levy
2458045.9195565097	-27.880809626327945	3.6317186688743974	Levy
2458051.704696159	-28.887442716220228	4.103405979209345	Levy
2458054.077408554	61.57135293777226	3.737621501207249	Levy
2458078.6422240343	-97.0015479103171	4.525086533612786	Levy
2458086.5767164486	2.91036967728357	3.8443573699998104	Levy
2458087.5752327424	-79.08676641688507	3.378411349040115	Levy
2458088.626486713	-65.84240322164625	4.230498059710605	Levy
2458093.6289672526	-47.25357575952239	4.23539361302208	Levy
2458094.6342267734	30.290059437046814	3.989389918820908	Levy
2458115.662437747	-70.34420583042473	4.024122048730848	Levy
2458131.664179596	108.25477816392063	4.482119669268128	Levy
2458150.7142694416	134.58924948725948	4.108298921772483	Levy
2458155.6838580323	108.88580285597428	4.223723656470895	Levy
2458165.6104691774	51.77086897265344	4.372268213376779	Levy
2458166.621383074	-5.486821019948781	2.758869847185617	Levy
2458175.7217691597	0.5825354916413692	4.463631965224068	Levy
2458205.6319055436	136.86708772418754	4.275510931421153	Levy
2458283.9484365066	36.870572834838825	3.8890248572421213	Levy
2458285.913540995	-58.76949961278498	3.426570307082641	Levy
2458291.900736804	-50.740457480681485	3.3358113393970665	Levy
2458294.9473166205	-32.643369154666686	3.4506017949300767	Levy
2458299.943671588	-62.433265704844935	3.4500896509809316	Levy
2458308.8853544956	-54.347793254707035	4.706907309284731	Levy
2458318.8263815143	-113.78366108929517	4.125532210931688	Levy
2458320.835391232	23.06037266241026	5.0024901964056925	Levy
2458321.8279161863	3.20053241903337	4.739610482172066	Levy
2458323.8694379264	-101.858873971674	4.100683879987932	Levy
2458326.8399564195	-43.4595027121381	3.0223363208923866	Levy
2458329.883308562	-11.841634186645898	3.795674193149461	Levy
2458330.8955790023	-1.606781668356247	3.714001093041173	Levy
2458332.772792777	-130.98406687573083	3.174831531530928	Levy
2458356.981163031	-20.436816840473647	3.292793609770284	Levy
2458369.9875595206	-64.69711398099474	2.814525136943391	Levy
2458379.922327293	4.009198342750509	3.383297078319441	Levy
2458385.9760773266	79.76983762434384	3.9542824732384663	Levy
2458387.8546999185	-50.49169560318445	4.550720368260093	Levy
2458389.988191803	74.07258522787075	4.091757856260799	Levy
2458390.96009886	75.30916746921635	3.9506726029913275	Levy
2458398.8665156807	55.36931648489875	3.1527401456057467	Levy
2458400.8730568616	34.22765163302333	3.7241205210270154	Levy
2458405.8805779633	7.21950504126427	3.5196060958431223	Levy
2458410.919592844	-30.6921488206945	3.309771309302801	Levy
2458414.822884434	35.13073174689609	3.3079051907096	Levy
2458418.8870768105	68.97614716916243	3.834657641870723	Levy
2458419.889298822	-5.244775598450087	3.49906419356536	Levy
2458470.6746183448	-43.370452288778196	5.316164185819086	Levy
2458475.6811760264	-69.43732710213557	3.0478095468862736	Levy
2458480.6662499104	-67.06651834447123	3.7748813416268026	Levy
2458488.6476758607	-1.591027996054583	4.318252742094386	Levy
2458667.9633813202	58.16244645532878	3.6629892215065616	Levy
2458669.9706268245	-64.4043412585399	2.682580424025987	Levy
2458676.8663702984	59.71732766854352	3.7188130097607597	Levy
2458677.93403141	1.2277634784635765	2.7991244452381	Levy
2458681.929784312	31.050910005652483	2.7872536034253113	Levy
2458686.9284789357	4.15680860701954	3.4806915776975673	Levy
2458688.9776091175	-50.66939917589697	2.86759357076434	Levy
2458690.90497193	57.48919335856332	3.269435655856178	Levy
2458695.889929081	17.34232133647556	2.6106325465385343	Levy
2458715.9799642977	-117.20022804680177	2.6881683026906957	Levy
2447046.9223	129.43	14.590354999999999	Hamilton
2447093.7593	-14.79	16.701042	Hamilton
2447094.7622730043	1.0416626625536942	14.319520615555255	Hamilton
2447149.7781369435	-118.76120201881093	13.114944350467976	Hamilton
2447193.6292561563	-10.48422370251086	10.796995011271443	Hamilton
2448845.9648	63.86	16.701296	Hamilton
2448855.9340702808	113.09341444295382	11.28671820941585	Hamilton
2448891.935110403	-8.143664800442211	9.887936625446425	Hamilton
2448907.838288309	5.732269135718979	10.474798517544295	Hamilton
2448933.8283981457	17.807792920697246	9.35035400140279	Hamilton
2448935.847842961	0.4729293634097267	11.0562342631495	Hamilton
2449255.8549	3.09	14.341548000000001	Hamilton
2449298.80331182	96.72171817692478	10.1175178297893	Hamilton
2449350.7059287285	65.19118077756039	13.542883682019623	Hamilton
2449588.992418545	-16.951786065852353	9.78209109310868	Hamilton
2449602.9621	-48.51	15.739408000000001	Hamilton
2449622.9279	7.04	16.127956	Hamilton
2449680.748675204	-131.47546188671143	6.352616254517418	Hamilton
2449942.007812	23.53	8.950524	Hamilton
2449969.9797131894	-17.297084748936804	6.413179783625309	Hamilton
2449984.8533724975	-49.39102057067446	6.896542049998554	Hamilton
2450032.741374153	33.27208636511441	7.948807500079503	Hamilton
2450056.8424314586	52.71589705511942	6.271671085454187	Hamilton
2450068.678153853	-56.020925834966604	5.10282052707104	Hamilton
2450069.598633	7.54	11.476276	Hamilton
2450072.6673369207	-86.0739468708081	6.8904747923313545	Hamilton
2450073.652344	-57.47	9.023259	Hamilton
2450080.780273	-13.68	11.253721999999998	Hamilton
2450086.738281	-88.31	9.399559	Hamilton
2450087.688477	-17.71	9.793122	Hamilton
2450088.740234	57.14	9.723785	Hamilton
2450089.709961	9.55	9.779777	Hamilton
2450090.6455378956	-60.99640557755323	5.504140675397525	Hamilton
2450091.663086	-78.65	10.276253	Hamilton
2450299.007812	11.53	10.450578	Hamilton
2450325.849609	13.41	9.400592	Hamilton
2450326.914062	-27.09	9.127265	Hamilton
2450327.917969	37.37	8.584942	Hamilton
2450421.6601353562	143.72588521426792	4.911816645179661	Hamilton
2450437.742840766	44.46748694453033	5.75053421654766	Hamilton
2450441.771227987	41.162807262192494	7.1149953574371185	Hamilton
2450640.982422	-56.35	9.582133	Hamilton
2450655.995117	57.4	9.001143	Hamilton
2450656.945312	100.71	9.830414	Hamilton
2450681.981445	8.8	9.375403	Hamilton
2450767.727539	100.52	11.099833999999998	Hamilton
2450793.71582	-36.96	9.632544	Hamilton
2450977.996094	-66.4	11.242046	Hamilton
2450979.992188	68.24	9.731936	Hamilton
2451014.980469	-114.22	8.196493	Hamilton
2451025.970703	2.38	8.223897	Hamilton
2451026.954102	-25.23	8.04853	Hamilton
2451028.006836	-124.67	8.835349	Hamilton
2451045.019531	-22.42	9.157201	Hamilton
2451046.006836	-114.33	9.201202	Hamilton
2451046.985352	-170.05	8.708853	Hamilton
2451047.957031	-101.99	8.953641	Hamilton
2451048.9296893496	-26.19968269875472	5.879815854124156	Hamilton
2451049.916304516	-38.660622850903906	5.553644133674794	Hamilton
2451074.914062	-163.99	7.7797	Hamilton
2451100.904297	-97.23	10.503003	Hamilton
2451101.87793	-172.78	9.93509	Hamilton
2451130.855469	-112.7	10.506296000000003	Hamilton
2451131.798828	-14.68	9.946566	Hamilton
2451132.72168	12.36	11.121566	Hamilton
2451133.84082	-92.73	12.106431	Hamilton
2451154.725586	3.27	10.175612999999998	Hamilton
2451174.669922	-8.72	10.450460999999999	Hamilton
2451175.607422	-72.42	10.048059	Hamilton
2451206.6450682133	35.303065056283984	8.137454708962753	Hamilton
2451212.673828	-99.88	11.526857999999999	Hamilton
2451213.666016	-98.25	10.936891	Hamilton
2451239.634611958	-49.28400294435052	7.534040566615205	Hamilton
2451240.6466005305	-118.8765585841029	7.994506596472578	Hamilton
2451242.635288757	-5.290090060746343	7.738519394195596	Hamilton
2451351.983398	-126.75	9.345803	Hamilton
2451353.962891	-15.57	11.04881	Hamilton
2451354.952148	-74.43	9.744152	Hamilton
2451362.979131474	7.348502386615455	5.832632307087001	Hamilton
2451363.989258	-22.61	7.759684999999999	Hamilton
2451364.975586	-95.76	8.522907	Hamilton
2451375.97168	-3.54	9.124943	Hamilton
2451376.995117	48.59	8.713252	Hamilton
2451377.95105919	28.708621613136337	5.19578057127877	Hamilton
2451378.971944199	-49.53026408833946	5.059134082085751	Hamilton
2451379.975422399	-52.71152611140381	5.484160560476371	Hamilton
2451380.962891	46.96	8.50439	Hamilton
2451386.983900424	58.254209257995186	6.639270609459484	Hamilton
2451387.984422851	-22.05702825208202	5.317959775211279	Hamilton
2451388.982810269	-39.97296141850952	6.2602851933641945	Hamilton
2451389.9869375234	48.46003203418331	6.544338155321282	Hamilton
2451392.0	34.67	9.309268	Hamilton
2451392.990843175	-48.47255006731083	5.8341736394002615	Hamilton
2451401.935547	7.45	9.609082	Hamilton
2451402.884671808	-7.930618218427238	6.8398734148492055	Hamilton
2451403.9209966436	79.29266538550246	6.23603199486606	Hamilton
2451405.976562	48.71	8.968622	Hamilton
2451406.992188	-15.33	7.883052999999999	Hamilton
2451408.022461	37.86	9.101938	Hamilton
2451409.983860039	104.16770384723806	7.480468957815713	Hamilton
2451416.8968814597	9.315663608621056	4.104601362697519	Hamilton
2451417.79954019	86.54285423764235	6.810657756296875	Hamilton
2451418.9348286185	115.14627754238246	5.730946352531105	Hamilton
2451419.9000970167	49.1186928446168	6.1502185192526495	Hamilton
2451425.950495373	4.421980709170988	6.275358805743702	Hamilton
2451426.953036247	88.54473602596471	8.693747417636123	Hamilton
2451427.9533262337	153.6330786487785	5.632523373306768	Hamilton
2451428.9344138815	80.37271229055195	7.2334579640381556	Hamilton
2451429.972329379	12.872502205909303	5.911147427570555	Hamilton
2451435.954977543	83.9304822874184	5.913401605557657	Hamilton
2451436.802994608	146.5319124371872	7.678788186452993	Hamilton
2451437.9753872934	106.00905878848829	7.668169077901485	Hamilton
2451438.8974227887	37.766689604213624	6.771973536540818	Hamilton
2451439.873233311	25.732544776420813	6.202152407040391	Hamilton
2451440.856144377	112.4770298138989	6.507227305108171	Hamilton
2451444.982055003	73.6958833187946	7.067828998442013	Hamilton
2451445.9220152083	150.72107423564776	6.993968478823322	Hamilton
2451446.942442288	134.18895966665366	6.6558397919009495	Hamilton
2451447.9344043154	36.22678864117149	7.383934620372162	Hamilton
2451453.861826434	45.659253535542966	6.080876434976535	Hamilton
2451454.8070622934	120.08460977429544	6.693856948522649	Hamilton
2451467.857518905	30.519375386170502	6.2721952848209925	Hamilton
2451468.8297957396	130.88103177431827	5.881228657172091	Hamilton
2451477.863281	98.9	10.719468	Hamilton
2451478.832608413	137.31301887833163	9.86041454756045	Hamilton
2451481.8206526935	25.831478694639376	12.658415489823795	Hamilton
2451482.8017254495	139.92812093949112	6.494321858478019	Hamilton
2451496.710078575	121.57055674843892	8.571134452694197	Hamilton
2451500.8073452013	77.79966943114913	8.90870588895924	Hamilton
2451501.706055	127.64	9.903187	Hamilton
2451533.7260704106	82.02777012364842	6.9968408467885	Hamilton
2451534.72496958	101.90767945699508	8.649792565923365	Hamilton
2451539.664209415	34.35425771747333	7.082856289039202	Hamilton
2451542.641602	61.11	9.304224	Hamilton
2451543.635742	90.0	9.459098	Hamilton
2451572.597656	-47.63	9.891233	Hamilton
2451573.661133	-73.63	10.367304	Hamilton
2451581.613281	-34.72	10.350265	Hamilton
2451734.001372778	17.780273573569964	5.472357801082765	Hamilton
2451738.996094	-12.44	8.733059	Hamilton
2451740.00293	0.1	9.436774	Hamilton
2451742.988281	30.38	7.830257	Hamilton
2451743.985352	-36.67	8.39876	Hamilton
2451744.986328	10.92	8.070394	Hamilton
2451745.985352	102.35	8.768229	Hamilton
2451746.975586	88.25	9.285757	Hamilton
2451751.0017406065	97.62617023255306	5.339841313050473	Hamilton
2451752.996606794	-23.06186207426213	4.9698570201966	Hamilton
2451774.9472536347	49.55786698249969	4.627458095520275	Hamilton
2451775.9779286957	-53.58978730390466	4.67214702015613	Hamilton
2451778.955562548	70.99989612507409	4.636587836215074	Hamilton
2451780.9580311044	-63.00873911796814	4.606622306117564	Hamilton
2451782.979161242	64.34807592968664	4.715668251449718	Hamilton
2451798.943787354	-67.66082821168477	7.230703223360427	Hamilton
2451802.9457405843	-6.726309189018718	5.450777706098003	Hamilton
2451803.9542004117	-77.94595880888903	5.575462851740314	Hamilton
2451804.933898695	-37.09288798035674	5.460881610927006	Hamilton
2451805.8755005943	42.96949435173468	6.09796884931854	Hamilton
2451806.9149363795	56.553452769788166	7.459172165447305	Hamilton
2451812.932617	-49.66	9.184663	Hamilton
2451813.8195575178	-79.79209100695188	4.662784488190755	Hamilton
2451814.880009154	18.023146406016647	4.926194056758371	Hamilton
2451815.9155793237	55.87786056452429	7.099675714356787	Hamilton
2451816.8015323533	-14.225320125484807	5.008946709349438	Hamilton
2451822.84188135	-66.93153579821546	6.986571918548104	Hamilton
2451823.819390064	-26.242692672535853	5.633884813289124	Hamilton
2451824.862605093	51.29050626453022	6.098491391046856	Hamilton
2451825.807210899	0.7890439267504534	5.889121640020973	Hamilton
2451826.812261174	-79.16467607615071	6.034582998997063	Hamilton
2451830.8226359542	-25.201540892231172	7.830975744976007	Hamilton
2451831.784605086	-90.1400575338928	7.525274172090022	Hamilton
2451837.78827371	-4.745978769926439	8.091231033866594	Hamilton
2451865.787567987	87.59547664476878	5.8253962991062656	Hamilton
2451866.7184470557	107.46202810111343	7.199497819269195	Hamilton
2451877.7643120876	-9.112056667506296	7.390244262918663	Hamilton
2451881.6267525596	63.74777732976356	5.632895676475279	Hamilton
2451882.629398265	4.984141677990945	7.122885571091139	Hamilton
2451886.6722252434	54.9788116078932	8.239417375059338	Hamilton
2451887.665723391	13.33796919418721	7.380356002641414	Hamilton
2451891.762348738	6.364604202103703	5.701292751578516	Hamilton
2451895.651367	32.04	9.427589	Hamilton
2451896.712891	13.4	11.496905	Hamilton
2452111.936906061	29.006927658740622	6.722687934751401	Hamilton
2452120.93721377	64.56917153407514	7.129782647747242	Hamilton
2452121.8946919977	-16.624989072827844	6.466145521621432	Hamilton
2452124.961914	101.08	9.353586	Hamilton
2452129.8929205835	73.61043209715082	6.1637659163036576	Hamilton
2452145.907012723	-42.162317447567744	7.634997472798821	Hamilton
2452146.910351366	7.395441634898816	6.252837430666909	Hamilton
2452147.8234469495	73.39659900574067	6.8138990754362325	Hamilton
2452148.945312	59.71	7.457313	Hamilton
2452156.878906	71.51	8.113223	Hamilton
2452157.9073865386	71.84086070323647	5.793048045959896	Hamilton
2452158.9360561473	-7.147237386029595	6.079844515772671	Hamilton
2452159.898129533	-40.14082509552026	5.59233657156479	Hamilton
2452160.905273	29.87	8.670849	Hamilton
2452161.901019	103.89	8.803104	Hamilton
2452162.807617	57.46	8.666104	Hamilton
2452167.801514806	30.102070338672753	6.8066947396099495	Hamilton
2452181.8236023257	5.882473718461699	6.964589414570856	Hamilton
2452187.7925789803	-44.47974596510808	5.649443598921683	Hamilton
2452219.820558959	-89.42796371881137	8.040033238087817	Hamilton
2452221.684424678	48.82535224846843	7.762814850670412	Hamilton
2452251.6387514165	-118.73225305515427	7.704982025585502	Hamilton
2452256.6443061177	-126.26057556979652	6.593607517736223	Hamilton
2452262.6550975507	-51.436636038603986	7.097207376588435	Hamilton
2452278.6172323236	-103.94438802435161	7.187117892301863	Hamilton
2452281.6365869893	-49.893791403090916	7.465861511802125	Hamilton
2452491.9156240746	-145.65417456688988	6.051760125046762	Hamilton
2452492.962451374	-103.29300716577364	5.805953350861101	Hamilton
2452493.9411709243	-12.897788323600409	5.637745640259096	Hamilton
2452508.9428850133	-49.683457419696026	5.543276634081786	Hamilton
2452509.8568701437	-132.28403441283237	6.0352081554464485	Hamilton
2452511.9722636947	-77.10984958725066	5.291403280696396	Hamilton
2452512.948594818	-28.120919607805526	5.213334427145038	Hamilton
2452513.9429340055	-85.7339310624994	5.617711677978523	Hamilton
2452515.909963987	-116.28739319450186	5.847691519889341	Hamilton
2452520.920592716	-99.21941705323731	6.501377789364288	Hamilton
2452522.8909040475	-70.37871969549877	5.419940456395165	Hamilton
2452524.9023001175	-169.4181652755324	5.468737716650939	Hamilton
2452534.87705147	-96.49945390601991	5.703045587113161	Hamilton
2452540.9264571113	-47.57073983452716	6.46351761043561	Hamilton
2452552.873588235	-153.895645292202	7.1454327691790755	Hamilton
2452553.82644746	-62.78974907824002	6.4878648838522315	Hamilton
2452554.814841593	-39.79727849023483	7.005581048350533	Hamilton
2452563.9005563315	-7.887937361397151	6.063924246342261	Hamilton
2452564.9488120386	-91.21599684668351	5.307526124477021	Hamilton
2452567.017680305	-81.11407162226527	6.502880050021268	Hamilton
2452570.7670487193	-131.84470726584212	6.783916783792994	Hamilton
2452574.7823032234	-111.86892319934834	7.974991456759002	Hamilton
2452575.7342858864	-83.48892385357438	7.450048796139663	Hamilton
2452593.753752564	-82.6098479619852	7.06995529603664	Hamilton
2452594.780045496	-7.73546506745667	6.719841606071118	Hamilton
2452597.7401494016	-59.97233132706901	7.595067919766881	Hamilton
2452607.796955857	-46.911113739390174	6.173446957363771	Hamilton
2452854.9928240553	179.34792261667715	6.037371529612581	Hamilton
2452889.96875	103.14	8.688559	Hamilton
2452891.005859	169.64	7.847593000000001	Hamilton
2452893.921355011	69.39990554042174	5.770460068655329	Hamilton
2452894.944572603	132.070050911386	4.636335105447004	Hamilton
2452896.8704087306	154.00129869296632	4.895811794492542	Hamilton
2452897.9355286844	63.33629084695211	6.011194376524706	Hamilton
2452925.824207417	37.79991130217645	5.676720099335269	Hamilton
2452937.7691274453	163.7023308689282	5.5240006647857545	Hamilton
2452970.7608782705	92.11704457810313	5.418972095397691	Hamilton
2452982.6710613156	52.42539473671399	6.9697250024263635	Hamilton
2452990.6737509468	-31.346370934128785	5.10028164730692	Hamilton
2452991.681450436	24.509240225805776	4.890542321515746	Hamilton
2452995.7205686034	-31.527698967812295	4.982079390832832	Hamilton
2453008.7202631896	-39.67645495165412	6.031772555937347	Hamilton
2453009.701501151	-54.230546692472856	8.898347167889508	Hamilton
2453013.645524905	-45.105397357417885	5.15621089466313	Hamilton
2453021.652072	10.6	10.429704	Hamilton
2453220.951172	-35.3	8.248038	Hamilton
2453247.010742	60.69	8.346695	Hamilton
2453247.91215391	8.467357526514762	4.7202782451019045	Hamilton
2453251.005859	33.73	8.82838	Hamilton
2453260.919691286	35.505832020035086	5.918811270829097	Hamilton
2453262.934135692	-85.29381973690471	5.034055786706269	Hamilton
2453281.939533177	-82.29320700575718	6.573670461645064	Hamilton
2453317.7380900946	30.744629422910858	8.779968863900631	Hamilton
2453336.741027721	-23.690676196666647	6.551888248200619	Hamilton
2453337.728516	13.43	11.082416	Hamilton
2453340.6601635534	49.75471822834275	4.608588529195566	Hamilton
2453360.712488	-0.13	8.644657	Hamilton
2453385.657525747	91.05310725292966	7.119605786693821	Hamilton
2453388.63912151	-10.040007306711091	6.698116062970801	Hamilton
2453390.656314179	92.46704880336095	7.085502184004028	Hamilton
2453391.607882924	-13.764977924634433	7.165425699996479	Hamilton
2453595.99	-43.34	9.238189	Hamilton
2453636.894167668	-70.61092771052157	5.981967160793536	Hamilton
2453637.831703487	-49.71516956194749	5.437418249743897	Hamilton
2453742.6779028783	-169.55890606675473	6.100150248704668	Hamilton
2453744.651523742	-105.07623551065794	6.374937732627567	Hamilton
2453751.7141642817	-150.66273760718724	6.900755713801002	Hamilton
2453753.593113	-151.45	13.439989	Hamilton
2453755.624122856	-100.32546035126077	6.364296354449497	Hamilton
2453949.9660295835	-18.006165610983444	6.397488481473862	Hamilton
2453951.9266300993	-53.745517705321795	7.053416621522431	Hamilton
2453953.982013366	37.23454714432418	6.716732218200095	Hamilton
2453957.9489145665	75.11331071541983	6.214597891750849	Hamilton
2453964.9509023335	-95.03755332901011	6.893443189659957	Hamilton
2453987.893762	-81.54	7.684748	Hamilton
2453988.79850552	-45.53910800358196	7.141491113026787	Hamilton
2453989.848267711	37.08741444077561	4.787698987828387	Hamilton
2454046.783698283	119.50071511622586	7.6973572866149365	Hamilton
2454047.731364486	48.56931095167969	7.8537925637674775	Hamilton
2454049.712956605	158.2134927768679	7.728128449216354	Hamilton
2454072.6773061696	149.75517986066936	6.337680184987201	Hamilton
2454073.6633108873	185.91896220970483	6.373663035216548	Hamilton
2454097.738975797	124.8249172043698	7.84511867671353	Hamilton
2454099.744704809	102.95953212484673	6.627820824025797	Hamilton
2454102.653097797	88.06972451035978	6.6370817123364265	Hamilton
2454103.6634303485	45.50298863110949	6.841363276551966	Hamilton
2454134.673468004	95.79173216106386	6.717877596990835	Hamilton
2454311.978256459	58.571767334434966	5.487907799033852	Hamilton
2454337.8868496786	100.67337991110332	5.8590985136671945	Hamilton
2454414.6989772595	102.37997574501996	7.186704070936128	Hamilton
2454426.7024181588	-63.410305128619086	6.447092457582009	Hamilton
2454428.701256238	73.28229015950822	6.652478132764663	Hamilton
2454672.961423564	4.393292856833492	4.545982382452802	Hamilton
2454723.966737692	-4.492254053197191	5.660812143708439	Hamilton
2454724.9740530187	-2.9107868014404703	5.615268744114367	Hamilton
2454783.6733057816	55.82289096616761	7.081134324147452	Hamilton
2454784.686192	105.94	10.509194	Hamilton
2454785.7316730586	17.85475437332184	6.502786780033306	Hamilton
2454844.6299634795	47.805485318421205	6.256398880380528	Hamilton
2454846.6673842417	-93.89283704452946	5.3582485763755185	Hamilton
2454848.6573852096	29.803997263604195	7.546598393523976	Hamilton
2454849.674877018	34.924019639923365	8.20171116774748	Hamilton
2454850.70595589	-59.63919353960375	8.082442007481035	Hamilton
2454863.6207890464	22.9473089936589	7.94758613755992	Hamilton
2454864.61019589	-71.67321681966297	10.685977867182324	Hamilton
2455048.9888314838	-51.29167906660799	7.933576547076144	Hamilton
2455107.9307088833	41.31462102390391	8.899630832174369	Hamilton
2455113.9545879643	-83.58773551536703	9.108208928633049	Hamilton
2455114.918043173	-102.54959937931054	9.051524832893572	Hamilton
2455115.941850988	-12.421230646894145	8.956257238517129	Hamilton
2455166.688679479	-68.69898558158727	6.9335397125642135	Hamilton
2455171.74389847	-27.303053159994537	10.363631867569405	Hamilton
2455201.703433633	-119.013419383826	9.876798050284652	Hamilton
2455228.614298876	23.460215208251995	9.062731338415661	Hamilton
2449617.921	-7.36	7.68	AFOE
2449620.828	-138.01	11.4	AFOE
2449621.875	-49.31	12.83	AFOE
2449671.674	-108.0	19.12	AFOE
2449909.99	-129.87	14.569999999999999	AFOE
2449972.946	5.33	10.05	AFOE
2449994.956	-76.46	9.76	AFOE
2449997.988	-89.85	10.42	AFOE
2450053.697	-83.41	11.559999999999999	AFOE
2450054.764	-89.32	9.82	AFOE
2450055.685	-17.12	13.079999999999998	AFOE
2450056.754	4.31	15.58	AFOE
2450057.685	-12.2	17.96	AFOE
2450291.933	165.16	12.380000000000003	AFOE
2450294.952	16.87	11.96	AFOE
2450413.793	25.42	11.78	AFOE
2450418.645	22.23	9.52	AFOE
2450419.641	19.14	12.09	AFOE
2450420.685	114.07	10.659999999999998	AFOE
2450465.597	35.39	10.349999999999998	AFOE
2450468.606	112.51	5.46	AFOE
2450470.658	76.66	9.03	AFOE
2450647.968	95.36	8.47	AFOE
2450708.991	41.79	6.55	AFOE
2450711.011	80.46	8.21	AFOE
2450711.838	134.52	8.69	AFOE
2450732.837	-12.21	15.489999999999998	AFOE
2450734.862	114.47	13.009999999999998	AFOE
2450735.928	97.05	15.760000000000002	AFOE
2450738.695	60.57	9.99	AFOE
2450760.795	-28.08	9.08	AFOE
2450761.838	64.52	10.65	AFOE
2450767.762	124.4	19.89	AFOE
2450769.817	-15.92	21.72	AFOE
2450831.645	8.29	9.49	AFOE
2450850.58	58.61	13.07	AFOE
2451061.888	-70.25	12.66	AFOE
2451063.921	-43.32	16.75	AFOE
2451065.967	-97.18	14.72	AFOE
2451093.936	-141.33	15.73	AFOE
2451095.838	-39.77	22.9	AFOE
2451097.848	-176.76	15.380000000000003	AFOE
2451099.868	-25.74	15.25	AFOE
2451125.812	-135.65	14.930000000000001	AFOE
2451126.714	-60.96	17.08	AFOE
2451127.776	8.97	15.470000000000002	AFOE
2451155.644	61.05	12.44	AFOE
2451156.725	-37.24	14.58	AFOE
2451180.641	-96.65	25.42	AFOE
2451181.587	-46.62	10.19	AFOE
2451206.611	74.93	13.17	AFOE
2451213.581	-74.08	19.37	AFOE
2453220.855083	88.18	8.42	HRS
2453221.85156	59.52	5.3	HRS
2453222.857669	139.98	4.78	HRS
2453227.838449	156.34	6.609999999999999	HRS
2453237.839341	181.21	7.44	HRS
2453240.843498	67.25	4.86	HRS
2453255.800928	146.32	5.13	HRS
2453257.76219	46.36	4.49	HRS
2453261.755993	104.59	4.18	HRS
2453263.778727	25.67	5.24	HRS
2453265.771444	149.36	5.73	HRS
2453286.698745	35.97	4.49	HRS
2453288.669645	171.86	4.78	HRS
2453293.678115	156.09	4.66	HRS
2453295.673163	42.51	5.21	HRS
2453297.657779	188.59	4.81	HRS
2453299.884582	47.13	7.0	HRS
2453302.637724	196.58	6.869999999999999	HRS
2453306.852533	201.12	6.58	HRS
2453310.846963	165.25	8.05	HRS
2453313.852023	67.26	6.79	HRS
2453315.623737	198.08	8.64	HRS
2453319.82596	162.5	6.869999999999999	HRS
2453321.605156	208.33	7.62	HRS
2453327.587001	95.66	8.45	HRS
2453330.570166	226.06	7.5600000000000005	HRS
2453337.561394	106.72	9.08	HRS
2453340.77961	151.59	8.28	HRS
2453341.763587	112.84	7.8999999999999995	HRS
2453342.780068	172.27	9.48	HRS
2453347.77961	204.55	10.67	HRS
2453358.712495	191.51	10.0	HRS
2453359.717439	110.21	10.7	HRS
2453360.734667	113.24	9.710000000000003	HRS
2453361.74107	206.51	11.01	HRS
2453365.718103	168.28	11.02	HRS
2453366.705087	233.64	10.64	HRS
2453369.675249	111.82	10.57	HRS
2453371.69101	233.01	11.199999999999998	HRS
2453377.686322	125.63	9.44	HRS
2453378.662047	100.54	9.07	HRS
2453379.663556	146.99	8.41	HRS
2453389.638749	219.99	9.32	HRS
2453392.635122	83.47	8.93	HRS
2453395.621947	178.55	9.34	HRS
2453396.620749	93.04	9.62	HRS
2453399.620826	223.17	9.07	HRS
2453568.909399	107.72	4.6	HRS
2453570.908804	163.67	6.5	HRS
2453575.902647	129.85	4.77	HRS
2453582.896324	122.71	4.72	HRS
2454034.662587	123.16	6.609999999999999	HRS
2454035.762505304	207.91534628678417	4.730290700833694	HRS
2454036.888984	233.12	7.06	HRS
2454037.7569415653	181.5207055702918	4.812404837324307	HRS
2454038.63806	117.18	7.910000000000001	HRS
2454039.753295617	167.09306040372036	5.229903368921438	HRS
2454040.7397627095	255.22785345088576	5.213261726000473	HRS
2454041.628609	249.18	7.49	HRS
2454352.779142	128.86	4.37	HRS
2454357.882697926	140.20325531829468	2.7173351440218276	HRS
2454361.742742	122.16	4.31	HRS
2454368.727128	244.91	3.51	HRS
2454370.738514	134.76	3.68	HRS
2454377.94431	243.52	3.79	HRS
2454401.640682	224.13	3.6600000000000006	HRS
2454422.806929	112.94	4.57	HRS
2454423.564408	164.27	4.52	HRS
2454467.706165	43.03	8.52	HRS
2454653.940848	95.88	10.16	HRS
2454659.927672	180.09	9.55	HRS
2454663.922889	149.26	10.16	HRS
2454669.885271	126.24	9.83	HRS
2454671.894518	40.7	9.81	HRS
2450319.4928	-28542.0	8.0	ELODIE
2450320.4366	-28543.0	7.0	ELODIE
2450324.56855	-28518.5	5.65685424949238	ELODIE
2450325.5939319506	-28617.04564315353	3.607277107844653	ELODIE
2450326.5861512194	-28674.097560975613	6.246950475544242	ELODIE
2450327.5870016953	-28634.000000000004	4.209217756815842	ELODIE
2450328.55155	-28524.0	5.65685424949238	ELODIE
2450329.5286960453	-28552.813559322036	4.209217756815842	ELODIE
2450380.4722	-28624.0	8.0	ELODIE
2450381.4117	-28730.0	8.0	ELODIE
2450382.4313	-28736.0	7.0	ELODIE
2450384.3418	-28601.0	7.0	ELODIE
2450385.3961	-28630.0	9.0	ELODIE
2450447.3669	-28627.0	9.0	ELODIE
2450476.2844	-28524.0	8.0	ELODIE
2450479.2641	-28683.0	7.0	ELODIE
2450700.607	-28649.0	8.0	ELODIE
2450701.6122	-28598.0	8.0	ELODIE
2450702.5707	-28515.0	7.0	ELODIE
2450730.5038	-28545.0	8.0	ELODIE
2450733.5478	-28687.0	10.0	ELODIE
2450735.5035	-28544.0	11.0	ELODIE
2450797.3255	-28741.0	8.0	ELODIE
2450821.3223	-28768.0	7.0	ELODIE
2450823.3477	-28657.0	7.0	ELODIE
2450825.362636601	-28797.261437908495	5.030625164180259	ELODIE
2450859.2763	-28709.0	8.0	ELODIE
2450863.2778	-28778.0	8.0	ELODIE
2451053.6222	-28660.0	9.0	ELODIE
2451118.465961326	-28696.154696132595	6.689647316224497	ELODIE
2451122.4978	-28709.0	11.0	ELODIE
2451152.3842	-28758.0	12.0	ELODIE
2451155.3457	-28612.0	13.0	ELODIE
2451158.3708	-28760.0	9.0	ELODIE
2451174.2994	-28634.0	12.0	ELODIE
2451420.615	-28623.0	8.0	ELODIE
2451421.6332	-28623.0	8.0	ELODIE
2451439.5607	-28630.0	8.0	ELODIE
2451505.4202	-28585.0	8.0	ELODIE
2451508.4294	-28673.0	7.0	ELODIE
2451511.525	-28564.0	9.0	ELODIE
2451556.3543	-28645.0	8.0	ELODIE
2451559.3682	-28743.0	7.0	ELODIE
2451561.3401	-28604.0	8.0	ELODIE
2451587.2654	-28746.0	9.0	ELODIE
2451590.2544	-28636.0	8.0	ELODIE
2451808.531	-28743.0	9.0	ELODIE
2451852.4633	-28573.0	10.0	ELODIE
2451882.3859	-28670.0	8.0	ELODIE
2452159.6317	-28693.0	8.0	ELODIE
2452160.6492	-28638.0	8.0	ELODIE
2452162.5376	-28571.0	8.0	ELODIE
2452216.4137	-28664.0	7.0	ELODIE
2452218.4181	-28658.0	7.0	ELODIE
2452249.3539	-28676.0	8.0	ELODIE
2452250.3273	-28667.0	9.0	ELODIE
2452531.5868	-28707.0	8.0	ELODIE
2452885.5724	-28540.0	8.0	ELODIE
2451452.86276301	-10.340075700227104	7.5844871360781765	HJS
2451504.69248	0.8	8.1	HJS
2451530.78235	-22.2	9.4	HJS
2451532.65475	-16.0	10.8	HJS
2451557.64589	26.8	7.700000000000001	HJS
2451750.96883	113.1	10.6	HJS
2451775.91401	-54.7	8.1	HJS
2451778.93251	63.8	9.8	HJS
2451809.77554	-62.0	8.6	HJS
2451859.76793	-50.3	6.8	HJS
2451861.855708775	96.42428441203282	5.219702611352218	HJS
2451862.794737151	78.30507757983744	7.700374829485372	HJS
2451918.761859947	13.255929854164155	6.416043725732753	HJS
2451920.67309	46.5	6.8999999999999995	HJS
2451946.68903	23.8	14.299999999999999	HJS
2451987.57597	6.3	9.1	HJS
2452142.8769	55.5	9.3	HJS
2452218.75362	-63.5	9.6	HJS
2452249.68686	-6.3	8.5	HJS
2452329.57235	-125.9	8.7	HJS
2452495.93509	-151.8	14.9	HJS
2452539.842895669	-108.95401201029453	6.611164809848541	HJS
2452577.85533	5.0	8.5	HJS
2452619.75862	44.4	8.5	HJS
2452933.79377894	97.21510284035259	7.132331923569779	HJS
2452958.68304	-5.6	9.1	HJS
2453015.67064	28.9	8.200000000000001	HJS
2453035.57199	-20.0	7.0	HJS
2453394.6459865524	79.89503608922777	5.956489695030469	HJS
2453632.91257	-106.3	9.2	HJS
2453690.7804	-29.4	10.0	HJS
2453691.77259	-130.3	13.399999999999999	HJS
2453746.71222	-150.9	8.3	HJS
2455391.61264502	-28699.5792388916	1.8041800000000003	SOPHIE
2455393.6169330613	-28569.578042430374	0.5791290222763245	SOPHIE
2455407.60076097	-28544.0483093262	0.7793410000000001	SOPHIE
2455441.59008039	-28692.64402849148	0.4064909998984684	SOPHIE
2455443.6063117753	-28672.447831616122	0.37843278721162615	SOPHIE
2455444.5879579573	-28615.997111781	0.5227044859848152	SOPHIE
2455445.5304431566	-28618.76793723903	0.4356249707270822	SOPHIE
2455448.526629772	-28612.16940761471	0.5385519028251912	SOPHIE
2455469.49232394	-28670.8106994629	0.327598	SOPHIE
2455470.6082557775	-28659.880707481734	0.3611246086760974	SOPHIE
2455475.622467125	-28610.28949257962	0.37896178792013396	SOPHIE
2455523.499112307	-28459.008957501	0.8241997979149944	SOPHIE
2455524.4522705595	-28550.131951746327	0.6356495099028684	SOPHIE
2455525.42426153	-28606.794814581874	0.7520088320268897	SOPHIE
2455819.536603923	-28551.84007614232	0.3741534224628048	SOPHIE
2455820.508431555	-28639.29301351478	0.40822809353632217	SOPHIE
2455821.5158957914	-28645.103360084722	0.41646741634118933	SOPHIE
2455823.500098493	-28526.873366128224	0.6067351501180022	SOPHIE
2455824.602426512	-28604.96556999623	0.6631402099498805	SOPHIE
2455847.560925386	-28615.333671371034	0.5239598032473141	SOPHIE
2455917.39629763	-28748.7869262695	0.663463	SOPHIE
2455919.37525791	-28678.373195232685	0.535430159474081	SOPHIE
2455929.297058788	-28625.459956116152	0.6381703657661086	SOPHIE
2455934.2879158994	-28615.39752894479	0.6406501513336336	SOPHIE
2455935.26888029	-28688.5890960693	1.03803	SOPHIE
2456168.585640427	-28776.539717099346	1.3225800674117325	SOPHIE
2456239.42954728	-28588.5276794434	0.8196399999999999	SOPHIE
2456283.39773086	-28721.9505310059	2.0961600000000002	SOPHIE
2456296.353518646	-28750.322634598437	0.4162620456882842	SOPHIE
2456490.55919396	-28662.0788574219	0.455489	SOPHIE
2456517.6291399817	-28623.12307329184	0.46870921702602086	SOPHIE
2456519.6418771967	-28571.45155757063	0.5497360578131039	SOPHIE
2456523.6142886467	-28622.034493482635	0.49473205735343123	SOPHIE
2456524.6274496894	-28522.100611993264	0.5573662306219681	SOPHIE
2456554.55425845	-28630.4950714111	0.443591	SOPHIE
2456555.5561782434	-28642.300876164518	0.4143876211076402	SOPHIE
2456583.4486890137	-28651.968558543813	0.6627151435798504	SOPHIE
2456613.3354028077	-28566.51655907265	0.5419865290068406	SOPHIE
2456625.45655482	-28652.0290374756	0.43814800000000004	SOPHIE
2456640.3147197	-28570.2018737793	0.487984	SOPHIE
2456641.32837277	-28604.354858398397	1.21349	SOPHIE
2456642.36164154	-28694.3416595459	1.55199	SOPHIE
2456696.27368966	-28483.7455749512	0.903229	SOPHIE
2456962.403459	-28565.071105957	0.388702	SOPHIE
2456969.361221711	-28531.771068386624	0.44588471258187146	SOPHIE
2457231.59548702	-28520.463943481398	0.7517959297575373	SOPHIE
2457260.61410242	-28641.006469726603	0.47576972665355666	SOPHIE
2457312.35896472	-28738.5940551758	0.5095772089688667	SOPHIE
2457599.58413156	-28787.0502471924	0.799147	SOPHIE
2457667.4886632483	-28707.692554607802	0.8524135861997502	SOPHIE
2457710.44494483	-28644.2737579346	0.6560710000000001	SOPHIE
2458059.48848803	-28590.3911590576	0.693531	SOPHIE
2458091.41678848	-28625.0133514404	0.934418	SOPHIE
