time	mnvel	errvel	tel
2449611.4278	-45377.0	10.0	ELODIE
2449851.6145	-45353.0	8.0	ELODIE
2449910.5039	-45334.0	7.0	ELODIE
2449974.411	-45346.0	7.0	ELODIE
2450023.3041	-45339.0	7.0	ELODIE
2450264.6014	-45329.0	8.0	ELODIE
2450265.5452	-45333.0	7.0	ELODIE
2450326.4568	-45341.0	7.0	ELODIE
2450382.2709	-45325.0	7.0	ELODIE
2450648.605	-45337.0	7.0	ELODIE
2450654.4226	-45315.0	7.0	ELODIE
2450675.5229	-45317.0	7.0	ELODIE
2450701.4311	-45331.0	7.0	ELODIE
2450731.3787	-45332.0	7.0	ELODIE
2450944.6034	-45329.0	7.0	ELODIE
2450970.6033	-45340.0	7.0	ELODIE
2451025.5148	-45344.0	7.0	ELODIE
2451035.5205	-45327.0	7.0	ELODIE
2451054.4288	-45358.0	7.0	ELODIE
2451123.3543	-45339.0	8.0	ELODIE
2451153.2283	-45353.0	8.0	ELODIE
2451353.5572	-45355.0	7.0	ELODIE
2451417.4383	-45365.0	7.0	ELODIE
2451506.277	-45359.0	8.0	ELODIE
2451693.5662	-45352.0	7.0	ELODIE
2451755.482	-45344.0	8.0	ELODIE
2451781.4686	-45376.0	7.0	ELODIE
2451802.4195	-45372.0	8.0	ELODIE
2451853.2751	-45358.0	7.0	ELODIE
2451908.2554	-45347.0	11.0	ELODIE
2452075.5758	-45349.0	7.0	ELODIE
2452080.5827	-45348.0	7.0	ELODIE
2452081.5915	-45355.0	7.0	ELODIE
2452111.5041	-45352.0	7.0	ELODIE
2452142.5406	-45366.0	7.0	ELODIE
2452158.467	-45370.0	7.0	ELODIE
2452160.5008	-45370.0	8.0	ELODIE
2452164.3366	-45353.0	8.0	ELODIE
2452194.3754	-45357.0	7.0	ELODIE
2452196.3804	-45359.0	7.0	ELODIE
2452220.3583	-45359.0	8.0	ELODIE
2452247.2308	-45370.0	7.0	ELODIE
2452250.2645	-45350.0	11.0	ELODIE
2452360.6765	-45354.0	7.0	ELODIE
2452361.6715	-45354.0	7.0	ELODIE
2452454.5688	-45355.0	7.0	ELODIE
2452454.5814	-45339.0	7.0	ELODIE
2452480.5627	-45361.0	7.0	ELODIE
2452486.5041	-45356.0	7.0	ELODIE
2452513.5461	-45367.0	8.0	ELODIE
2452515.5449	-45376.0	11.0	ELODIE
2452532.3837	-45363.0	7.0	ELODIE
2452533.4095	-45371.0	7.0	ELODIE
2452565.331	-45356.0	7.0	ELODIE
2452597.2346	-45361.0	7.0	ELODIE
2452598.2306	-45369.0	7.0	ELODIE
2450233.922	-45342.0	5.0	AFOE
2450235.9114	-45320.0	7.0	AFOE
2450236.8773	-45337.0	7.0	AFOE
2450262.8718	-45345.0	6.0	AFOE
2450263.8871	-45340.0	11.0	AFOE
2450265.9091	-45343.0	10.0	AFOE
2450294.8766	-45341.0	15.0	AFOE
2450413.6031	-45316.0	7.0	AFOE
2450418.5752	-45309.0	9.0	AFOE
2450762.6222	-45309.0	14.0	AFOE
2450944.9822	-45347.0	9.0	AFOE
2451099.7332	-45341.0	9.0	AFOE
2452159.8382	-45374.0	18.0	AFOE
2455756.5	-45211.3	1.3	SOPHIE
2455757.487	-45209.7	1.2	SOPHIE
2455758.507	-45207.700000000004	1.1	SOPHIE
2455759.532	-45205.7	1.2	SOPHIE
2455760.522	-45205.5	1.1	SOPHIE
2455761.349	-45209.6	1.2	SOPHIE
2455762.493	-45210.4	1.1	SOPHIE
2455763.38	-45215.1	1.2	SOPHIE
2455765.622	-45216.700000000004	1.1	SOPHIE
2455767.627	-45219.700000000004	1.4	SOPHIE
2455769.479	-45217.799999999996	1.1	SOPHIE
2455772.359	-45214.399999999994	1.1	SOPHIE
2455785.487	-45218.1	1.1	SOPHIE
2455793.383	-45205.6	1.1	SOPHIE
2455796.467	-45208.799999999996	1.1	SOPHIE
2455798.493	-45210.700000000004	1.2	SOPHIE
2455813.428	-45203.8	1.1	SOPHIE
2455818.33	-45212.299999999996	1.0	SOPHIE
2455835.417	-45215.4	1.0	SOPHIE
2455848.299	-45204.799999999996	1.0	SOPHIE
2455908.236	-45207.5	1.4	SOPHIE
2456175.409	-45190.600000000006	1.2	SOPHIE
2456200.333	-45186.5	1.2	SOPHIE
2456220.319	-45185.6	1.1	SOPHIE
2456517.451	-45190.7	1.1	SOPHIE
2456519.428	-45190.1	1.1	SOPHIE
2456521.443	-45192.100000000006	1.2	SOPHIE
2456554.416	-45196.9	1.1	SOPHIE
2456557.378	-45197.7	1.1	SOPHIE
2456583.355	-45192.100000000006	1.2	SOPHIE
2456613.268	-45191.4	1.1	SOPHIE
2456624.292	-45205.0	1.1	SOPHIE
2456625.297	-45204.2	1.0	SOPHIE
2456626.28	-45203.5	1.1	SOPHIE
2456628.29	-45199.7	1.1	SOPHIE
2456629.263	-45201.5	1.1	SOPHIE
2456630.238	-45197.899999999994	1.0	SOPHIE
2456631.246	-45193.5	1.0	SOPHIE
2456638.266	-45204.4	1.1	SOPHIE
2456643.254	-45209.200000000004	1.0	SOPHIE
2456644.242	-45205.8	1.1	SOPHIE
2452511.779297	-11.82	3.001639	Hamilton
2452511.787109	-8.48	3.000885	Hamilton
2452512.793945	-22.98	3.482045	Hamilton
2452512.801758	-28.15	3.306701	Hamilton
2452513.817383	-15.42	3.341398	Hamilton
2452513.827148	-17.34	3.302486	Hamilton
2452514.720703	-27.93	4.036517	Hamilton
2452514.743164	-17.15	3.814611	Hamilton
2452514.765625	-25.34	3.93929	Hamilton
2452515.668945	-10.24	3.980379	Hamilton
2452515.691406	-22.31	3.656544	Hamilton
2452515.713867	-15.13	3.774372	Hamilton
2452516.723633	-32.67	5.647517	Hamilton
2452516.746094	-20.14	5.072449	Hamilton
2452516.768555	-2.54	4.982111	Hamilton
2452520.757812	-14.28	3.611528	Hamilton
2452520.779297	-29.66	3.715117	Hamilton
2452520.802734	-15.62	3.408794	Hamilton
2452521.706055	-11.79	3.852595	Hamilton
2452521.728516	-9.39	3.962875	Hamilton
2452521.751953	-10.94	4.077206	Hamilton
2452522.71875	-3.88	3.90744	Hamilton
2452522.741211	-21.98	3.912968	Hamilton
2452522.763672	-7.54	4.114991	Hamilton
2452523.711914	5.76	5.218488	Hamilton
2452523.734375	-10.36	4.642602	Hamilton
2452523.755859	-2.42	4.228803	Hamilton
2452524.722656	-9.28	3.667024	Hamilton
2452524.745117	-3.57	3.973726	Hamilton
2452524.767578	6.79	3.693295	Hamilton
2452534.703125	-15.37	2.863434	Hamilton
2452535.647461	-14.42	2.925144	Hamilton
2452535.662109	-28.16	3.077438	Hamilton
2452540.677734	-6.71	4.195686	Hamilton
2452540.700195	-6.23	3.548104	Hamilton
2452540.722656	10.39	3.649666	Hamilton
2452551.667969	-16.61	4.187729	Hamilton
2452552.635742	-15.42	3.997613	Hamilton
2452552.65918	-15.51	3.855189	Hamilton
2452552.681641	-10.18	3.647717	Hamilton
2452553.651367	-6.1	3.797894	Hamilton
2452553.673828	-20.74	3.694807	Hamilton
2452554.642578	-19.12	4.876204	Hamilton
2452554.666016	-5.89	4.29126	Hamilton
2452570.648438	-15.3	4.276289	Hamilton
2452570.670898	-25.17	4.128899	Hamilton
2452570.693359	-16.12	4.542352	Hamilton
2452811.93457	-19.6	4.630384	Hamilton
2452812.928711	0.78	3.106638	Hamilton
2452812.93457	2.26	3.28321	Hamilton
2452813.945312	-4.4	3.597708	Hamilton
2452813.956055	2.13	3.382736	Hamilton
2452831.941406	7.98	3.493143	Hamilton
2452831.950195	6.63	3.402749	Hamilton
2452832.927734	0.35	3.2928	Hamilton
2452832.93457	7.32	3.437959	Hamilton
2452834.932662	2.79	2.795929	Hamilton
2452841.852539	-13.58	7.660948	Hamilton
2452841.874023	-4.32	6.075552	Hamilton
2452841.895508	-12.44	5.401926	Hamilton
2452842.864258	-0.68	5.906071	Hamilton
2452842.886719	0.93	5.831063	Hamilton
2452842.90918	-2.82	4.852554	Hamilton
2452843.859375	3.77	5.720687	Hamilton
2452843.881836	-6.05	4.958496	Hamilton
2452843.904297	6.01	5.056883	Hamilton
2452853.852539	-5.39	8.540982	Hamilton
2452853.87793	-6.5	9.751889	Hamilton
2452853.900391	3.31	10.294587	Hamilton
2452854.806641	-3.35	3.869519	Hamilton
2452854.829102	-0.85	3.96133	Hamilton
2452854.851562	-11.99	3.997626	Hamilton
2452855.799805	-11.41	3.659825	Hamilton
2452855.822266	-3.22	3.504448	Hamilton
2452855.844727	-3.11	3.505133	Hamilton
2452856.807617	-5.59	4.17791	Hamilton
2452856.824219	-4.89	8.361341	Hamilton
2452895.742188	3.64	3.350132	Hamilton
2452895.75	1.22	3.650954	Hamilton
2452896.739258	-6.63	3.148522	Hamilton
2452897.733398	0.77	2.771669	Hamilton
2452911.704102	-19.99	5.111993	Hamilton
2452911.726562	-7.74	4.326991	Hamilton
2452911.749023	-1.1	4.17089	Hamilton
2452911.771484	1.55	4.544134	Hamilton
2452912.702148	-3.26	3.063	Hamilton
2452912.724609	-5.52	3.514113	Hamilton
2452912.749023	-4.37	3.772679	Hamilton
2452912.771484	-12.69	3.995253	Hamilton
2452927.620117	-5.47	3.692084	Hamilton
2452927.642578	-4.82	3.56734	Hamilton
2452927.665039	-1.74	3.540176	Hamilton
2452927.6875	-12.4	3.550782	Hamilton
2452990.621094	1.1	2.876939	Hamilton
2453210.931641	8.81	3.368925	Hamilton
2453251.792969	8.91	3.607391	Hamilton
2453282.663086	20.37	3.23454	Hamilton
2453334.629883	21.29	3.341316	Hamilton
2453337.606445	29.22	3.691608	Hamilton
2453338.607422	27.29	3.33581	Hamilton
2453544.936944	17.0	3.590072	Hamilton
2453545.974861	24.89	3.405295	Hamilton
2453553.958669	33.66	3.881254	Hamilton
2453553.976481	16.77	5.056997	Hamilton
2453554.927361	27.69	3.851158	Hamilton
2453554.946458	35.75	4.725857	Hamilton
2453556.845787	35.62	4.028308	Hamilton
2453556.864745	19.93	4.411361	Hamilton
2453556.883981	29.26	4.098592	Hamilton
2453557.875116	20.81	5.104119	Hamilton
2453557.897743	35.74	4.774104	Hamilton
2453558.93853	27.06	4.153298	Hamilton
2453558.95941	28.61	4.169158	Hamilton
2453559.899097	16.36	4.565605	Hamilton
2453559.921956	22.69	4.648029	Hamilton
2453560.859965	11.13	4.868812	Hamilton
2453560.875613	25.33	4.737571	Hamilton
2453561.846887	22.54	4.435255	Hamilton
2453561.866146	23.69	4.448793	Hamilton
2453564.78397	22.49	4.863036	Hamilton
2453564.801968	39.86	5.782164	Hamilton
2453565.837002	29.18	4.962953	Hamilton
2453565.85515	40.44	5.713452	Hamilton
2453566.850984	28.46	5.16152	Hamilton
2453566.871528	32.38	4.931499	Hamilton
2453571.87316	4.3	4.403609	Hamilton
2453571.890579	13.72	4.605615	Hamilton
2453573.851134	6.29	4.750194	Hamilton
2453573.870208	21.11	5.055144	Hamilton
2453588.847905	23.91	4.980021	Hamilton
2453588.87059	37.4	5.449296	Hamilton
2453589.780729	37.0	5.969299	Hamilton
2453589.802465	16.64	5.462372	Hamilton
2453590.842963	13.01	5.519858	Hamilton
2453592.797859	20.28	5.90533	Hamilton
2453593.83125	7.74	4.867963	Hamilton
2453596.807546	14.02	5.107464	Hamilton
2453597.820035	-17.69	4.834721	Hamilton
2453636.680891	30.82	3.294824	Hamilton
2453866.938542	-5.44	3.381431	Hamilton
2453867.875185	-0.61	3.81618	Hamilton
2453868.976933	1.91	3.492225	Hamilton
2453869.998241	0.15	4.097789	Hamilton
2453894.93669	5.33	3.889744	Hamilton
2453896.902778	2.04	3.85213	Hamilton
2453989.864745	-6.73	3.27517	Hamilton
2450365.720509	21.2	1.195408	HIRES-pre
2450605.058553	33.99	1.075252	HIRES-pre
2450666.910278	23.56	1.048307	HIRES-pre
2451009.944792	-0.8	1.070437	HIRES-pre
2451013.925035	2.83	1.199565	HIRES-pre
2451052.018681	9.5	1.000064	HIRES-pre
2451068.819583	4.5	1.15721	HIRES-pre
2451069.855139	3.99	1.213005	HIRES-pre
2451070.899873	11.32	1.240551	HIRES-pre
2451071.835498	-3.19	1.217846	HIRES-pre
2451072.824109	3.29	1.217266	HIRES-pre
2451073.820405	3.63	0.989118	HIRES-pre
2451073.822025	1.21	1.118405	HIRES-pre
2451074.812176	-0.14	1.157585	HIRES-pre
2451075.746516	-11.97	2.313457	HIRES-pre
2451075.750926	-1.66	1.394326	HIRES-pre
2451341.101204	-7.7	1.227891	HIRES-pre
2451368.973565	-15.55	1.497217	HIRES-pre
2451410.906296	-6.82	1.156673	HIRES-pre
2451439.783935	-21.05	1.248646	HIRES-pre
2451679.061019	-18.62	1.144361	HIRES-pre
2451703.081794	-10.72	1.103548	HIRES-pre
2451704.023137	-7.9	1.240278	HIRES-pre
2451705.071609	-14.37	1.257975	HIRES-pre
2451706.074028	-15.22	1.110757	HIRES-pre
2452031.091678	-10.7	1.320114	HIRES-pre
2452094.883634	-14.88	1.50303	HIRES-pre
2452100.930926	-21.91	1.249613	HIRES-pre
2452127.95515	-16.88	1.344892	HIRES-pre
2452160.832407	-18.27	1.449551	HIRES-pre
2452189.78897	-23.99	1.346339	HIRES-pre
2452238.681435	-17.14	1.269117	HIRES-pre
2452446.935694	-14.07	1.155194	HIRES-pre
2452487.829595	-7.06	1.423997	HIRES-pre
2452487.830938	-9.12	1.482762	HIRES-pre
2452514.777882	-14.72	1.16994	HIRES-pre
2452515.887083	-15.4	1.313136	HIRES-pre
2452535.745023	-12.51	1.354425	HIRES-pre
2452536.855914	-11.71	1.536575	HIRES-pre
2452539.862928	-1.42	1.29424	HIRES-pre
2452572.739028	-9.17	1.352791	HIRES-pre
2452573.799213	-6.41	1.220215	HIRES-pre
2452573.80066	-5.47	1.183521	HIRES-pre
2452574.798391	-1.61	1.673265	HIRES-pre
2452601.694051	-16.71	1.349243	HIRES-pre
2452602.688704	-14.09	1.242306	HIRES-pre
2452602.690706	-6.41	1.190813	HIRES-pre
2452651.698287	-4.88	1.161015	HIRES-pre
2452776.124074	4.41	1.537354	HIRES-pre
2452779.116701	0.81	1.196002	HIRES-pre
2452803.959884	-2.64	1.124294	HIRES-pre
2452805.105058	-5.96	1.179824	HIRES-pre
2452806.039039	-7.01	1.29159	HIRES-pre
2452806.954317	-3.53	1.238904	HIRES-pre
2452828.925243	-3.91	1.181308	HIRES-pre
2452829.126343	-2.85	1.223204	HIRES-pre
2452830.028634	-8.28	1.417168	HIRES-pre
2452832.02125	1.5	1.179618	HIRES-pre
2452832.883762	3.84	1.13846	HIRES-pre
2452832.88515	3.23	1.354091	HIRES-pre
2452833.904641	-0.54	1.241605	HIRES-pre
2452834.914109	0.78	1.241177	HIRES-pre
2452835.979236	-4.8	1.259728	HIRES-pre
2452835.980752	-3.21	1.206734	HIRES-pre
2452848.81537	5.11	1.434179	HIRES-pre
2452848.817431	6.43	1.380729	HIRES-pre
2452849.966458	6.04	1.34392	HIRES-pre
2452849.968576	6.59	1.362	HIRES-pre
2452850.849861	6.55	1.222238	HIRES-pre
2452853.959884	2.08	1.403314	HIRES-pre
2452854.964421	-4.5	1.363446	HIRES-pre
2452855.990336	-2.96	1.436943	HIRES-pre
2452897.812847	7.4	1.396297	HIRES-pre
2452898.76706	9.8	1.273224	HIRES-pre
2452924.719236	-1.36	1.174315	HIRES-pre
2453072.162975	13.86	1.21416	HIRES-pre
2453072.165081	13.2	1.146835	HIRES-pre
2453072.166562	17.41	1.224575	HIRES-pre
2453074.147361	9.77	1.11122	HIRES-pre
2453077.129873	6.19	1.101098	HIRES-pre
2453154.109525	16.24	1.287018	HIRES-pre
2453180.085498	13.09	1.289894	HIRES-pre
2453180.086875	13.44	1.104196	HIRES-pre
2453180.972164	8.88	1.308426	HIRES-pre
2453181.970185	10.46	1.214123	HIRES-pre
2453181.971632	7.63	1.219216	HIRES-pre
2453190.085313	20.17	1.202318	HIRES-pre
2453190.086644	18.8	1.22107	HIRES-pre
2453195.871065	13.57	1.330846	HIRES-pre
2453196.879456	12.85	1.240888	HIRES-pre
2453196.880845	12.03	1.156161	HIRES-pre
2453238.785718	18.89	1.120577	HIRES-post
2453238.79162	21.84	1.173889	HIRES-post
2453239.862639	22.11	1.148188	HIRES-post
2453239.878576	19.67	1.13565	HIRES-post
2453240.918171	26.39	1.15886	HIRES-post
2453301.876215	17.8	1.068903	HIRES-post
2453301.877338	19.42	1.126621	HIRES-post
2453302.70978	18.79	0.974849	HIRES-post
2453302.711088	16.68	0.993659	HIRES-post
2453303.696968	14.39	1.190806	HIRES-post
2453303.705	17.71	1.034144	HIRES-post
2453303.707245	16.07	0.947821	HIRES-post
2453338.694387	21.16	1.022298	HIRES-post
2453338.695208	22.25	1.049671	HIRES-post
2453339.702627	23.1	1.086512	HIRES-post
2453367.692593	24.6	1.167141	HIRES-post
2453367.693646	21.7	1.12779	HIRES-post
2453368.696331	23.57	1.14552	HIRES-post
2453368.697604	22.63	1.073375	HIRES-post
2453368.698889	21.76	1.116302	HIRES-post
2453369.685243	22.37	1.063966	HIRES-post
2453369.686181	27.62	1.039975	HIRES-post
2453369.687211	20.53	1.153663	HIRES-post
2453370.692037	19.23	1.258349	HIRES-post
2453370.693935	26.11	1.171258	HIRES-post
2453479.122257	26.52	1.024145	HIRES-post
2453479.123194	25.83	0.986175	HIRES-post
2453479.124109	27.84	1.019557	HIRES-post
2453480.114942	31.28	1.035493	HIRES-post
2453480.115868	27.07	1.028431	HIRES-post
2453480.116806	29.54	0.990621	HIRES-post
2453547.077558	22.31	1.065745	HIRES-post
2453547.078368	21.81	1.093359	HIRES-post
2453547.079167	20.4	0.998631	HIRES-post
2453549.115197	24.1	1.037666	HIRES-post
2453549.116019	25.17	1.055114	HIRES-post
2453550.074572	34.06	1.022129	HIRES-post
2453550.075394	32.51	1.023115	HIRES-post
2453550.076215	31.34	1.028525	HIRES-post
2453550.077025	32.43	0.951701	HIRES-post
2453550.077859	31.52	1.005272	HIRES-post
2453551.074005	30.06	0.969404	HIRES-post
2453551.074826	32.61	0.97658	HIRES-post
2453551.075648	30.89	1.001918	HIRES-post
2453551.07647	30.48	0.901794	HIRES-post
2453552.00059	25.91	0.911241	HIRES-post
2453552.001424	28.81	1.036979	HIRES-post
2453552.002269	31.24	0.939951	HIRES-post
2453570.904491	25.98	1.102038	HIRES-post
2453570.905301	29.87	1.018002	HIRES-post
2453570.906123	28.59	1.03405	HIRES-post
2453602.923391	32.83	1.149687	HIRES-post
2453602.924178	31.38	1.162651	HIRES-post
2453602.924965	29.24	1.218276	HIRES-post
2453603.730891	31.5	1.189925	HIRES-post
2453603.731701	31.71	1.129042	HIRES-post
2453603.732535	29.19	1.067798	HIRES-post
2453604.897546	30.91	1.079708	HIRES-post
2453604.898403	28.22	0.9979	HIRES-post
2453604.899282	27.64	1.072214	HIRES-post
2453723.705093	19.37	1.1052	HIRES-post
2453723.706736	20.19	1.033336	HIRES-post
2453723.708484	21.01	1.12344	HIRES-post
2453960.853056	4.06	1.120796	HIRES-post
2453960.853866	8.81	1.108292	HIRES-post
2453960.854769	8.64	1.104985	HIRES-post
2454085.723889	-9.89	1.140453	HIRES-post
2454085.72515	-8.16	1.169779	HIRES-post
2454085.726412	-8.38	1.095911	HIRES-post
2454294.911505	-13.03	1.174028	HIRES-post
2454343.8439	-13.59	1.05615	HIRES-post
2454398.768322	-21.56	1.122815	HIRES-post
2454637.090567	-22.8	1.20643	HIRES-post
2454689.957292	-30.02	1.150989	HIRES-post
2454721.866019	-18.81	1.257834	HIRES-post
2454779.769086	-17.52	1.183754	HIRES-post
2454927.133277	-14.67	1.640642	HIRES-post
2454927.136703	-14.91	1.344196	HIRES-post
2454929.130257	-19.0	1.272117	HIRES-post
2454930.133638	-23.37	1.318388	HIRES-post
2454935.079063	-13.48	1.903854	HIRES-post
2454935.08507	-25.42	2.15969	HIRES-post
2454984.064243	-21.75	1.166854	HIRES-post
2454985.010535	-19.29	1.295865	HIRES-post
2454986.108317	-13.05	1.15551	HIRES-post
2455016.970471	-21.98	1.175375	HIRES-post
2455027.0629	-14.65	1.13535	HIRES-post
2455110.875307	-11.82	1.234714	HIRES-post
2455169.756271	-16.85	1.224299	HIRES-post
2455170.691113	-19.33	1.245667	HIRES-post
2455285.152653	-14.85	1.111432	HIRES-post
2455313.133806	-11.37	1.156367	HIRES-post
2455313.134466	-9.96	1.107638	HIRES-post
2455313.135137	-9.53	1.116668	HIRES-post
2455318.128295	-10.28	1.189549	HIRES-post
2455319.097536	-20.94	1.258761	HIRES-post
2455374.085097	-23.76	1.246556	HIRES-post
2455399.9351	-4.12	1.248977	HIRES-post
2455399.935806	-6.69	1.240604	HIRES-post
2455399.936524	-5.7	1.174874	HIRES-post
2455404.962323	-13.67	1.211552	HIRES-post
2455432.06835	-4.15	1.249374	HIRES-post
2455432.069068	-4.49	1.176738	HIRES-post
2455432.069785	-5.3	1.295258	HIRES-post
2455486.887508	-3.68	1.168596	HIRES-post
2455522.679771	-3.65	1.246353	HIRES-post
2455522.680408	-3.77	1.094153	HIRES-post
2455522.681056	-6.09	1.142229	HIRES-post
2455542.684447	-8.38	1.282863	HIRES-post
2455542.685153	-7.36	1.222954	HIRES-post
2455542.685848	-6.91	1.279628	HIRES-post
2455635.152263	-10.91	1.246562	HIRES-post
2455635.152969	-10.9	1.217594	HIRES-post
2455635.153675	-9.07	1.26071	HIRES-post
2455674.133452	0.45	1.197636	HIRES-post
2455674.134147	1.04	1.164591	HIRES-post
2455674.134806	3.76	1.18392	HIRES-post
2455704.079465	-3.85	1.159856	HIRES-post
2455704.080264	-7.7	1.188075	HIRES-post
2455704.080923	-5.42	1.182077	HIRES-post
2455726.995021	3.29	1.286005	HIRES-post
2455726.995681	-0.02	1.205335	HIRES-post
2455726.99634	2.37	1.187087	HIRES-post
2455768.763166	-7.67	1.156761	HIRES-post
2455770.090193	-5.11	1.354379	HIRES-post
2455782.838948	-1.44	1.33762	HIRES-post
2455782.839643	-2.11	1.208609	HIRES-post
2455782.840314	-2.48	1.241981	HIRES-post
2455785.959252	-4.44	1.295244	HIRES-post
2455785.960827	-4.75	1.402611	HIRES-post
2455785.962829	-6.2	1.298183	HIRES-post
2455880.784686	8.67	1.059518	HIRES-post
2455880.78538	9.1	1.249798	HIRES-post
2455880.786074	11.28	1.135869	HIRES-post
2455904.693048	-7.47	1.232613	HIRES-post
2455904.693696	-0.7	1.219047	HIRES-post
2455904.694344	2.4	1.13132	HIRES-post
2456000.159729	14.79	1.227092	HIRES-post
2456000.160401	14.18	1.162656	HIRES-post
2456000.161049	15.75	1.126507	HIRES-post
2456098.119418	20.94	1.352197	HIRES-post
2456098.12017	21.52	1.276288	HIRES-post
2456098.120969	19.23	1.210535	HIRES-post
2456477.082188	22.29	1.336222	HIRES-post
2456477.082871	23.15	1.292262	HIRES-post
2456477.083543	25.75	1.252819	HIRES-post
2456494.900956	28.43	1.194546	HIRES-post
2456519.01049	24.14	1.168227	HIRES-post
2456637.682277	8.97	1.239648	HIRES-post
2456637.682972	9.12	1.190853	HIRES-post
2456637.683701	10.34	1.269272	HIRES-post
2456831.127085	-7.35	1.062392	HIRES-post
2456831.127722	-6.3	1.040958	HIRES-post
2456831.128358	-6.15	1.051734	HIRES-post
2457207.136051	-23.16	1.204072	HIRES-post
2457214.949409	-12.38	1.370204	HIRES-post
2457214.950126	-14.51	1.27107	HIRES-post
2457214.950844	-9.21	1.341413	HIRES-post
2457555.987455	-8.89	1.020431	HIRES-post
2457555.988115	-9.41	1.104748	HIRES-post
2457555.988786	-7.48	1.156262	HIRES-post
2457556.941528	-11.89	1.237361	HIRES-post
2457556.942257	-8.75	1.25892	HIRES-post
2457556.942998	-11.59	1.143154	HIRES-post
2457562.024486	-14.22	1.134398	HIRES-post
2457562.025134	-21.9	1.152837	HIRES-post
2457562.025771	-18.92	1.059552	HIRES-post
2457568.948742	-20.15	1.197923	HIRES-post
2457569.923731	-19.37	1.222223	HIRES-post
2457569.925109	-24.14	1.159208	HIRES-post
2457569.926069	-24.59	1.184697	HIRES-post
2457570.963328	-17.03	1.201781	HIRES-post
2457570.964162	-15.91	1.287116	HIRES-post
2457570.964995	-16.7	1.221953	HIRES-post
2457579.979889	-19.48	1.246919	HIRES-post
2457579.980537	-17.79	1.152758	HIRES-post
2457579.981174	-22.34	1.10155	HIRES-post
2457581.001605	-21.83	1.264176	HIRES-post
2457581.002253	-20.08	1.101364	HIRES-post
2457581.002878	-18.65	1.166158	HIRES-post
2457594.898801	-16.75	1.928867	HIRES-post
2457594.900907	-15.68	1.485727	HIRES-post
2457594.904542	-13.94	1.327525	HIRES-post
2457617.846343	-22.64	1.126336	HIRES-post
2457617.846956	-24.19	1.176818	HIRES-post
2457617.847732	-26.79	1.048474	HIRES-post
2457618.847937	-26.78	1.19273	HIRES-post
2457618.848608	-22.71	1.090296	HIRES-post
2457618.849256	-24.91	1.289419	HIRES-post
2457620.857476	-21.57	1.106795	HIRES-post
2457620.858147	-21.83	1.190149	HIRES-post
2457620.85883	-22.17	1.218142	HIRES-post
2457621.860641	-15.76	1.18152	HIRES-post
2457621.8613	-19.31	1.145873	HIRES-post
2457621.86196	-15.83	1.124111	HIRES-post
2457633.79603	-25.95	1.418898	HIRES-post
2457633.796817	-26.34	1.341264	HIRES-post
2457633.797546	-27.13	1.288956	HIRES-post
2457651.822561	-20.0	1.118634	HIRES-post
2457651.823209	-17.07	1.19484	HIRES-post
2457651.823858	-21.28	1.052389	HIRES-post
2457652.823116	-18.67	1.169696	HIRES-post
2457652.823776	-17.1	1.162592	HIRES-post
2457652.824412	-16.98	1.209655	HIRES-post
2457653.856944	-23.75	1.046687	HIRES-post
2457653.857569	-20.63	1.118497	HIRES-post
2457653.858205	-22.35	1.086039	HIRES-post
2457668.781296	-20.59	1.166342	HIRES-post
2457668.781956	-17.33	1.152618	HIRES-post
2457668.78265	-16.07	1.071989	HIRES-post
2457678.802739	-12.94	1.167684	HIRES-post
2457678.804475	-16.15	1.273752	HIRES-post
2457678.805239	-11.24	1.155103	HIRES-post
2457697.788396	-22.11	1.152705	HIRES-post
2457697.789102	-22.76	1.302533	HIRES-post
2457697.789831	-20.34	1.157778	HIRES-post
2457714.756473	-21.75	1.142493	HIRES-post
2457714.758395	-19.42	1.17992	HIRES-post
2457714.761392	-16.95	1.089644	HIRES-post
2457717.697309	-25.8	1.537813	HIRES-post
2457717.704403	-24.34	1.380259	HIRES-post
2457717.708245	-24.95	1.196624	HIRES-post
2457718.763724	-28.18	1.116128	HIRES-post
2457718.764558	-22.18	1.253067	HIRES-post
2457718.765472	-25.6	1.084391	HIRES-post
2457933.015747	-9.97	1.129626	HIRES-post
2457933.016383	-9.97	1.084412	HIRES-post
2457933.017031	-10.28	1.116312	HIRES-post
2458265.127096	-13.04	1.153136	HIRES-post
2458265.127767	-16.15	1.257686	HIRES-post
2458265.128427	-17.08	1.167382	HIRES-post
2458300.132111	-19.63	1.360334	HIRES-post
2458592.134319	-10.99	1.205755	HIRES-post
2458592.13499	-10.59	1.139598	HIRES-post
2458592.135673	-8.15	1.174486	HIRES-post
2458618.126869	7.22	1.160413	HIRES-post
2458618.12754	9.59	1.228096	HIRES-post
2458618.128235	9.92	1.237577	HIRES-post
2458649.031837	3.17	1.234479	HIRES-post
2458666.133261	4.14	1.216648	HIRES-post
2458666.133921	1.36	1.24563	HIRES-post
2458666.134615	5.45	1.251916	HIRES-post
2458738.988048	10.76	1.287968	HIRES-post
2458738.989437	15.51	1.286081	HIRES-post
2458738.992319	9.41	1.393591	HIRES-post
2458794.69905	4.72	1.236142	HIRES-post
2458794.699952	1.76	1.279465	HIRES-post
2458794.700681	4.12	1.173045	HIRES-post
2458917.135129	7.33	1.462036	HIRES-post
2458917.169193	9.16	1.197144	HIRES-post
2458917.169899	10.32	1.125296	HIRES-post
2458917.170605	7.2	1.171579	HIRES-post
2456504.825187	24.2	1.705162	APF
2456505.914034	24.9	1.839652	APF
2456506.832752	20.68	1.852853	APF
2456515.837139	26.35	1.943404	APF
2456516.879793	19.48	1.927778	APF
2456517.77475	21.11	1.764781	APF
2456518.804172	24.87	1.932682	APF
2456525.772544	20.85	1.921467	APF
2456526.774297	27.28	1.852224	APF
2456530.818366	28.91	1.875971	APF
2456534.787084	17.25	1.876085	APF
2456535.785286	17.86	1.836545	APF
2456539.785083	17.8	1.962532	APF
2456540.779993	20.19	1.884954	APF
2456541.835246	18.51	1.919168	APF
2456542.738456	17.08	1.858684	APF
2456547.779945	29.51	1.947162	APF
2456548.756572	28.22	2.001861	APF
2456562.752115	23.52	2.468319	APF
2456562.833523	27.33	2.298178	APF
2456563.747006	26.52	2.22957	APF
2456569.655759	9.6	4.019913	APF
2456570.787072	21.76	2.401728	APF
2456573.720156	19.81	2.513196	APF
2456577.789624	24.49	2.528984	APF
2456581.778037	27.57	2.516401	APF
2456581.780005	28.25	2.245031	APF
2456581.782007	32.0	2.370298	APF
2456582.691511	26.34	2.355063	APF
2456582.69283	30.34	2.599356	APF
2456582.694149	25.35	2.315284	APF
2456582.759145	35.12	2.49399	APF
2456582.760384	29.08	2.456037	APF
2456582.76161	33.8	2.522578	APF
2456582.818204	25.09	2.698466	APF
2456582.819628	27.58	2.805392	APF
2456582.821109	35.93	2.464037	APF
2456583.751815	25.02	2.440859	APF
2456583.75318	27.25	2.502434	APF
2456583.754546	27.22	2.411678	APF
2456588.614307	20.2	2.233836	APF
2456588.615661	17.52	2.560318	APF
2456588.617061	16.41	2.320611	APF
2456588.685922	17.97	2.38437	APF
2456588.687196	21.79	2.348233	APF
2456588.68848	20.54	2.351638	APF
2456588.743095	20.94	2.312536	APF
2456588.744449	15.37	2.270569	APF
2456588.745757	19.53	2.307162	APF
2456589.657388	17.79	2.257598	APF
2456589.65858	12.51	2.388736	APF
2456589.65976	17.09	2.30858	APF
2456589.66645	16.32	2.443145	APF
2456589.667642	19.13	2.30509	APF
2456589.668822	15.9	2.368834	APF
2456589.78665	24.73	2.592867	APF
2456589.788213	13.37	2.62107	APF
2456589.789763	16.3	2.491285	APF
2456590.658874	15.12	2.230232	APF
2456590.660078	13.56	2.187803	APF
2456590.661304	19.71	2.201054	APF
2456590.682692	15.15	2.546422	APF
2456590.683919	15.0	2.39542	APF
2456590.685157	16.78	2.238509	APF
2456590.77735	17.08	2.396534	APF
2456590.778912	12.09	2.199933	APF
2456590.780452	15.14	2.538213	APF
2456591.685937	18.51	2.293048	APF
2456591.687198	20.73	2.345111	APF
2456591.688448	13.06	2.297717	APF
2456591.765642	13.06	2.426114	APF
2456591.767089	15.82	2.577352	APF
2456591.768536	17.03	2.297597	APF
2456596.614689	23.04	2.35027	APF
2456596.616031	25.86	2.33318	APF
2456596.617362	24.92	2.464667	APF
2456597.64895	31.4	2.398812	APF
2456597.650744	27.34	2.307039	APF
2456597.652468	28.32	2.443503	APF
2456597.761755	23.95	2.309291	APF
2456597.763769	23.51	2.287452	APF
2456597.765771	24.64	2.386681	APF
2456606.639804	18.99	2.429348	APF
2456606.64117	21.12	2.442843	APF
2456606.642536	13.12	2.388773	APF
2456606.711987	17.14	2.576413	APF
2456606.713272	19.4	2.422802	APF
2456606.714545	19.93	2.363167	APF
2456607.635549	18.15	2.253168	APF
2456607.636764	19.21	2.367322	APF
2456607.637968	17.48	2.286543	APF
2456607.751271	13.47	2.402848	APF
2456607.754731	17.04	2.368528	APF
2456607.758261	17.86	2.393836	APF
2456610.71735	20.76	2.338161	APF
2456610.72051	13.7	2.504746	APF
2456614.712532	24.48	2.842321	APF
2456614.716247	25.87	2.676974	APF
2456614.719823	34.19	2.532688	APF
2456619.689149	15.94	2.703018	APF
2456619.693107	21.28	2.59177	APF
2456619.697297	17.89	2.690699	APF
2456626.638469	21.39	2.658208	APF
2456626.639777	15.92	2.528427	APF
2456626.641108	20.13	2.520711	APF
2456732.04539	12.89	2.617844	APF
2456736.020383	21.51	2.292576	APF
2456741.021389	5.99	2.340875	APF
2456741.962073	6.47	2.622969	APF
2456742.035491	7.33	2.471207	APF
2456777.99969	5.65	2.419858	APF
2456778.001531	6.4	2.587832	APF
2456778.003232	3.16	2.541216	APF
2456780.875108	8.37	2.797416	APF
2456780.966758	1.55	1.954649	APF
2456784.884442	11.98	1.96272	APF
2456785.003501	16.59	1.578865	APF
2456788.931751	5.39	2.224125	APF
2456792.873797	6.31	1.971491	APF
2456792.922434	6.41	2.009674	APF
2456793.87481	3.66	2.063615	APF
2456793.998961	8.5	1.878579	APF
2456796.82893	-0.02	2.482743	APF
2456796.904051	-3.28	2.483595	APF
2456796.983303	-0.32	2.473007	APF
2456796.985271	-1.39	2.513232	APF
2456796.987274	-8.06	2.441846	APF
2456800.832627	8.45	2.075138	APF
2456800.944381	9.2	2.441488	APF
2456801.963622	11.37	2.549393	APF
2456804.831954	7.71	1.995321	APF
2456813.993811	-4.64	2.504121	APF
2456813.995755	-3.21	2.635189	APF
2456813.997769	-4.76	2.255529	APF
2456830.935514	-1.32	2.405352	APF
2456830.937239	-4.07	2.512052	APF
2456830.938848	-6.75	2.445197	APF
2456835.900973	9.64	2.587788	APF
2456835.903392	4.09	2.658595	APF
2456835.906158	5.41	2.482254	APF
2456839.910751	10.12	2.607972	APF
2456839.912568	5.98	2.562669	APF
2456839.914374	5.31	2.890076	APF
2456841.915623	-3.35	2.642129	APF
2456841.917429	-0.8	2.453523	APF
2456841.919177	-1.16	2.322371	APF
2456847.818328	-4.43	1.875272	APF
2456856.830182	11.73	2.518828	APF
2456856.832381	11.83	2.721451	APF
2456856.834522	11.8	2.732522	APF
2456860.850909	1.74	2.664602	APF
2456860.852853	3.22	2.526926	APF
2456860.85474	0.22	2.686438	APF
2456865.867808	-2.16	1.962478	APF
2456870.869195	8.5	1.919833	APF
2456874.808611	1.0	2.490935	APF
2456874.811308	5.61	2.554567	APF
2456874.813784	-2.6	2.475915	APF
2456880.721806	-9.19	2.184597	APF
2456880.796331	-8.68	3.130427	APF
2456880.797789	-8.16	2.933822	APF
2456880.799317	-9.86	2.948594	APF
2456894.975347	-3.7	3.485304	APF
2456894.977152	-0.21	3.601837	APF
2456894.9789	-8.26	3.22489	APF
2456898.809895	-7.92	2.716733	APF
2456898.811434	-5.42	2.685831	APF
2456898.813009	-8.47	2.997325	APF
2456900.804552	-11.87	3.020477	APF
2456900.80623	-1.17	2.999396	APF
2456900.807931	-12.07	2.944979	APF
2457115.920284	-9.47	2.61702	APF
2457115.921939	-4.29	2.683748	APF
2457115.923571	-4.83	2.649085	APF
2457121.934857	-7.59	2.431589	APF
2457121.936651	-9.68	2.317725	APF
2457121.938341	-8.87	2.147312	APF
2457123.991508	-4.32	2.183322	APF
2457123.993614	-8.22	2.185102	APF
2457123.995675	-9.54	2.246438	APF
2457125.023341	-3.16	2.174771	APF
2457125.024614	-14.87	2.313322	APF
2457125.025991	-5.5	1.945908	APF
2457125.921092	-7.17	2.109379	APF
2457125.922979	-4.53	2.219309	APF
2457125.924854	-3.15	2.038451	APF
2457130.922166	-5.81	2.413199	APF
2457130.925268	-4.67	2.319337	APF
2457130.927583	-6.54	2.184572	APF
2457132.903263	-7.04	2.266213	APF
2457132.905149	-7.98	2.036939	APF
2457132.906723	-10.3	2.714402	APF
2457138.840852	-8.95	2.473504	APF
2457140.889422	-10.62	2.261497	APF
2457140.890973	-11.8	2.246604	APF
2457140.892478	-8.83	2.391239	APF
2457142.900617	-10.09	2.025794	APF
2457142.902526	-4.85	2.08005	APF
2457142.904344	-3.05	2.239626	APF
2457143.851581	-7.52	2.421254	APF
2457143.853838	-1.16	2.475626	APF
2457143.855968	-4.72	2.381303	APF
2457145.889525	-8.23	2.012028	APF
2457145.89125	-4.82	2.185914	APF
2457145.892928	-4.48	2.154205	APF
2457148.865644	-9.32	2.332862	APF
2457148.867647	-10.25	2.10597	APF
2457148.869672	-8.84	2.195376	APF
2457151.82837	-10.77	2.387674	APF
2457153.877657	-13.39	2.300036	APF
2457153.880134	-11.51	2.512116	APF
2457153.882635	-9.99	2.262096	APF
2457188.975843	-12.09	2.055848	APF
2457188.977128	-15.55	2.302081	APF
2457188.97825	-19.09	2.615609	APF
2457206.953151	-12.95	2.205339	APF
2457206.955153	-15.56	2.45191	APF
2457206.957156	-14.55	2.326286	APF
2457207.952328	-18.69	2.157185	APF
2457207.954191	-16.06	2.237077	APF
2457207.956182	-17.59	2.138392	APF
2457208.940404	-11.4	2.371686	APF
2457208.94214	-19.47	2.157904	APF
2457208.943795	-14.83	2.167084	APF
2457211.964662	-9.05	2.357922	APF
2457211.96634	-6.55	1.961802	APF
2457211.96825	-5.46	2.021595	APF
2457218.940569	-6.96	2.209193	APF
2457218.942224	-9.51	2.163719	APF
2457218.943868	-10.82	2.226009	APF
2457221.860328	-8.07	2.928625	APF
2457221.861405	-6.56	2.599936	APF
2457221.862551	-9.19	2.516843	APF
2457224.86361	-13.46	2.089102	APF
2457224.865519	-11.54	2.02339	APF
2457224.867441	-15.81	2.103195	APF
2457226.875202	-11.82	2.232303	APF
2457226.87688	-9.68	2.018706	APF
2457226.878535	-10.54	2.039128	APF
2457227.797645	-5.81	3.682585	APF
2457227.79864	-6.64	3.205448	APF
2457227.799647	-0.1	3.263949	APF
2457229.837935	-3.05	2.12208	APF
2457229.8393	-0.55	2.418488	APF
2457229.840458	-5.71	2.639845	APF
2457232.819651	-6.71	2.46944	APF
2457232.821005	-2.88	2.327847	APF
2457232.822278	0.96	2.388426	APF
2457233.849045	-4.32	2.699677	APF
2457233.850341	-8.34	2.527582	APF
2457233.85173	-2.95	2.396682	APF
2457235.810108	-9.31	2.075829	APF
2457235.812018	-13.31	2.161063	APF
2457235.813997	-7.84	2.050069	APF
2457238.81971	-14.88	2.470769	APF
2457238.820879	-16.22	2.570696	APF
2457238.822037	-21.98	2.617644	APF
2457245.740778	-8.99	2.006883	APF
2457247.807822	-7.9	2.443245	APF
2457247.809685	-13.4	2.238452	APF
2457247.811502	-14.17	2.294188	APF
2457249.776899	-9.03	3.244185	APF
2457249.777883	-9.91	3.765067	APF
2457249.778878	-8.14	2.953607	APF
2457252.769882	-10.2	3.820243	APF
2457252.770854	-17.1	3.169626	APF
2457252.771826	-11.94	3.48431	APF
2457252.773435	-15.48	2.183962	APF
2457252.775356	-10.15	2.243812	APF
2457252.777173	-10.24	2.303224	APF
2457256.76514	-18.15	2.407728	APF
2457256.766471	-23.71	2.594644	APF
2457256.767779	-22.07	2.74265	APF
2457258.727937	-18.0	1.95218	APF
2457258.752045	-15.27	2.414497	APF
2457258.753365	-17.55	2.713931	APF
2457258.754545	-11.87	3.052391	APF
2457265.763009	-6.43	2.043024	APF
2457265.764988	-9.76	1.973972	APF
2457265.767025	-7.58	2.252495	APF
2457267.747234	-12.74	2.304176	APF
2457267.748669	-13.41	2.44364	APF
2457267.749885	-4.1	2.45118	APF
2457269.751999	-9.22	2.220051	APF
2457269.753747	-17.52	2.227792	APF
2457269.755494	-12.59	2.235672	APF
2457308.72461	-6.44	2.254211	APF
2457308.726046	-14.44	2.469091	APF
2457308.727307	-17.1	2.488294	APF
2457312.595692	-10.05	2.39484	APF
2457312.597393	-11.67	2.375352	APF
2457312.598933	-10.44	2.39674	APF
2457325.698591	-11.89	2.333808	APF
2457325.70006	-20.85	2.328518	APF
2457325.701553	-18.08	2.505256	APF
2457332.653388	-6.74	2.764345	APF
2457332.654533	-5.96	2.860434	APF
2457332.655575	-10.44	2.986355	APF
2457364.712906	-17.26	2.954234	APF
2457443.983518	-14.45	2.844888	APF
2457443.985347	-13.52	2.894251	APF
2457443.987164	-12.8	2.906617	APF
2457450.005404	-14.95	2.879356	APF
2457450.007522	-18.58	2.801507	APF
2457450.009547	-14.51	2.791925	APF
2457466.022235	-16.52	2.100741	APF
2457466.023693	-21.02	2.396155	APF
2457466.02536	-17.18	2.155501	APF
2457467.035766	-15.62	1.962561	APF
2457467.037687	-15.75	2.409507	APF
2457467.039585	-22.37	2.149895	APF
2457474.05249	-10.68	2.576126	APF
2457478.95619	-20.06	2.69281	APF
2457478.957973	-16.21	2.74953	APF
2457478.959674	-15.03	2.825044	APF
2457554.888282	-6.67	3.112172	APF
2457556.910855	-9.17	1.955449	APF
2457558.94001	-14.51	1.856455	APF
2457560.937425	-13.2	1.909927	APF
2457563.901567	-15.23	2.136424	APF
2457564.969886	-17.66	2.288111	APF
2457566.890829	-20.84	1.938374	APF
2457567.933404	-19.28	1.997309	APF
2457569.995146	-16.81	1.790616	APF
2457576.888669	-10.29	2.026633	APF
2457578.898494	-9.83	2.192355	APF
2457579.867317	-12.08	1.919759	APF
2457582.841997	-16.61	2.036309	APF
2457584.848743	-19.48	1.934248	APF
2457586.895579	-12.17	1.688883	APF
2457587.832957	-13.26	1.91152	APF
2457588.830984	-10.54	1.740784	APF
2457591.825429	-9.08	1.660831	APF
2457593.822342	-10.08	1.92156	APF
2457599.822209	-18.1	1.870416	APF
2457603.849363	-19.09	1.962735	APF
2457605.813275	-12.98	1.871236	APF
2457607.784613	-12.78	1.895655	APF
2457608.789123	-13.44	1.715262	APF
2457614.831624	-20.97	2.050371	APF
2457616.768209	-21.12	1.738421	APF
2457618.770033	-20.87	1.854944	APF
2457668.650066	-16.02	2.161622	APF
2457669.645204	-21.37	1.827946	APF
2457670.629244	-16.78	2.012306	APF
2457682.633123	-12.32	2.159931	APF
2457682.672564	-15.21	1.747506	APF
2457684.628354	-13.04	2.420492	APF
2457687.623195	-12.71	3.034299	APF
2457694.626416	-9.08	2.485271	APF
2457696.684047	-17.49	1.915151	APF
2457698.623445	-17.98	1.873041	APF
2457701.598909	-15.45	2.143758	APF
2457702.609409	-19.02	2.382878	APF
2457705.607489	-17.21	1.694265	APF
2457707.587904	-17.59	2.172064	APF
2457711.576247	-7.35	2.868489	APF
2457711.648106	-11.36	1.965899	APF
2457717.62354	-18.17	2.407607	APF
2457722.577359	-17.87	1.983	APF
2457724.59577	-10.94	2.03811	APF
2457727.595562	-8.81	2.50125	APF
2457745.605913	-4.76	2.145741	APF
2457749.61269	-11.32	2.397416	APF
2457751.619706	-18.87	1.944173	APF
2457753.597422	-16.25	1.909721	APF
2457815.064159	-10.6	2.027133	APF
2457816.070893	-9.51	1.927667	APF
2457822.031717	-17.67	2.209645	APF
2457823.973147	-20.91	2.253824	APF
2457824.990028	-17.23	2.126544	APF
2457826.97746	-12.56	1.92888	APF
2457829.975694	-8.33	2.091359	APF
2457845.987227	-6.59	1.971925	APF
2457847.94824	-9.08	2.066435	APF
2457858.852711	-12.97	3.439617	APF
2457865.837965	-6.29	2.19427	APF
2457873.894884	-14.73	2.031639	APF
2457877.860789	-17.55	2.170667	APF
2457882.849352	-12.0	2.076248	APF
2457887.816059	-17.43	2.000712	APF
2457893.98573	-13.68	2.463609	APF
2457897.930625	-13.57	3.492782	APF
2457900.976109	-11.71	1.92216	APF
2457901.957995	-13.77	2.078333	APF
2457903.823498	-11.3	1.937058	APF
2457903.947568	-12.13	2.377546	APF
2457907.97436	-16.78	2.809361	APF
2457909.928611	-19.09	1.895581	APF
2457917.809638	-9.97	1.982116	APF
2457917.910337	-8.36	2.18852	APF
2457918.920584	-12.38	2.017112	APF
2457919.949442	-11.93	1.776254	APF
2457921.854197	-13.18	2.281387	APF
2457921.919917	-14.99	2.181665	APF
2457927.826106	-15.27	2.017142	APF
2457930.892875	-10.07	2.333426	APF
2457931.906283	-9.73	1.929451	APF
2457933.900641	-7.21	1.971626	APF
2457937.874091	-7.65	1.959455	APF
2457940.879453	-16.86	2.141871	APF
2457941.877584	-16.73	1.945522	APF
2457945.831698	-10.12	2.055832	APF
2457948.819791	-7.12	2.018586	APF
2457950.866872	-4.32	2.257365	APF
2457954.829504	-13.99	2.46441	APF
2457961.795102	-14.84	2.644437	APF
2457962.838687	-13.09	2.419451	APF
2457964.798376	-8.39	2.126724	APF
2457966.798941	-9.92	2.386082	APF
2457971.801607	-16.56	1.917829	APF
2457972.80392	-17.71	1.96761	APF
2457981.764497	-11.58	2.471674	APF
2457982.768998	-9.22	2.117274	APF
2457987.745756	-17.66	2.303565	APF
2457990.792221	-21.34	2.058765	APF
2457991.699828	-24.07	2.137272	APF
2457992.699503	-20.14	2.74205	APF
2457995.707353	-18.8	2.691829	APF
2457996.682801	-15.21	1.792485	APF
2457996.717013	-15.61	2.253012	APF
2458005.694937	-11.08	2.155931	APF
2458009.675813	-16.15	2.100671	APF
2458011.661506	-16.12	2.181539	APF
2458012.655873	-15.91	2.10754	APF
2458020.702942	-2.91	2.178246	APF
2458022.675227	-13.19	2.392848	APF
2458024.686478	-12.24	2.100129	APF
2458025.634032	-14.21	2.336356	APF
2458027.702092	-17.03	2.48978	APF
2458031.607003	-11.7	1.973623	APF
2458032.713294	-9.51	2.304768	APF
2458039.625455	-5.58	2.610225	APF
2458040.662174	-10.66	2.156551	APF
2458041.611074	-12.42	1.850326	APF
2458042.615862	-17.23	2.09111	APF
2458049.630835	-10.92	1.990824	APF
2458051.634444	-6.5	2.455118	APF
2458052.682073	-6.91	2.40848	APF
2458063.611935	-18.46	2.106776	APF
2458083.590417	-9.91	2.679943	APF
2458086.608335	-6.17	1.929566	APF
2458087.566854	-6.29	2.572621	APF
2458088.573762	-4.59	2.056143	APF
2458091.611837	-8.16	2.224462	APF
2458093.610161	-13.79	1.907425	APF
2458094.611899	-9.77	1.915282	APF
2458104.634313	-2.8	2.379457	APF
2458106.570598	-5.39	1.984927	APF
2458109.630295	-3.42	2.42356	APF
2458115.574675	-13.58	2.163772	APF
2458115.590983	-16.03	2.199184	APF
2458130.580031	-20.09	2.291915	APF
2458131.583561	-15.63	2.015242	APF
2458157.063043	-2.67	2.187909	APF
2458161.056063	-13.69	2.113989	APF
2458163.050277	-11.69	2.1682	APF
2458166.040841	-13.38	2.230808	APF
2458167.045025	-14.65	1.982264	APF
2458210.92354	-7.32	2.810151	APF
2458228.886864	-9.61	1.789617	APF
2458233.837863	-16.23	2.68116	APF
2458240.8213	3.92	2.794207	APF
2458241.872768	-2.27	1.910714	APF
2458244.839755	-14.06	2.620166	APF
2458247.847414	-12.51	2.057871	APF
2458250.818554	-17.34	2.082155	APF
2458253.799671	-16.98	2.192897	APF
2458256.794049	-5.88	2.254229	APF
2458261.951533	-7.43	2.043691	APF
2458267.995715	-18.24	2.268714	APF
2458273.98336	-2.29	1.70082	APF
2458275.941083	-4.02	1.996821	APF
2458280.929854	-10.13	2.960537	APF
2458283.939438	-6.17	1.798949	APF
2458285.912439	-15.65	2.382587	APF
2458288.915021	-5.85	1.936445	APF
2458291.80229	1.54	1.851362	APF
2458291.900142	-4.11	2.143594	APF
2458294.903821	-4.56	1.849024	APF
2458299.879869	-9.41	2.402282	APF
2458304.887423	-10.46	1.981909	APF
2458307.909077	-3.12	2.281665	APF
2458308.886674	0.7	2.077494	APF
2458311.859484	0.52	2.117876	APF
2458313.914603	-8.29	2.063532	APF
2458314.848952	-8.23	2.031045	APF
2458318.825721	-6.67	1.934802	APF
2458320.831379	-13.64	2.047511	APF
2458321.823998	-11.82	1.811478	APF
2458323.84119	-7.82	1.995953	APF
2458326.767599	-3.25	2.13958	APF
2458329.868016	-5.64	1.997335	APF
2458330.815301	-11.24	2.360116	APF
2458332.766177	-11.9	2.603492	APF
2458332.766177	-11.9	2.603492	APF
2458342.757713	-7.73	2.039556	APF
2458345.747846	-7.17	2.187834	APF
2458348.72018	-13.04	2.114152	APF
2458352.731375	-15.74	1.926144	APF
2458356.726963	-17.58	2.276206	APF
2458357.693641	-10.74	2.156708	APF
2458359.663245	-2.62	2.259688	APF
2458368.655841	-10.74	1.915898	APF
2458369.654903	-11.33	2.555746	APF
2458372.650209	-6.18	2.106013	APF
2458376.688541	-1.39	2.314902	APF
2458378.660019	-0.41	2.114435	APF
2458379.662521	1.31	2.219302	APF
2458385.638919	-9.96	2.215361	APF
2458387.655126	-11.11	2.255275	APF
2458389.661423	-10.5	2.004233	APF
2458390.655978	-7.57	1.963817	APF
2458399.6313	-1.93	2.238933	APF
2458400.621705	-11.3	1.796784	APF
2458405.621047	-6.39	1.878625	APF
2458410.622102	-0.94	1.91481	APF
2458414.614961	-2.6	2.228668	APF
2458418.617203	-7.71	1.900406	APF
2458419.619128	-13.83	2.161138	APF
2458422.612949	-8.43	1.95283	APF
2458425.667782	-6.43	1.776201	APF
2458427.609553	-2.43	2.291404	APF
2458428.613422	-2.61	2.396654	APF
2458448.662316	0.54	2.129658	APF
2458509.098549	-10.44	2.229047	APF
2458556.963214	-4.29	3.559371	APF
2458564.952905	2.92	2.41467	APF
2458586.881818	2.18	2.325886	APF
2458586.884665	1.42	2.150268	APF
2458586.887293	2.3	2.144029	APF
2458587.882574	6.47	3.418328	APF
2458587.882574	6.47	3.418328	APF
2458587.88534	2.58	3.374324	APF
2458587.88534	2.58	3.374324	APF
2458587.88718	1.89	3.984847	APF
2458587.88718	1.89	3.984847	APF
2458601.835817	7.01	2.455657	APF
2458601.835817	7.01	2.455657	APF
2458601.839012	9.08	2.239377	APF
2458601.839012	9.08	2.239377	APF
2458601.841917	2.92	2.340032	APF
2458601.841917	2.92	2.340032	APF
2458605.825057	-3.86	2.558152	APF
2458605.825057	-3.86	2.558152	APF
2458605.829108	-1.24	2.557255	APF
2458605.829108	-1.24	2.557255	APF
2458605.83302	4.34	2.185826	APF
2458605.83302	4.34	2.185826	APF
2458606.842901	-1.9	2.354171	APF
2458606.842901	-1.9	2.354171	APF
2458606.846199	0.21	2.397969	APF
2458606.846199	0.21	2.397969	APF
2458606.849058	-3.67	2.139186	APF
2458606.849058	-3.67	2.139186	APF
2458607.83271	-3.96	2.289696	APF
2458607.835639	-2.55	2.243442	APF
2458607.838428	-6.24	2.16998	APF
2458611.81078	-3.71	2.522536	APF
2458611.813998	-3.73	2.440395	APF
2458611.81732	-0.7	2.43452	APF
2458617.796292	10.05	2.374549	APF
2458617.799464	8.28	2.42925	APF
2458617.802797	5.63	2.323979	APF
2458621.804451	5.67	3.702965	APF
2458621.806511	0.84	3.550288	APF
2458621.808514	4.69	4.098289	APF
2458631.867937	3.62	2.230025	APF
2458631.87134	0.87	2.282973	APF
2458631.874719	5.42	2.266145	APF
2458637.841233	5.97	2.985841	APF
2458637.842426	4.7	3.262772	APF
2458637.843595	-0.91	3.189037	APF
2458637.845331	6.61	2.278905	APF
2458637.847785	6.27	2.137509	APF
2458637.850239	3.46	2.372408	APF
2458641.751137	0.68	4.26934	APF
2458641.753324	-5.3	3.782201	APF
2458641.755396	0.39	3.641228	APF
2458647.732699	9.88	3.90663	APF
2458647.73418	1.38	3.988999	APF
2458647.735616	2.32	3.907961	APF
2458648.916392	8.25	1.862751	APF
2458648.919008	4.39	2.07589	APF
2458648.921705	4.46	1.852951	APF
2458649.80169	4.61	1.928924	APF
2458649.804433	7.99	2.000033	APF
2458649.807084	3.96	1.955795	APF
2458651.702939	12.97	2.327619	APF
2458651.706585	11.51	2.759643	APF
2458651.71015	16.94	2.389139	APF
2458655.711687	2.69	2.060938	APF
2458655.714986	5.94	2.056071	APF
2458655.718123	1.46	2.068356	APF
2458660.693738	-3.61	2.381826	APF
2458660.697639	-4.57	2.4569	APF
2458660.701377	-3.61	2.331916	APF
2458662.823417	-6.12	2.869716	APF
2458662.824435	-2.5	2.84584	APF
2458662.82594	3.04	2.978202	APF
2458665.692018	2.52	2.297342	APF
2458665.695236	2.49	2.184694	APF
2458665.698489	4.64	2.188974	APF
2458667.761176	2.72	2.719049	APF
2458667.762287	14.77	3.103358	APF
2458667.763283	15.37	3.490981	APF
2458669.766312	11.17	2.003605	APF
2458669.768719	10.03	2.266576	APF
2458669.771011	5.5	1.93723	APF
2458674.883095	4.72	2.217602	APF
2458674.885491	1.23	2.29038	APF
2458674.887887	4.78	2.057557	APF
2458675.771961	-2.47	2.459714	APF
2458675.773883	2.47	2.296716	APF
2458675.775735	0.39	2.299256	APF
2458676.698895	-0.22	2.478608	APF
2458676.70114	1.86	2.140577	APF
2458676.703525	1.54	2.482569	APF
2458677.804027	-7.92	2.293206	APF
2458677.805728	-5.15	2.452362	APF
2458677.807372	-3.42	2.216479	APF
2458681.715965	-0.93	2.272058	APF
2458681.71909	0.33	2.315865	APF
2458681.722192	4.32	2.074136	APF
2458682.689121	1.93	3.429307	APF
2458682.690313	3.66	3.29322	APF
2458682.691494	-1.14	3.411971	APF
2458686.717569	10.24	3.108296	APF
2458688.741591	6.06	2.176495	APF
2458688.744311	6.92	2.072939	APF
2458688.746568	5.33	2.092006	APF
2458690.716244	4.58	2.240829	APF
2458690.718582	2.02	2.245024	APF
2458690.72092	3.63	2.26122	APF
2458695.707881	-5.15	2.496074	APF
2458695.709802	-3.62	2.181332	APF
2458695.711619	1.38	2.367447	APF
2458699.778148	4.29	2.72468	APF
2458699.779236	-0.42	2.609986	APF
2458699.780347	-1.03	2.746162	APF
2458700.859097	2.67	2.028837	APF
2458700.861239	3.27	2.168312	APF
2458700.863241	3.91	2.069875	APF
2458704.963994	3.69	3.336636	APF
2458704.967663	10.38	3.241531	APF
2458704.972142	0.58	3.3466	APF
2458707.781696	5.13	1.925606	APF
2458707.784243	2.0	2.0246	APF
2458707.786534	0.82	2.208827	APF
2458710.767895	-4.85	2.212375	APF
2458710.769562	-3.03	2.386771	APF
2458710.771124	-3.12	2.356101	APF
2458712.809815	-3.59	1.946726	APF
2458712.812176	-4.09	1.986551	APF
2458712.814734	-4.3	1.921457	APF
2458713.798806	-1.35	1.906277	APF
2458713.801329	-4.44	2.07813	APF
2458713.803979	1.52	1.833261	APF
2458715.75587	5.58	1.778592	APF
2458715.758799	6.14	1.899175	APF
2458715.761889	-0.57	1.93273	APF
2458717.779481	3.28	3.230387	APF
2458717.780742	6.21	3.002514	APF
2458717.781969	4.7	3.258924	APF
2458718.852261	5.81	2.436178	APF
2458718.854067	5.66	2.293508	APF
2458718.856185	10.67	2.207406	APF
2458719.763678	9.07	1.959137	APF
2458719.76634	12.82	2.425942	APF
2458719.768527	3.52	1.952056	APF
2458720.818852	10.26	2.156147	APF
2458720.821804	11.92	1.831173	APF
2458720.824998	11.57	2.058505	APF
2458721.805312	7.93	2.041133	APF
2458721.808032	7.65	1.9798	APF
2458721.810555	9.08	1.91113	APF
2458723.74684	5.42	1.964931	APF
2458723.750022	8.3	1.960152	APF
2458723.753159	7.94	1.990615	APF
2458725.830466	5.88	1.888276	APF
2458725.833128	5.51	1.920937	APF
2458725.835559	6.13	1.771119	APF
2458731.638869	3.3	3.132872	APF
2458731.640027	2.61	2.857903	APF
2458731.6413	9.18	2.722592	APF
2458732.644507	0.4	2.773326	APF
2458732.645804	5.76	2.607803	APF
2458732.6471	6.18	2.56619	APF
2458735.7689	17.4	2.001813	APF
2458735.771388	11.71	2.185586	APF
2458735.773935	12.37	2.136019	APF
2458737.84094	15.88	1.887121	APF
2458737.844158	13.33	1.912008	APF
2458737.85359	6.59	1.957071	APF
2458738.669948	17.36	2.114038	APF
2458738.671927	15.31	2.092885	APF
2458738.67416	11.67	2.183759	APF
2458739.674595	12.26	2.387069	APF
2458739.67632	15.26	2.263825	APF
2458739.678033	12.44	2.397191	APF
2458740.662321	11.33	3.068597	APF
2458740.663641	12.48	3.216271	APF
2458740.664995	10.77	2.81019	APF
2458741.648577	0.43	3.830467	APF
2458741.650417	1.18	3.899496	APF
2458746.657871	-1.15	2.119844	APF
2458746.660568	3.36	2.091533	APF
2458746.663229	-0.73	2.023408	APF
2458747.643323	-0.75	3.394417	APF
2458747.644492	6.55	2.918414	APF
2458747.645661	3.97	3.214144	APF
2458748.677707	1.84	2.267332	APF
2458748.679837	3.66	2.015261	APF
2458748.682151	5.55	2.033687	APF
2458749.714347	2.37	3.305185	APF
2458749.716187	8.01	3.115631	APF
2458749.718236	5.28	3.058784	APF
2458751.67292	9.88	2.063179	APF
2458751.67535	6.02	2.102384	APF
2458751.677873	9.06	2.141833	APF
2458752.644931	13.73	2.271472	APF
2458752.647015	11.67	2.134556	APF
2458752.649005	9.49	2.544604	APF
2458759.66243	8.76	2.077816	APF
2458759.664756	8.36	2.021199	APF
2458759.667094	7.5	1.989554	APF
2458760.65778	7.82	1.821425	APF
2458760.660685	5.62	1.903553	APF
2458760.663613	6.61	1.941887	APF
2458761.640711	0.32	2.057277	APF
2458761.64372	3.04	1.962051	APF
2458761.646833	4.76	2.135249	APF
2458762.654612	8.62	2.840205	APF
2458762.655885	3.5	2.76119	APF
2458762.65747	1.05	2.506637	APF
2458764.642194	4.22	1.839644	APF
2458764.644879	4.32	1.886516	APF
2458764.647622	-0.47	1.799764	APF
2458765.630134	4.21	2.083981	APF
2458765.632171	4.51	2.403195	APF
2458765.633814	5.13	2.661234	APF
2458768.643358	3.32	1.866158	APF
2458768.646124	5.16	1.833967	APF
2458768.649029	3.04	1.801016	APF
2458769.657301	14.64	1.684803	APF
2458769.662197	13.05	1.869131	APF
2458769.666699	12.86	1.71254	APF
2458777.730087	1.82	2.164999	APF
2458777.73276	7.83	1.99862	APF
2458777.735468	8.01	2.123369	APF
2458921.959233	24.16	4.131061	APF
2458955.875196	18.26	2.238591	APF
2458955.884433	17.0	1.921797	APF
2458955.892651	13.79	2.033166	APF
