time	mnvel	errvel	tel
2453237.93012253	2.5484155628423286	0.5951587265162037	HIRES-post
2453301.71519	6.75	0.99	HIRES-post
2453549.02705	1.47	0.96	HIRES-post
2453926.0164936613	0.2844082461683789	0.5302186926157003	HIRES-post
2453982.8302916945	-0.9859225092250925	0.5125650242171338	HIRES-post
2454247.0818402586	-2.5160260071392146	0.6996072658028216	HIRES-post
2454248.11326	-3.46	1.12	HIRES-post
2454249.12216	-2.86	1.08	HIRES-post
2454252.08848	0.47	0.98	HIRES-post
2454256.0807107966	-0.026102673463018783	0.6919911019788723	HIRES-post
2454279.03644	0.49	1.14	HIRES-post
2454280.04184	1.19	1.04	HIRES-post
2454286.0334	-1.27	1.08	HIRES-post
2454294.99649	-7.16	0.9400000000000001	HIRES-post
2454601.12924	-1.86	0.93	HIRES-post
2454634.0638	3.04	1.15	HIRES-post
2454634.98879	0.97	1.1	HIRES-post
2454636.03115	2.54	1.13	HIRES-post
2454637.06862	0.75	1.09	HIRES-post
2454638.02072	-0.68	1.11	HIRES-post
2454639.05307	2.2	1.08	HIRES-post
2454640.12929	2.4	1.08	HIRES-post
2454640.97219	5.57	1.1	HIRES-post
2454642.09539	2.7	1.21	HIRES-post
2454644.10213	3.28	1.18	HIRES-post
2454688.96417	-2.66	1.14	HIRES-post
2454689.98535	-3.6	1.18	HIRES-post
2454723.77286	-0.84	1.1	HIRES-post
2454724.807	2.46	1.12	HIRES-post
2454808.68992	-3.31	1.05	HIRES-post
2454984.07334	-2.65	1.24	HIRES-post
2455019.01098	4.41	1.12	HIRES-post
2455024.0140128285	0.606902897471532	0.4856219057390085	HIRES-post
2455073.752508885	1.0498309361594753	0.6171333081762482	HIRES-post
2455074.7464144416	1.2640795087128476	0.5842332809368038	HIRES-post
2455077.7375930496	1.3238582270526795	0.6326750571280788	HIRES-post
2455078.758506555	1.3484684767180988	0.7389012120335413	HIRES-post
2455079.7307933853	2.988138326325169	0.6106291063494388	HIRES-post
2455080.7354757525	0.5545942698897871	0.601690480633182	HIRES-post
2455084.725736926	-1.8037015098303093	0.6339712862058448	HIRES-post
2455106.75741	1.65	1.2	HIRES-post
2455109.744547019	-2.107270197430802	0.6656473751585342	HIRES-post
2455111.7179254685	-1.898551397535679	0.645021852359532	HIRES-post
2455135.748797449	2.212268031837288	0.6058391238948032	HIRES-post
2455169.687019039	-0.32716843672646045	0.6703714026986142	HIRES-post
2455290.1550526107	-0.4518791876994387	0.5841055271119253	HIRES-post
2455314.1369589134	2.7267363209580537	0.6000620404075492	HIRES-post
2455351.0937891277	-4.244443242163626	0.5877099469803103	HIRES-post
2455352.0879171304	-4.547129996097888	0.621176090791673	HIRES-post
2455374.1105048424	1.0689170227429359	0.6003317483961036	HIRES-post
2455378.1067785723	1.6706730595013366	0.6213830798434256	HIRES-post
2455379.1005269624	0.5523477359086671	0.6020204781653441	HIRES-post
2455381.0933343964	3.910791255652682	0.6317425486065117	HIRES-post
2455397.035681109	-5.850460755456768	0.6366803255995117	HIRES-post
2455400.109672849	-5.761831724660016	0.6517781311176423	HIRES-post
2455401.0390969072	-5.433935606862953	0.6811281868069716	HIRES-post
2455402.0767739965	-4.067696757083281	0.690450249027977	HIRES-post
2455404.9462326253	-4.201250097713771	0.4477115809015097	HIRES-post
2455412.007147357	-5.748491436610651	0.6513144879465024	HIRES-post
2455426.0309289466	-2.931117196056955	0.6436395805307643	HIRES-post
2455427.004142884	-3.153707744914627	0.6284641168225894	HIRES-post
2455433.9925822723	-4.991090038074896	0.5454740973273547	HIRES-post
2455435.7763645677	-5.862256424136976	0.6674838683704399	HIRES-post
2455436.7541108886	-2.8523736803477666	0.6254450997938145	HIRES-post
2455437.7582480167	-3.520210829492531	0.6290005524979991	HIRES-post
2455438.756733179	-4.118142996080281	0.621323052780925	HIRES-post
2455440.7546389108	-3.0689099442462204	0.6362413608253666	HIRES-post
2455455.733709125	-0.23975270663415038	0.5947487434674478	HIRES-post
2455464.8203801736	1.0300007339495734	0.6443784003474198	HIRES-post
2455468.726383987	-2.6833355519125535	0.5840837266971204	HIRES-post
2455486.759847654	-5.337000244626164	0.5964657049540147	HIRES-post
2455490.765701409	-4.8826811832623065	0.6002222084794365	HIRES-post
2455674.1381081096	5.454999536293897	0.587686038897499	HIRES-post
2455708.0853287904	-2.850560103372276	0.6620211499006851	HIRES-post
2455723.115829433	-2.6938971648246035	0.6155467793580659	HIRES-post
2455726.0442029806	-3.422393970626127	0.948363416252581	HIRES-post
2455726.9587896955	-2.4079709013620367	0.6367805709403249	HIRES-post
2455753.0542576862	6.15855290624907	0.6384528992616599	HIRES-post
2455763.020624949	-0.7572338812442884	0.5992994314445128	HIRES-post
2455782.846157029	-2.4071241643647117	0.6248308778595889	HIRES-post
2455794.869419974	-5.777477057708667	0.6628807909724745	HIRES-post
2455814.726926551	-1.876609559073274	0.5684149857522728	HIRES-post
2455841.71467038	3.494839410002852	0.7638344289490663	HIRES-post
2455843.6916676154	1.4782667600746102	0.5882425938345573	HIRES-post
2455904.6836561733	-4.504966902747942	0.601097960878919	HIRES-post
2456104.9632480703	2.189629560607032	0.7441084419482787	HIRES-post
2456134.951321138	5.795210025927085	0.6174443446210541	HIRES-post
2456145.8168258904	2.7381362910718674	0.6491939133879182	HIRES-post
2456175.788065827	-0.11976003354527462	0.5901302993589079	HIRES-post
2456179.7355649173	2.3886444820908146	0.5975319088478563	HIRES-post
2456476.1203133035	2.117664712513817	0.6555438376977389	HIRES-post
2456529.8522987706	-3.0882884459646327	0.5433837205543367	HIRES-post
2456547.7213512333	-0.9397009313563479	0.6086912294214456	HIRES-post
2456584.7072692076	4.253964721840962	0.6555438376977389	HIRES-post
2456638.683615486	-0.6145660008122845	0.6141875095730026	HIRES-post
2456847.92691	5.27	0.93	HIRES-post
2456866.8461763924	6.766134899855707	0.6786614616708263	HIRES-post
2456874.0401355494	5.1540500941509	0.670153426002861	HIRES-post
2456882.7999064643	4.609157161739495	0.6985461102780389	HIRES-post
2456889.8002122566	1.7081147836303576	0.5944465494843271	HIRES-post
2456891.8149431073	0.7746731393513416	0.6290101737899589	HIRES-post
2456910.807291207	-3.8304745078243316	0.6308917752713198	HIRES-post
2457209.0529729393	-3.488996431757359	0.6386515678804137	HIRES-post
2457213.9543985464	-1.4479684329756375	0.6328253509887458	HIRES-post
2457245.8378173932	2.005097470238221	0.603522757619079	HIRES-post
2457246.9602309167	3.810976253863306	0.634875338992732	HIRES-post
2457265.8191340277	-3.572841789573262	0.6260570504003526	HIRES-post
2457285.712284409	2.9169785261696592	0.6144780586876185	HIRES-post
2457290.70299213	-2.49553980166721	0.6737439508928146	HIRES-post
2457294.75363	-0.04	1.21	HIRES-post
2457298.751248488	5.699477709693707	0.6074029256662212	HIRES-post
2457556.981018585	-0.5023758452591663	0.6769600395031872	HIRES-post
2457569.12515	-2.06	1.11	HIRES-post
2457570.0941735404	1.8507964601769913	0.8955662667011847	HIRES-post
2457571.080848364	2.374194330961808	0.6018589126349666	HIRES-post
2457591.9788461328	3.1597915309726026	0.5803989525354991	HIRES-post
2457633.78656	-6.165	0.7919595949289333	HIRES-post
2457651.712991859	-2.411332712252614	0.6089484936885293	HIRES-post
2457703.6798580466	-5.863617832951652	0.6135739953691572	HIRES-post
2457711.6796991513	1.5403530274398058	0.6513144879465024	HIRES-post
2457712.7013344886	1.9536511977780346	0.6157687183142269	HIRES-post
2457713.699305151	2.338777930720093	0.6067323732080718	HIRES-post
2457715.677060935	0.6382419008967137	0.6301687656057987	HIRES-post
2457854.137417507	0.4694605768416249	0.6246798205138009	HIRES-post
2457855.1451582676	-0.10421696174355566	0.6178999538424482	HIRES-post
2457887.122488928	3.467570857881535	0.6053377983248732	HIRES-post
2457909.1224729517	3.6737637026180265	0.6268270486180677	HIRES-post
2457912.0268238545	5.0777311350594285	0.6400264023113806	HIRES-post
2457924.1010432993	3.591692013727239	0.6356623586105441	HIRES-post
2457933.0177586824	0.5119454133379411	0.6398983824747041	HIRES-post
2457954.0245568706	-0.9993321755878238	0.6388118652308035	HIRES-post
2457964.980535489	3.8922142888519273	0.6458073402800732	HIRES-post
2457983.953470866	1.9290841247912294	0.6166384892012845	HIRES-post
2457993.8076408315	-2.5197907371620527	0.5493835228816736	HIRES-post
2458020.7046789257	1.603944299945797	0.6135739953691571	HIRES-post
2458065.680897548	1.7808094500387295	0.6848589331584122	HIRES-post
2458099.6931921123	-3.2411145391157716	0.6489825482125453	HIRES-post
2458302.0363575444	1.05114815097026	0.6741183163723682	HIRES-post
2458344.8124674605	5.4204997785985	0.64852419572458	HIRES-post
2458363.7975206673	-0.13299496122674792	0.559791661666738	HIRES-post
2458385.7170723476	-2.200002524614996	0.6349259220835952	HIRES-post
2458414.691629568	5.807124055784449	0.5471266293762965	HIRES-post
2458623.128988488	-3.275641339940164	0.683813900746287	HIRES-post
2458645.121267979	-4.075751925912145	0.6570743615294151	HIRES-post
2458651.116422925	1.8058846995595204	0.6423424801589658	HIRES-post
2458724.93165	0.41	0.9500000000000001	HIRES-post
2458739.7117543565	-4.000326902734326	0.6486599002704823	HIRES-post
2458797.681096228	3.0605799153285096	0.5895550663255976	HIRES-post
2452945.493772	0.461935	0.865005	HARPS-pre
2452948.5036998	3.824355	1.16042	HARPS-pre
2453146.855476	0.422347	0.959227	HARPS-pre
2453153.9276036	2.57569	0.906484	HARPS-pre
2453263.5222355747	-1.2748321121669133	0.5627076340474534	HARPS-pre
2453273.555801349	-2.8160101417049823	0.512453322764289	HARPS-pre
2453290.547993474	-2.033970313441493	0.30265569384758667	HARPS-pre
2453291.507338008	0.4600821633131354	0.3755826871901219	HARPS-pre
2453341.506200616	-0.244165098511695	0.49572860019635284	HARPS-pre
2453343.5090908054	-0.7476178894787966	0.5235216988828388	HARPS-pre
2453344.511531289	-0.14713353266004262	0.5163880181642555	HARPS-pre
2453484.9047431517	0.8707195029616617	0.5315139434959221	HARPS-pre
2453492.8887716155	2.5913842023059352	0.5653811509046174	HARPS-pre
2454297.8524723	-2.408174	2.412644	HARPS-pre
2454316.761204441	-1.7226239843950868	0.46689363186809785	HARPS-pre
2454683.6824731757	-0.7813028885204044	0.0757188759186474	HARPS-pre
2455019.728357638	1.1237343167479346	0.139095144736809	HARPS-pre
2455020.755519987	0.22775833147987704	0.3139720724713887	HARPS-pre
2455021.744546368	1.0743040829783634	0.3678175375531241	HARPS-pre
2455022.7446116484	-0.6689138779693453	0.6224590299650012	HARPS-pre
2455023.7546329824	0.35274706418388957	0.4879011542092432	HARPS-pre
2455024.7223551264	-1.138252444465508	0.6207493593265965	HARPS-pre
2455036.7563123573	-3.2388027049198422	0.17278458756130405	HARPS-pre
2455037.75571597	-3.392218900750527	0.5059540746198133	HARPS-pre
2455038.7580822175	-2.131444318827376	0.2308967824352568	HARPS-pre
2455039.7488477617	-2.7163378282916693	0.22913156129243525	HARPS-pre
2455040.719826356	-2.6355623881047867	0.1694632311241817	HARPS-pre
2455041.6677878695	-4.521978583390951	0.4669289111539968	HARPS-pre
2455042.764866594	-2.90910247498633	0.35982216386567223	HARPS-pre
2455044.7698932616	-2.9160182310336578	0.6961312940048185	HARPS-pre
2455045.795905037	-4.832390431774607	0.6267399698922946	HARPS-pre
2455046.793082719	-3.692579457092131	0.45035159558774357	HARPS-pre
2455047.8094307436	-1.927903378233685	0.6401830234495152	HARPS-pre
2455049.713642812	-2.2838239046804327	0.32646852705200763	HARPS-pre
2455052.809215445	-1.7214246094036634	0.6409351743850458	HARPS-pre
2455053.715533787	-2.4385930648445613	0.38869874213171446	HARPS-pre
2455054.7033860874	-1.5360040166775824	0.2246214715019428	HARPS-pre
2455056.7580449623	-1.6100247393948808	0.4976099112501974	HARPS-pre
2455057.637335374	-0.8461797559454143	0.4771831452124295	HARPS-pre
2455071.6017787536	2.429073152859231	0.20819935214798585	HARPS-pre
2455072.6217364627	2.1697618262946694	0.20467497580389152	HARPS-pre
2455073.6253239573	3.0030551689904366	0.26474761150717757	HARPS-pre
2455074.697681051	2.063784522594814	0.22832860874346164	HARPS-pre
2455075.625302462	1.6653869062159625	0.18460358396597862	HARPS-pre
2455076.695227837	2.4045027027685273	0.30964031908779155	HARPS-pre
2455077.6008712063	2.77205075181525	0.34678905749875805	HARPS-pre
2455078.667951011	2.735915570233754	0.477634017083199	HARPS-pre
2455080.619468818	2.019900673727352	0.38136005299076886	HARPS-pre
2455095.654612236	1.8387870888593332	0.18577711813939402	HARPS-pre
2455096.578125171	2.2675295830555076	0.35971251541101	HARPS-pre
2455097.6469349135	0.7335973695795673	0.2463714487042895	HARPS-pre
2455098.6373103037	-0.3441257518629807	0.42991381551134444	HARPS-pre
2455099.640655477	0.8322527868930663	0.3564866620813226	HARPS-pre
2455100.636905084	-1.3632478427220447	0.42645416401489494	HARPS-pre
2455101.627570305	-0.13159871042373908	0.39375154291848413	HARPS-pre
2455104.596625086	-1.4282593665709689	0.29819731620653567	HARPS-pre
2455105.5899858843	-0.0732862613841662	0.29192230899079785	HARPS-pre
2455106.5689855646	-0.6780901042355914	0.3414875067898646	HARPS-pre
2455110.546715279	-2.367500279342825	0.6306106408312809	HARPS-pre
2455111.5558771817	-2.809095965761604	0.43434870575308276	HARPS-pre
2455116.6172406	-2.93442	0.872547	HARPS-pre
2455134.552022852	1.8418921764411063	0.40194858222765417	HARPS-pre
2455135.5173288826	1.3848076831303124	0.6192551258362744	HARPS-pre
2455136.544069357	2.2571211223044503	0.41280098578386104	HARPS-pre
2455137.5349536785	2.4665654825971846	0.37834976271471055	HARPS-pre
2455138.560976517	1.6441881572574435	0.3272623994127726	HARPS-pre
2455139.5207920214	1.8517040410786678	0.33469084248220266	HARPS-pre
2455140.5383606227	2.6883917428384496	0.3242213232819333	HARPS-pre
2455141.492675136	2.938024067438797	0.3024132123497324	HARPS-pre
2455142.5424220646	2.769303710511405	0.5803654212724281	HARPS-pre
2455143.5386406337	3.080806698132425	0.401311228214412	HARPS-pre
2455349.831337816	-4.98721621386195	0.48764908962532466	HARPS-pre
2455350.8075722335	-4.067249459479308	0.6919298773770737	HARPS-pre
2455351.832240695	-3.726430345903829	0.46423541238588	HARPS-pre
2455352.913364405	-2.077967373555425	0.6272073761658438	HARPS-pre
2455353.8786218283	-4.261006180516848	0.44272424573555824	HARPS-pre
2455354.906855556	-4.117622299469093	0.45409157792964105	HARPS-pre
2455355.8328454117	-2.9852210415272635	0.2722772152851381	HARPS-pre
2455358.9014348607	0.5261715208212641	0.6277838016755422	HARPS-pre
2455359.923941152	-0.34838458045996523	0.5763888120560887	HARPS-pre
2455370.705840191	-1.4775868180597524	0.5287011847219126	HARPS-pre
2455372.8111720323	0.29829555785800616	0.22373163335829824	HARPS-pre
2455373.7572299098	-0.2933150200835056	0.2605215301797821	HARPS-pre
2455374.8011525674	0.8747298789464653	0.21361222119606102	HARPS-pre
2455375.7679468356	-0.9310843102931787	0.45606155127200215	HARPS-pre
2455376.774143895	-2.882428460360087	0.39188278083402023	HARPS-pre
2455396.728513242	-2.527672660966576	0.5141123113795276	HARPS-pre
2455397.81430703	-2.1745607011476573	0.34188271933843134	HARPS-pre
2455399.765675449	-2.123234563883255	0.508448231787142	HARPS-pre
2455400.7090348	-3.401196	0.9052280000000001	HARPS-pre
2455401.759008141	-2.0076063004946434	0.41224253221713886	HARPS-pre
2455402.728775271	-2.239465789069428	0.3990009189724643	HARPS-pre
2455404.6976612327	-3.7905092742260105	0.4105330756000756	HARPS-pre
2455407.7289722404	-5.092163122230831	0.6289879122208595	HARPS-pre
2455408.796617044	-4.235952002771954	0.6373894406741397	HARPS-pre
2455409.7125285855	-5.53597887850449	0.506537257193233	HARPS-pre
2455410.7140797847	-7.123556453090159	0.36973129701353263	HARPS-pre
2455411.691224622	-6.5669338598529725	0.28341214317526375	HARPS-pre
2455412.718075758	-6.672109344466805	0.32710566867701507	HARPS-pre
2455413.6918823738	-7.9107191426051795	0.5321639445464701	HARPS-pre
2455414.581827474	-7.263058989543685	0.621099763971006	HARPS-pre
2455423.594536617	-5.686210124648993	0.37720597729282707	HARPS-pre
2455426.559945942	-4.268606421315339	0.37668170662241973	HARPS-pre
2455427.700711004	-3.1093176981840966	0.3066565100868379	HARPS-pre
2455428.702371646	-2.4113086118367275	0.30495096508883446	HARPS-pre
2455434.6602877835	-1.9041682445913148	0.3651072440691923	HARPS-pre
2455435.631798024	-2.191196962793867	0.41381838700990803	HARPS-pre
2455436.640295431	-2.6861136721108867	0.2451784286090263	HARPS-pre
2455437.6491976036	-2.250867012375944	0.3615461167781598	HARPS-pre
2455438.6441641916	-0.7374739100542489	0.23630967805718608	HARPS-pre
2455439.6610982055	0.1421172166736038	0.2882488854398082	HARPS-pre
2455443.6312757246	-0.1691550553830669	0.3296577986327833	HARPS-pre
2455444.6079472536	-1.390889349126996	0.3268443580886933	HARPS-pre
2455445.546524198	0.2861049196674739	0.4451435055501709	HARPS-pre
2455446.6195634813	-0.5435694345381752	0.4593045387347321	HARPS-pre
2455450.6354177576	1.1289702510426889	0.29289103626256074	HARPS-pre
2455453.6226221346	1.8509169560965641	0.26588101333348396	HARPS-pre
2455454.603098425	-0.2050957736738477	0.25450368300134985	HARPS-pre
2455455.632348869	0.11022143857007718	0.2570021714209654	HARPS-pre
2455456.6043072655	1.8709693207102591	0.24026051689992514	HARPS-pre
2455457.6203200375	0.8362558887498729	0.2630580434060243	HARPS-pre
2455458.5846738927	0.9286749328170976	0.19095687739443834	HARPS-pre
2455459.5244309837	1.9213613569023322	0.23033470079055932	HARPS-pre
2455460.538096981	1.1063713935604715	0.3242505700112964	HARPS-pre
2455461.5887817107	-1.2816857309375473	0.43920061232742197	HARPS-pre
2455463.5666940724	-0.44735699833748177	0.2554309024949751	HARPS-pre
2455464.5929038287	-0.1568384636692236	0.268742711125014	HARPS-pre
2455480.558814773	-3.359297556901747	0.3655065043809888	HARPS-pre
2455481.5620651236	-4.6249018108290825	0.31412735527647956	HARPS-pre
2455482.539317021	-3.6163110641230123	0.33089424565640685	HARPS-pre
2455483.530898307	-5.0149671849817565	0.3014578191732554	HARPS-pre
2455484.525259659	-4.844203100362844	0.311074417329989	HARPS-pre
2455485.538001388	-3.950035218518442	0.33896140754106857	HARPS-pre
2455486.5438542375	-4.132508135933843	0.2112282346015131	HARPS-pre
2455487.52544131	-3.58679912991714	0.31183605668989234	HARPS-pre
2455488.532196181	-4.101835007536035	0.36335553665731474	HARPS-pre
2455489.5407970706	-4.880603038467656	0.24053533114265194	HARPS-pre
2455492.568743387	-4.655499410677189	0.5812907733292784	HARPS-pre
2455493.560651754	-3.2989791220814153	0.5357681631868773	HARPS-pre
2455494.561801573	-4.169181588049421	0.39642295741160793	HARPS-pre
2455495.5576388543	-4.92638046355823	0.3477014089633164	HARPS-pre
2455497.5449616425	-3.3694571438150875	0.3887083544231865	HARPS-pre
2455498.5547809135	-3.596992775004743	0.39004456676029825	HARPS-pre
2455499.5667656185	-2.8774613512528955	0.40004341005212757	HARPS-pre
2455500.5456586853	-0.8283632773546964	0.3106137697006997	HARPS-pre
2455501.548564119	-1.1577817257247633	0.3146098322524898	HARPS-pre
2455727.8720606123	0.8469379079252854	0.35797085699372133	HARPS-pre
2455735.879921532	1.8985649846617028	0.3284924543916593	HARPS-pre
2455749.6157583715	4.43571247749982	0.6536504452565227	HARPS-pre
2455754.7651135884	1.9669112493420173	0.503379456458866	HARPS-pre
2455755.761112869	2.0796087103311036	0.6887828742739959	HARPS-pre
2455756.833053871	2.4506444257673796	0.2764660676071423	HARPS-pre
2455769.699836565	-0.14240789578552726	0.46144073737303104	HARPS-pre
2455770.747459336	0.5511494555947596	0.23709954161422767	HARPS-pre
2455777.7590319705	-1.4694707386608066	0.42841563065879296	HARPS-pre
2455779.7485106024	-0.42027359742920345	0.43728189339098666	HARPS-pre
2455783.732606784	-1.4999796280558184	0.267198379004371	HARPS-pre
2455784.724409488	-2.7842651462307644	0.30612787356507076	HARPS-pre
2455801.4833837	-2.49472	0.9056709999999999	HARPS-pre
2455802.6487219	-3.611034	0.7765230000000001	HARPS-pre
2455803.5563255246	-1.7850714929618379	0.6397384464710785	HARPS-pre
2455804.667486316	-0.9372050342668654	0.5701411481220079	HARPS-pre
2455805.6457707416	-1.6255380463709213	0.4334756973640929	HARPS-pre
2455806.6819106573	-0.11963031470078478	0.45569712910850874	HARPS-pre
2455807.684053909	-0.11966883659426009	0.4607986680443975	HARPS-pre
2455809.6327858707	-2.1806801169199828	0.33176784668569737	HARPS-pre
2455810.510150166	-1.194780567254372	0.509689114406324	HARPS-pre
2455814.721450789	1.5410813315897336	0.42007018009364683	HARPS-pre
2455815.5632454986	2.0021454637778713	0.22508123120633688	HARPS-pre
2455816.6313986043	4.1872038210761815	0.28417636870574836	HARPS-pre
2455817.6268945974	3.6787407612110234	0.2047009917721831	HARPS-pre
2455820.628292683	2.538114692897747	0.21527332842242036	HARPS-pre
2455824.6428766134	2.0043948741686366	0.2845154030311865	HARPS-pre
2455825.6540399813	1.4654879087899146	0.31853850822625107	HARPS-pre
2455826.6507321564	3.096531111690189	0.2833019906023414	HARPS-pre
2455827.6150809256	1.8252366109711398	0.5178594650871367	HARPS-pre
2455828.6380295046	1.1490970198912547	0.22238610305199433	HARPS-pre
2455829.54574285	0.5415433137941403	0.2781469253082492	HARPS-pre
2455830.5686478848	1.4873979096092076	0.5192080490940567	HARPS-pre
2455831.5368161	-0.7950009220528186	0.36697804859168454	HARPS-pre
2455834.6803067	-1.610184	0.748107	HARPS-pre
2455835.562765778	-0.3905724579665495	0.42019996536747733	HARPS-pre
2455836.604300906	-1.4124803451854389	0.4948629412147043	HARPS-pre
2455837.6120157605	-2.137196940642225	0.3968586535334375	HARPS-pre
2455838.598748957	-1.7323182536255421	0.4160948454042076	HARPS-pre
2455839.5955735613	-0.6567190383747079	0.3982327492329757	HARPS-pre
2455840.5920689157	-1.4739789643513803	0.288855159540657	HARPS-pre
2455841.5939331297	-2.388348654022767	0.6136363244457208	HARPS-pre
2455842.5816052863	-1.993954520912721	0.3398449038871659	HARPS-pre
2455843.5769938207	-0.6074942028009869	0.4902221771625513	HARPS-pre
2455844.599773962	-2.509052545214058	0.3325652005003636	HARPS-pre
2455845.6027757036	-1.501863564742325	0.5004508233413812	HARPS-pre
2455870.5520835947	-2.2613723811722064	0.6263297527518306	HARPS-pre
2455871.5403449745	-7.4152008502560065	0.3985267957722542	HARPS-pre
2455872.5252387077	-1.4331873690463328	0.5575007796744782	HARPS-pre
2455873.5251163	-3.773398	0.8705359999999999	HARPS-pre
2455874.5250089588	-2.5824477282427	0.3959496064373113	HARPS-pre
2455875.525874817	-2.5963176091344846	0.48398180937609214	HARPS-pre
2455878.527522736	-2.353969993608865	0.616848078850415	HARPS-pre
2455879.528353665	-3.4695254515611227	0.5413520450492366	HARPS-pre
2455880.5325239245	-4.003468327291449	0.5971204558855503	HARPS-pre
2456052.8622722486	4.769052063951924	0.33536783171544077	HARPS-pre
2456053.8298878353	4.288581945721491	0.31627444551346845	HARPS-pre
2456054.8487942973	3.218796196924546	0.45749132087059613	HARPS-pre
2456055.8674131883	2.4913978686993055	0.34189004983750426	HARPS-pre
2456056.862263426	1.8686622046908883	0.2797588827680115	HARPS-pre
2456057.8643371165	2.40821915536395	0.45309956810246127	HARPS-pre
2456059.8231300856	1.1550203568518405	0.2755668732816254	HARPS-pre
2456061.868656179	1.132774015018336	0.31471706232513874	HARPS-pre
2456062.8853019318	0.6452263674589258	0.3664065647861242	HARPS-pre
2456078.8272878337	-3.8288984927781207	0.5875060148243594	HARPS-pre
2456079.7747950847	-2.1694860187672855	0.4612980366010712	HARPS-pre
2456080.796389326	-4.55865323465329	0.3109258255269446	HARPS-pre
2456081.8361575524	-4.037949602410238	0.4645277732257158	HARPS-pre
2456082.816660712	-3.4912211045002177	0.4722294216635464	HARPS-pre
2456083.766131708	-1.27074700178872	0.4491417811697302	HARPS-pre
2456084.902514	-2.364082	0.8813610000000001	HARPS-pre
2456085.7687062	-2.926126	0.656774	HARPS-pre
2456089.8950727	3.39525	0.608915	HARPS-pre
2456092.9323127	3.832296	0.699053	HARPS-pre
2456093.8791635064	3.5065484025354428	0.5561173090198694	HARPS-pre
2456094.911946422	3.8310780056892098	0.5681824961207854	HARPS-pre
2456098.898185876	2.675966401042574	0.279232942184051	HARPS-pre
2456099.8941893047	2.1935876961223757	0.5452691797981102	HARPS-pre
2456100.9479997326	4.704008477317336	0.42135393490739287	HARPS-pre
2456101.8959177667	3.734127614103129	0.23505287735811167	HARPS-pre
2456102.914747685	0.47387036985057196	0.3259420913547108	HARPS-pre
2456115.828302471	1.299893085396754	0.45847737048851994	HARPS-pre
2456116.835331731	2.6424765582639607	0.6178507345950204	HARPS-pre
2456117.8056518	1.056521	0.8734369999999999	HARPS-pre
2456118.8359833	2.793257	0.874142	HARPS-pre
2456119.8493937	1.863067	0.8920159999999999	HARPS-pre
2456120.7950602	0.303303	0.880798	HARPS-pre
2456121.8322147	1.673921	0.49156000000000005	HARPS-pre
2456149.618530641	-1.9872816197432601	0.4801603752786343	HARPS-pre
2456150.7427548566	-0.39181310592154733	0.46869768625932456	HARPS-pre
2456151.7558845226	-1.8367785684851516	0.6386395076823713	HARPS-pre
2456152.6459999857	-3.0064268097268823	0.4554369387439607	HARPS-pre
2456154.690079838	-2.2239751065950193	0.6617353540900993	HARPS-pre
2456158.750842504	-2.557850148780247	0.4044227498032704	HARPS-pre
2456160.7567504905	-2.088474717478854	0.46346372744752684	HARPS-pre
2456161.6951440675	-2.742600191969503	0.454595216724424	HARPS-pre
2456166.6588888722	-0.2243622547623467	0.3898459300562841	HARPS-pre
2456171.59055607	2.163780755000165	0.3513072365833208	HARPS-pre
2456172.6753493366	3.6388261847291474	0.348304785900463	HARPS-pre
2456173.745131089	0.0696480308258679	0.6378700725413736	HARPS-pre
2456175.628735725	2.2233598980644667	0.28454959008366465	HARPS-pre
2456181.65861155	4.806616240136746	0.3572424886829481	HARPS-pre
2456182.6463722354	2.3004429874798875	0.5545343483245123	HARPS-pre
2456186.64556347	10.65282747208504	0.6241010766790199	HARPS-pre
2456187.6287328317	4.660111531720973	0.4624152331408771	HARPS-pre
2456189.657364	6.102314	0.7717700000000001	HARPS-pre
2456190.6296789353	4.157366316478325	0.34324571292090983	HARPS-pre
2456191.603210071	4.550343861307154	0.5597346142163819	HARPS-pre
2456192.625013097	4.946681063941766	0.6317680171995335	HARPS-pre
2456196.5837023007	4.891006542861323	0.5000023859075146	HARPS-pre
2456198.5843183054	2.9072894617614433	0.42781872466377147	HARPS-pre
2456199.6146116187	3.345100819713099	0.49014968540849213	HARPS-pre
2456200.6453788	2.591889	0.532954	HARPS-pre
2456201.599360491	2.2672315532685996	0.42231329911661497	HARPS-pre
2456202.5717124403	1.543581096167713	0.32028756234556666	HARPS-pre
2456204.6078758696	2.650019852111344	0.37073245547096656	HARPS-pre
2456205.5427503726	0.6617374695731382	0.36650859795644175	HARPS-pre
2456209.5581760043	2.688655621473022	0.30978051385186967	HARPS-pre
2456210.5551985	2.6141622250827967	0.30503038175463143	HARPS-pre
2456212.534565055	3.739208887899335	0.3337074683821186	HARPS-pre
2456215.547874657	2.9264522528442307	0.33648927822020336	HARPS-pre
2456216.570959901	2.518344303424221	0.24178048655982928	HARPS-pre
2456217.5445495755	3.2657244019087037	0.20111160632733205	HARPS-pre
2456218.5865649222	2.31955672643801	0.2798803019438381	HARPS-pre
2456219.542131962	0.4305228840996237	0.30817166611211444	HARPS-pre
2456220.550317175	0.19089783615281264	0.5408816017076947	HARPS-pre
2456225.5513878767	-0.7054718980553304	0.5203056821357135	HARPS-pre
2456227.512117668	-0.9648609456565242	0.6296268926256504	HARPS-pre
2456229.5551961246	-1.0055394458132934	0.2447370167210089	HARPS-pre
2456230.5369580733	-1.2918792792029135	0.43533471620229713	HARPS-pre
2456231.5397661137	1.4882041132054913	0.330989773722027	HARPS-pre
2456398.862201762	-2.1446706957811625	0.34672751014349995	HARPS-pre
2456400.8985122177	-0.17937358150771598	0.36047219106779943	HARPS-pre
2456409.8561871233	3.265128106058517	0.5416969319463699	HARPS-pre
2456416.8551638713	2.184861404492022	0.3756794904667944	HARPS-pre
2456432.926078257	3.96899824610019	0.6268617339754964	HARPS-pre
2456433.920519484	5.345644753420341	0.5055030697247704	HARPS-pre
2456434.908244609	4.364681617894467	0.6248645218325959	HARPS-pre
2456435.9479468	2.819891	0.872955	HARPS-pre
2456437.9050429	1.696347	0.643714	HARPS-pre
2456441.8845878	-0.411586	0.598501	HARPS-pre
2456454.859545097	-1.8570405881545842	0.3879649232690053	HARPS-pre
2456471.870054124	-8.333025326448915	2.52879512316437	HARPS-pre
2456472.881145339	-2.3946725103645763	0.36276574189905314	HARPS-pre
2456473.905355326	-2.4251668358945313	0.47348270554819005	HARPS-pre
2456476.8737407736	0.8147000161994562	0.3458340545514102	HARPS-pre
2456525.7806562553	-1.7413882433230905	0.44443826528278096	HARPS-pre
2456526.7462640367	-2.4012703153590165	0.6240118575888142	HARPS-pre
2456530.691077877	-0.0038610491397394267	0.6561423590779162	HARPS-pre
2456533.4838943	0.41788	0.6771759999999999	HARPS-pre
2456536.6838346	-4.447143	0.8850289999999998	HARPS-pre
2456801.9309165	2.636877	0.823088	HARPS-pre
2456803.8959587	2.354596	0.389468	HARPS-pre
2456804.807802	2.371934	0.765603	HARPS-pre
2456805.7908074	2.133805	0.822232	HARPS-pre
2456806.9008104	1.732266	0.6620199999999999	HARPS-pre
2456822.774109835	0.322346511797912	0.6377697775402368	HARPS-pre
2456823.9092821404	-1.3982828839159742	0.5679780160565635	HARPS-pre
2456824.8190486147	-1.3469212414688183	0.5228532886867762	HARPS-pre
2456825.770107939	-1.134650306720641	0.5357647293566583	HARPS-pre
2456826.8236852884	-2.065399533307397	0.36942196572717034	HARPS-pre
2456827.8186663734	-1.750717034681373	0.34623930966716226	HARPS-pre
2456828.7402812326	-2.0789006933285554	0.4586709600961677	HARPS-pre
2456829.7781158807	-1.303525686024973	0.5198733762590296	HARPS-pre
2456830.803468592	-1.4867402766529265	0.3014609470229567	HARPS-pre
2456831.8383745253	0.4193047478487664	0.35067232265139625	HARPS-pre
2456832.808923972	0.9786337339505509	0.41927728414185056	HARPS-pre
2456833.84358902	1.2678367972086648	0.27131789433883136	HARPS-pre
2456834.847225038	1.7523121995823039	0.2364686585578323	HARPS-pre
2456835.762257455	3.107484729353143	0.4160372767115695	HARPS-pre
2456836.819526203	2.9331189276577185	0.23151194867297933	HARPS-pre
2456837.7308205413	0.7050677520978597	0.37610611281003753	HARPS-pre
2456838.773124095	1.1440274882459756	0.35882769227544753	HARPS-pre
2456839.791085826	3.5393502212971977	0.511799699871356	HARPS-pre
2456840.8740200642	5.255139378921998	0.4534585891525593	HARPS-pre
2456841.8297849805	4.614562830938423	0.44585649204960026	HARPS-pre
2456842.8453848	3.089453	0.615302	HARPS-pre
2456857.803073884	4.064743950211254	0.47272998112492126	HARPS-pre
2456858.8323375937	4.071810810053627	0.5132383315863907	HARPS-pre
2456859.81820664	1.8824689019813714	0.5746844051280988	HARPS-pre
2456862.819115732	2.857626925546008	0.4497809975049699	HARPS-pre
2456863.79660004	3.655260370463748	0.3515921010691909	HARPS-pre
2456864.7814355935	4.6384176013350285	0.4027286166886705	HARPS-pre
2456867.6786205	3.258161	0.919069	HARPS-pre
2456870.7842307	3.15488	0.696099	HARPS-pre
2456871.6293039	4.457672	0.6700319999999998	HARPS-pre
2456872.6995004	3.518925	0.631204	HARPS-pre
2456873.6499101	4.586234	0.564494	HARPS-pre
2456874.6945059	4.363898	0.487256	HARPS-pre
2456915.7022846	-0.067195	0.507986	HARPS-pre
2456916.6956515	0.279357	0.576711	HARPS-pre
2456919.7023038	1.041122	0.452435	HARPS-pre
2456920.6614560005	1.6671069696272687	0.33098290173306855	HARPS-pre
2456921.6571595	1.37878	0.834515	HARPS-pre
2456922.6852604	2.568836	0.459115	HARPS-pre
2456923.674066	3.375625	0.771495	HARPS-pre
2456924.6676356	4.651539	0.569262	HARPS-pre
2456925.6261686785	5.101387208407045	0.49260641367521335	HARPS-pre
2456926.653401	4.524657	0.704045	HARPS-pre
2456932.5631735	1.759063	0.742529	HARPS-pre
2456936.567011	1.155181	0.89516	HARPS-pre
2457181.86401243	-1.4762572783599932	0.4382547182520792	HARPS-post
2457182.717031001	-2.124976907498114	0.34778936577909864	HARPS-post
2457183.705250234	-5.196801754907335	0.573608318868708	HARPS-post
2457184.7897252683	-3.097339615892825	0.29993535057019155	HARPS-post
2457196.9130024174	2.950653984314328	0.66315539606556	HARPS-post
2457198.914671131	1.5127225210652353	0.8992462673597263	HARPS-post
2457199.8349256353	5.332818774766113	0.4452243055996393	HARPS-post
2457200.8037720732	3.4594177378477777	0.4624203977359548	HARPS-post
2457202.7526273667	6.6256346471110605	0.5753009612109466	HARPS-post
2457203.8104270035	6.216697987111265	0.45285827157479314	HARPS-post
2457204.804444964	4.266191175245611	0.470807946878291	HARPS-post
2457210.8864213	-3.257542	0.9722629999999999	HARPS-post
2457211.8997297	-2.569223	0.74804	HARPS-post
2457212.8607676	-1.525568	0.702251	HARPS-post
2457218.7710935744	-0.22281353051053443	0.7493396842065314	HARPS-post
2457219.703068	1.203376	1.307955	HARPS-post
2457220.7722446937	1.6971408660534117	0.8869638838874834	HARPS-post
2457221.8450689	1.535672	1.101183	HARPS-post
2457222.763891452	3.553212059732618	0.37613256945380924	HARPS-post
2457248.7935214	3.539751	0.8247949999999998	HARPS-post
2457249.7373417	1.158112	0.476183	HARPS-post
2457250.6504423	2.006722	0.5076	HARPS-post
2457252.6540574	2.166255	0.408405	HARPS-post
2457255.620304509	2.2648356544235426	0.6350901553763518	HARPS-post
2457256.6404256625	0.7249825227803939	0.478552516331955	HARPS-post
2457258.669525061	-0.9110780364178899	0.5128048860084362	HARPS-post
2457259.5936907	-1.125415	0.970907	HARPS-post
2457260.6193337413	-0.30261812646561825	0.4257301039333532	HARPS-post
2457263.6359467	-0.761834	0.76608	HARPS-post
2457264.6385005	1.093997	0.57251	HARPS-post
2457265.630063488	0.837954424015046	0.47141357489166463	HARPS-post
2457266.6809068	0.112966	0.584786	HARPS-post
2457267.7323345	-0.432314	0.496094	HARPS-post
2457268.6700811964	0.1378638801122511	0.5578110788309067	HARPS-post
2457269.698068745	0.6690706810572356	0.42495817946056413	HARPS-post
2457270.6358296955	2.3749040631413916	0.314812072416516	HARPS-post
2457271.519025165	2.045101377576206	0.41083595597479783	HARPS-post
2457273.6816778905	4.129212685623804	0.27010685182458205	HARPS-post
2457276.6309566693	4.4890777340871875	0.29410507542476555	HARPS-post
2457277.6110105473	4.011551343022178	0.497097134210833	HARPS-post
2457278.677035841	3.828727804598002	0.5074988285437992	HARPS-post
2457291.6148832752	3.525609147275	0.23141052940924664	HARPS-post
2457292.632446284	4.969176133046421	0.32271157081532564	HARPS-post
2457293.6176190544	3.4844100365414166	0.22417396637626094	HARPS-post
2457294.619182871	2.7214154622843907	0.23801827810558787	HARPS-post
2457295.6418456463	2.7742516965155577	0.44515349372572816	HARPS-post
2457604.6417429294	0.30109954778251535	0.4501271447410094	HARPS-post
2457605.8017226392	1.6010143725496961	0.2809541551148074	HARPS-post
2457606.787972264	1.4960362694643066	0.40219763223160837	HARPS-post
2457607.7714164425	0.6521311040552635	0.3050567752547272	HARPS-post
2457608.778601984	1.680345712741115	0.2582734582563305	HARPS-post
2457612.810630585	4.4580801050173005	0.36558823772125454	HARPS-post
2457613.652017263	3.970226780124298	0.29387871413975036	HARPS-post
2457614.656617607	2.4451257181613166	0.33071110118239283	HARPS-post
2457621.730765895	1.8905855195382428	0.3035188008384016	HARPS-post
2457622.744337105	2.1629809953904857	0.4610809586862255	HARPS-post
2457623.7606595	1.407299	0.527001	HARPS-post
2457624.7098966097	0.22595453249603525	0.3823990599803746	HARPS-post
2457625.7114037373	0.7110757742226762	0.2173901555769121	HARPS-post
2457626.739521535	0.8328120742907539	0.37526586182802846	HARPS-post
2457629.6514453194	0.32898454192730436	0.44306182918411413	HARPS-post
2457630.5658891746	0.8375989614715234	0.29244136876685556	HARPS-post
2457631.5999814207	-0.8845192459358702	0.3602325573727756	HARPS-post
2457632.6292042085	-0.45394293518172446	0.3683279927903396	HARPS-post
2457642.6500259168	-2.008069485218575	0.3291558670198632	HARPS-post
2457643.6210173555	-2.188349962011946	0.2710693555132746	HARPS-post
2457644.6483505536	-2.3588656636120837	0.2798541540928405	HARPS-post
2457647.6352790343	-4.598797121005418	0.2096381848345336	HARPS-post
2457648.6108304206	-3.5905758929182605	0.2422820119321075	HARPS-post
2457649.6140943593	-3.9492967589045174	0.318396449344364	HARPS-post
2457650.619200327	-4.953666092471188	0.27347699910050843	HARPS-post
2457651.642733968	-4.217566491628906	0.23293143997136018	HARPS-post
2457652.62476746	-4.258700053748697	0.2623167656183153	HARPS-post
2457653.61561585	-2.835510144118983	0.24903749231195704	HARPS-post
2457654.6183639527	-2.445961270279394	0.3566774094297768	HARPS-post
2457655.61248482	-2.598725043351439	0.3321251994351821	HARPS-post
2457656.5625593606	-3.5234113446633715	0.27856845413882836	HARPS-post
2457657.613156253	-2.3399141048255823	0.27058640601448813	HARPS-post
2457658.5702110324	-3.7407844628896765	0.3597701982559106	HARPS-post
2457659.5872955853	-2.307069461958762	0.320214504097228	HARPS-post
2457660.6265475377	-1.40497816023601	0.3141914818435837	HARPS-post
2457661.6126353405	-1.151127330392291	0.28531273968539056	HARPS-post
2457662.6247341773	-1.4000493966379706	0.2965559823161239	HARPS-post
2451120.92322	-9.15	1.34	UCLES
2451121.90909	-6.82	1.3	UCLES
2451122.89288	-3.4	1.75	UCLES
2451387.21117	-5.39	1.3999999999999997	UCLES
2451411.01018	-7.43	2.13	UCLES
2451413.007501699	-6.6325014500395465	1.8250937893260555	UCLES
2451683.15004	-5.16	1.77	UCLES
2451706.1522	-4.28	1.62	UCLES
2451718.26423	1.71	1.77	UCLES
2451742.97757	1.07	1.43	UCLES
2451744.01356	2.91	1.68	UCLES
2451745.12798	-0.6	1.55	UCLES
2451766.98843	-4.84	1.7	UCLES
2451768.10671	-6.41	1.56	UCLES
2451984.30975	-1.05	1.8300000000000003	UCLES
2452061.17734	-12.97	1.54	UCLES
2452092.07696	-8.65	1.56	UCLES
2452127.09298	-4.27	1.56	UCLES
2452151.02559	-9.93	2.12	UCLES
2452151.97867	-4.09	1.5200000000000002	UCLES
2452152.95799	-2.02	1.26	UCLES
2452188.88346	1.35	2.24	UCLES
2452360.28947	-1.77	1.45	UCLES
2452387.29987	1.06	1.18	UCLES
2452388.24704	0.87	1.2	UCLES
2452421.23365	-3.52	1.16	UCLES
2452423.16894	-2.92	1.21	UCLES
2452455.13481	-1.85	1.32	UCLES
2452477.07538	2.97	1.17	UCLES
2452510.03308	1.43	1.63	UCLES
2452510.97276	-0.33	1.45	UCLES
2452591.94215	-4.51	1.28	UCLES
2452711.29272	-3.03	2.36	UCLES
2452712.28275	2.38	1.96	UCLES
2452745.30672	-2.52	1.3	UCLES
2452747.32151	-6.67	1.6399999999999997	UCLES
2452748.24716	-5.68	1.68	UCLES
2452752.24317	-0.21	1.37	UCLES
2452857.17721	-1.83	1.6399999999999997	UCLES
2452861.07843	4.01	1.44	UCLES
2452942.99458	-0.71	1.44	UCLES
2452946.94027	-0.13	1.34	UCLES
2453214.15574	8.5	2.14	UCLES
2453215.153603464	-1.7620509882900592	1.3522708356580726	UCLES
2453216.13911	3.88	1.33	UCLES
2453218.09554	5.15	1.29	UCLES
2453243.02718	3.98	1.34	UCLES
2453243.99185	0.74	1.6	UCLES
2453282.998190674	2.6687411763261593	1.3063462221086832	UCLES
2453483.29415942	1.1958684894348903	0.6653725110195096	UCLES
2453485.2598991673	0.8793158004803832	0.6832076260166128	UCLES
2453487.2808798286	2.3896309022708038	0.6858844279388745	UCLES
2453507.2838476794	6.434366933725063	0.7500389022267523	UCLES
2453509.2038765824	4.43587827819983	0.7884792814285182	UCLES
2453516.238304073	-0.9768620776148695	0.8629849113093755	UCLES
2453517.289896646	-2.1891281530657114	0.7951440226957277	UCLES
2453520.3108868925	1.0156764520492734	0.8127767881872423	UCLES
2453521.256388457	4.600026576765018	1.0067156883162933	UCLES
2453522.184425187	2.091557697751296	0.7868539333390998	UCLES
2453523.2667798055	3.1920612384931815	0.8976669822617601	UCLES
2453569.157646987	-1.6567784019024663	0.8370063976443743	UCLES
2453570.1291120914	-0.28355270816587214	0.7393732916318864	UCLES
2453571.1621789034	-2.336551719319206	0.7427236705306862	UCLES
2453572.1950125135	-3.3456154665691105	0.7461418610889262	UCLES
2453573.0942876707	2.2602032189181416	0.7427206881848742	UCLES
2453574.116592541	-2.0028852161247963	0.6192069334546231	UCLES
2453576.077341702	-0.06595752407049862	0.6237141760963034	UCLES
2453577.1009056284	-0.5710861164245097	0.6100632793454441	UCLES
2453579.0356561965	-1.7783146300816721	0.6473038835184385	UCLES
2453626.091508926	-5.981886248985818	2.953659042196412	UCLES
2453628.01934	0.14	1.8200000000000003	UCLES
2453629.0237973332	2.402211757335282	1.0875286685835572	UCLES
2453664.93466195	0.6746808017779913	0.6690647270836474	UCLES
2453665.990648227	-2.9989858681862405	0.6966986689200166	UCLES
2453667.9797687074	-1.7125629715288964	0.6820404935594221	UCLES
2453668.9656265867	-0.23832522115352572	0.7128510458534636	UCLES
2453670.9691475034	-2.291478237916194	0.8976283025120706	UCLES
2453938.212851065	1.5896120647315477	0.7858717163478541	UCLES
2453942.084969947	-3.6828053551751934	0.5686068360026558	UCLES
2453947.136820691	-3.9926845292802873	0.6254773181873426	UCLES
2454008.008541748	-1.0988401202530842	0.5831111638624757	UCLES
2454009.0038529346	0.6889870871370773	0.6291119501774076	UCLES
2454009.9820476556	-0.5643430471311189	0.6188690561245718	UCLES
2454010.9822444194	-1.9597178758445375	0.6262144040544176	UCLES
2454011.9814423164	-2.052322541290789	0.635202918992024	UCLES
2454012.9381263764	-0.7121926652247885	0.6250919529389009	UCLES
2454014.993698932	-0.44284968565441074	0.8085031150850969	UCLES
2454016.0698984214	-3.201433049235754	0.838253098639259	UCLES
2454016.98524547	-0.7352477780482847	0.709510972822342	UCLES
2454038.881668028	3.189108285223904	1.1289863200153105	UCLES
2454221.299642111	-3.224569315598132	0.7636616210228973	UCLES
2454223.3276225897	-2.940959353698561	0.9438088030972362	UCLES
2454226.3333417666	-0.9107091059099396	1.0237579477902619	UCLES
2454227.3341663172	-2.131260494693249	1.0470392344287267	UCLES
2454253.2137499414	-3.666828525612308	0.663138860460154	UCLES
2454334.0567317014	-6.012160362457363	1.0095728572001776	UCLES
2454372.002927157	-2.991472611029317	0.6625165509750073	UCLES
2454373.0012698956	-3.328262315993921	0.7462929165449599	UCLES
2454375.0202104542	1.0228522755697473	0.6459730877895358	UCLES
2454430.9262367715	1.5414308822857434	1.5853321215562641	UCLES
2454431.939970455	-4.467614825234247	0.9061796827903198	UCLES
2454751.9115582616	-10.031356407147513	0.6289689623067667	UCLES
2454753.998216058	-7.227232215039001	1.0099812619960804	UCLES
2455014.0996150393	-3.2586431898219463	0.7616872114798597	UCLES
2455018.104995192	-5.454859515834095	0.8809297544624966	UCLES
2455019.10569	-4.76	2.15	UCLES
2455020.238143139	-6.484515943060911	0.8946336017356012	UCLES
2455021.080013487	-6.868121012499039	0.999733803613453	UCLES
2455022.0891787643	-4.421060323785407	0.9280102107720826	UCLES
2455023.099441817	-5.189217935756431	0.9349848865754986	UCLES
2455024.087729905	-5.678564653238351	0.9486095615180228	UCLES
2455030.046773372	-4.491739892061337	1.0763273411207137	UCLES
2455031.16600905	-3.4990272962950058	0.7301692461160184	UCLES
2455032.214888303	-4.564916646300876	0.790197964881146	UCLES
2455033.122821631	-3.952669407970162	0.8563506911387362	UCLES
2455036.1580328275	-5.441364990402052	1.1256827600555264	UCLES
2455037.083042273	-4.44391160153133	0.9054325321578204	UCLES
2455039.152041223	-9.464934362669409	2.3211128835263546	UCLES
2455040.14836	-0.95	3.5999999999999996	UCLES
2455041.17282	-7.97	2.02	UCLES
2455042.2067213906	-5.398112443802815	1.0934428014310622	UCLES
2455044.0771446256	-6.894001636215305	0.7445503356725057	UCLES
2455046.0582913207	-5.894682860522142	0.7168970393975178	UCLES
2455049.025005511	-9.793257378403677	0.6999603959515501	UCLES
2455050.0879434193	-9.226151894208702	0.7235053937667867	UCLES
2455051.086432101	-10.38095402434394	0.8397944639065205	UCLES
2455052.0152786225	-11.349095747613221	0.8488638022522015	UCLES
2455053.030325813	-8.95918606931282	0.7429535745515577	UCLES
2455055.122297527	-5.200634038223967	0.8891812205514533	UCLES
2455056.1783575024	-0.7508270580638375	0.8426513164040191	UCLES
2455057.11682787	-2.9853335755464547	0.8865863514930097	UCLES
2455058.143275634	-4.0633480692107735	0.8776102925917272	UCLES
2455059.177761901	-4.5092943184183625	0.9678487912737881	UCLES
2455102.952454858	-5.004301283147104	0.9723076096583688	UCLES
2455107.9883473236	-3.0814578273576174	1.428307963876925	UCLES
2455111.985555484	-6.795586114095707	0.8089048798669648	UCLES
2455314.3206862593	-4.8810309799789255	1.0883247138717493	UCLES
2455315.2691878043	-4.429476253749963	0.8424237603087616	UCLES
2455316.2737965984	-2.1770487382344217	0.9227282452837288	UCLES
2455375.2437350214	-8.045173700594749	1.7123264381374685	UCLES
2455376.1978789675	-2.347940003623938	0.8896152287178231	UCLES
2455398.148143788	-6.277042714455554	0.9382734221406455	UCLES
2455400.126405528	-3.0658143651102687	1.1863618440153054	UCLES
2455401.1136853513	-2.39097684262467	0.9305380512473966	UCLES
2455426.1010758434	-13.253493313962412	1.2033179695018485	UCLES
2455456.9569679783	0.027655349506676696	0.883194966315348	UCLES
2455751.100976345	-8.309664424648414	1.2887673106233388	UCLES
2455754.186250101	-1.89508010358404	0.9429448441849343	UCLES
2455756.982037567	-9.88687967507468	1.1521700960769972	UCLES
2455788.1041734396	-10.419080759346981	1.153571391364219	UCLES
2455843.897880058	-5.115884259747726	1.188338911518151	UCLES
2455876.9555805083	-10.317484742599193	1.6364686718213948	UCLES
2456085.2156151365	-8.327669325184768	1.7921599656710552	UCLES
2456088.155926088	-0.8605056603773585	0.9770284160143013	UCLES
2456135.0752624576	1.6171369588875664	1.161154712047226	UCLES
2456138.16779128	-1.4103208880975897	1.4875320681578914	UCLES
2456139.140657869	-0.9961552032933252	1.2855321653778315	UCLES
2456465.2379135475	0.1897553869269195	1.300302310722697	UCLES
2456498.130299316	-6.269263533124766	1.0960329759920684	UCLES
2456556.9816105124	-0.23997078647317055	0.824137437384957	UCLES
2456748.266346926	-3.383205551883675	0.7388744333837771	UCLES
2456771.241179837	1.735956883317929	0.9889701854010899	UCLES
2456794.275975	-1.685	1.1313708498984762	UCLES
2456934.998919633	4.778319359199072	1.1943210845504413	UCLES
2456936.025945451	3.5750680823210694	1.227268990083382	UCLES
2456969.9038367467	-5.986209659868356	1.0485889725954607	UCLES
2457231.165200602	3.1114852570501474	1.26847121458109	UCLES
2457232.96455	3.38	1.67	UCLES
2457236.1332823024	9.27541972576255	0.8857339351768753	UCLES
2457237.1619116077	7.526148309364334	1.6911614185799697	UCLES
2457290.0514028138	1.406332603109225	1.260784665009707	UCLES
2455845.5887916638	-5.338766816440248	0.5628413800277632	PFS-Pre
2456094.7589227813	0.20797087869955472	0.6326057620076287	PFS-Pre
2456145.6659	-3.31	1.07	PFS-Pre
2456176.57953	-2.21	1.17	PFS-Pre
2456428.8716532895	-2.5906705853012526	0.4308774142115369	PFS-Pre
2456432.904838474	0.04862415247479093	0.260516032407715	PFS-Pre
2456433.8571276083	-0.6615181004322331	0.35419241859999095	PFS-Pre
2456434.88829067	-0.616987659351623	0.26848349701807267	PFS-Pre
2456437.750999061	-3.2962068965517246	0.4344827586206897	PFS-Pre
2456438.8172358284	-5.846254424373013	0.4729445737897022	PFS-Pre
2456439.8085	-5.9	0.84	PFS-Pre
2456502.764	-7.55	1.09	PFS-Pre
2456550.58003	-5.38	1.1	PFS-Pre
2456552.5894990275	-4.8942022710068125	0.9086115785950574	PFS-Pre
2456556.55275	-0.59	1.07	PFS-Pre
2456612.51509957	-4.561033396442205	0.5977420161845405	PFS-Pre
2456816.8522939966	-3.1526841072984357	0.7002646490892757	PFS-Pre
2456822.87616	-0.27	1.23	PFS-Pre
2457319.54735	1.02	2.1	PFS-Pre
