time	mnvel	errvel	tel
2449611.4278	-45376.99999999999	10.0	ELODIE
2449851.6145	-45353.0	8.0	ELODIE
2449910.5039	-45333.99999999999	6.999999999999999	ELODIE
2449974.411	-45346.0	6.999999999999999	ELODIE
2450023.3041	-45339.0	6.999999999999999	ELODIE
2450264.6014	-45328.99999999999	8.0	ELODIE
2450265.5452	-45333.0	6.999999999999999	ELODIE
2450326.4568	-45341.0	6.999999999999999	ELODIE
2450382.2709	-45325.0	6.999999999999999	ELODIE
2450648.605	-45336.99999999999	6.999999999999999	ELODIE
2450654.4226	-45315.0	6.999999999999999	ELODIE
2450675.5229	-45317.0	6.999999999999999	ELODIE
2450701.4311	-45331.0	6.999999999999999	ELODIE
2450731.3787	-45332.0	6.999999999999999	ELODIE
2450944.6034	-45328.99999999999	6.999999999999999	ELODIE
2450970.6033	-45340.0	6.999999999999999	ELODIE
2451025.5148	-45343.99999999999	6.999999999999999	ELODIE
2451035.5205	-45327.0	6.999999999999999	ELODIE
2451054.4288	-45358.00000000001	6.999999999999999	ELODIE
2451123.3543	-45339.0	8.0	ELODIE
2451153.2283	-45353.0	8.0	ELODIE
2451353.5572	-45355.0	6.999999999999999	ELODIE
2451417.4383	-45365.0	6.999999999999999	ELODIE
2451506.277	-45358.99999999999	8.0	ELODIE
2451693.5662	-45352.0	6.999999999999999	ELODIE
2451755.482	-45343.99999999999	8.0	ELODIE
2451781.4686	-45376.00000000001	6.999999999999999	ELODIE
2451802.4195	-45372.0	8.0	ELODIE
2451853.2751	-45358.00000000001	6.999999999999999	ELODIE
2451908.2554	-45347.0	11.000000000000002	ELODIE
2452075.5758	-45349.0	6.999999999999999	ELODIE
2452080.5827	-45348.0	6.999999999999999	ELODIE
2452081.5915	-45355.0	6.999999999999999	ELODIE
2452111.5041	-45352.0	6.999999999999999	ELODIE
2452142.5406	-45366.00000000001	6.999999999999999	ELODIE
2452158.467	-45370.0	6.999999999999999	ELODIE
2452160.5008	-45370.0	8.0	ELODIE
2452164.3366	-45353.0	8.0	ELODIE
2452194.3754	-45357.0	6.999999999999999	ELODIE
2452196.3804	-45358.99999999999	6.999999999999999	ELODIE
2452220.3583	-45358.99999999999	8.0	ELODIE
2452247.2308	-45370.0	6.999999999999999	ELODIE
2452250.2645	-45350.0	11.000000000000002	ELODIE
2452360.6765	-45354.0	6.999999999999999	ELODIE
2452361.6715	-45354.0	6.999999999999999	ELODIE
2452454.5688	-45355.0	6.999999999999999	ELODIE
2452454.5814	-45339.0	6.999999999999999	ELODIE
2452480.5627	-45361.00000000001	6.999999999999999	ELODIE
2452486.5041	-45356.0	6.999999999999999	ELODIE
2452513.5461	-45367.0	8.0	ELODIE
2452515.5449	-45376.00000000001	11.000000000000002	ELODIE
2452532.3837	-45363.0	6.999999999999999	ELODIE
2452533.4095	-45371.0	6.999999999999999	ELODIE
2452565.331	-45356.0	6.999999999999999	ELODIE
2452597.2346	-45361.00000000001	6.999999999999999	ELODIE
2452598.2306	-45369.0	6.999999999999999	ELODIE
2450233.922	-45342.0	5.0	AFOE
2450235.9114	-45320.0	6.999999999999999	AFOE
2450236.8773	-45336.99999999999	6.999999999999999	AFOE
2450262.8718	-45345.0	6.0	AFOE
2450263.8871	-45340.0	11.000000000000002	AFOE
2450265.9091	-45343.0	10.0	AFOE
2450294.8766	-45341.0	15.0	AFOE
2450413.6031	-45316.0	6.999999999999999	AFOE
2450418.5752	-45309.0	9.000000000000002	AFOE
2450762.6222	-45309.0	13.999999999999998	AFOE
2450944.9822	-45347.0	9.000000000000002	AFOE
2451099.7332	-45341.0	9.000000000000002	AFOE
2452159.8382	-45373.99999999999	18.000000000000004	AFOE
2455756.5	-45211.3	1.3	SOPHIE
2455757.487	-45209.7	1.2	SOPHIE
2455758.507	-45207.700000000004	1.1	SOPHIE
2455759.532	-45205.7	1.2	SOPHIE
2455760.522	-45205.5	1.1	SOPHIE
2455761.349	-45209.6	1.2	SOPHIE
2455762.493	-45210.4	1.1	SOPHIE
2455763.38	-45215.1	1.2	SOPHIE
2455765.622	-45216.700000000004	1.1	SOPHIE
2455767.627	-45219.700000000004	1.4	SOPHIE
2455769.479	-45217.799999999996	1.1	SOPHIE
2455772.359	-45214.399999999994	1.1	SOPHIE
2455785.487	-45218.1	1.1	SOPHIE
2455793.383	-45205.6	1.1	SOPHIE
2455796.467	-45208.799999999996	1.1	SOPHIE
2455798.493	-45210.700000000004	1.2	SOPHIE
2455813.428	-45203.8	1.1	SOPHIE
2455818.33	-45212.299999999996	1.0	SOPHIE
2455835.417	-45215.4	1.0	SOPHIE
2455848.299	-45204.799999999996	1.0	SOPHIE
2455908.236	-45207.5	1.4	SOPHIE
2456175.409	-45190.600000000006	1.2	SOPHIE
2456200.333	-45186.5	1.2	SOPHIE
2456220.319	-45185.6	1.1	SOPHIE
2456517.451	-45190.7	1.1	SOPHIE
2456519.428	-45190.1	1.1	SOPHIE
2456521.443	-45192.100000000006	1.2	SOPHIE
2456554.416	-45196.9	1.1	SOPHIE
2456557.378	-45197.7	1.1	SOPHIE
2456583.355	-45192.100000000006	1.2	SOPHIE
2456613.268	-45191.4	1.1	SOPHIE
2456624.292	-45205.0	1.1	SOPHIE
2456625.297	-45204.2	1.0	SOPHIE
2456626.28	-45203.5	1.1	SOPHIE
2456628.29	-45199.7	1.1	SOPHIE
2456629.263	-45201.5	1.1	SOPHIE
2456630.238	-45197.899999999994	1.0	SOPHIE
2456631.246	-45193.5	1.0	SOPHIE
2456638.266	-45204.4	1.1	SOPHIE
2456643.254	-45209.200000000004	1.0	SOPHIE
2456644.242	-45205.8	1.1	SOPHIE
2452511.7792970003	-11.82	3.001639	Hamilton
2452511.787109	-8.48	3.000885	Hamilton
2452512.793945	-22.98	3.482045	Hamilton
2452512.801758	-28.15	3.3067010000000003	Hamilton
2452513.817383	-15.42	3.3413980000000003	Hamilton
2452513.827148	-17.34	3.302486	Hamilton
2452514.7207029997	-27.93	4.036517	Hamilton
2452514.743164	-17.15	3.814611	Hamilton
2452514.765625	-25.34	3.93929	Hamilton
2452515.668945	-10.24	3.980379	Hamilton
2452515.691406	-22.31	3.6565440000000002	Hamilton
2452515.713867	-15.13	3.774372	Hamilton
2452516.723633	-32.67	5.647517	Hamilton
2452516.746094	-20.14	5.072449	Hamilton
2452516.768555	-2.54	4.982111	Hamilton
2452520.757812	-14.28	3.611528	Hamilton
2452520.7792970003	-29.66	3.715117	Hamilton
2452520.802734	-15.62	3.4087940000000003	Hamilton
2452521.706055	-11.79	3.8525949999999995	Hamilton
2452521.728516	-9.39	3.962875	Hamilton
2452521.7519529997	-10.94	4.077205999999999	Hamilton
2452522.71875	-3.88	3.9074400000000002	Hamilton
2452522.741211	-21.98	3.9129680000000002	Hamilton
2452522.7636720003	-7.54	4.114991000000001	Hamilton
2452523.711914	5.76	5.218488	Hamilton
2452523.734375	-10.36	4.642602	Hamilton
2452523.755859	-2.42	4.228803	Hamilton
2452524.722656	-9.28	3.6670239999999996	Hamilton
2452524.745117	-3.57	3.973726	Hamilton
2452524.7675779997	6.79	3.6932949999999996	Hamilton
2452534.703125	-15.37	2.863434	Hamilton
2452535.647461	-14.42	2.925144	Hamilton
2452535.662109	-28.16	3.077438	Hamilton
2452540.677734	-6.71	4.195686	Hamilton
2452540.700195	-6.23	3.548104	Hamilton
2452540.722656	10.39	3.6496660000000003	Hamilton
2452551.667969	-16.61	4.187729	Hamilton
2452552.635742	-15.42	3.997613	Hamilton
2452552.65918	-15.51	3.8551889999999998	Hamilton
2452552.681641	-10.18	3.6477169999999997	Hamilton
2452553.651367	-6.1	3.7978940000000003	Hamilton
2452553.6738279997	-20.74	3.694807	Hamilton
2452554.6425779997	-19.12	4.876204	Hamilton
2452554.666016	-5.89	4.29126	Hamilton
2452570.648438	-15.3	4.276289	Hamilton
2452570.670898	-25.17	4.128899	Hamilton
2452570.693359	-16.12	4.542351999999999	Hamilton
2452811.93457	-19.6	4.630383999999999	Hamilton
2452812.928711	0.78	3.1066380000000002	Hamilton
2452812.93457	2.26	3.28321	Hamilton
2452813.945312	-4.4	3.5977080000000004	Hamilton
2452813.956055	2.13	3.382736	Hamilton
2452831.941406	7.98	3.493143	Hamilton
2452831.950195	6.63	3.4027489999999996	Hamilton
2452832.927734	0.35	3.2928	Hamilton
2452832.93457	7.32	3.4379589999999998	Hamilton
2452834.932662	2.79	2.795929	Hamilton
2452841.852539	-13.58	7.660947999999999	Hamilton
2452841.874023	-4.32	6.075552	Hamilton
2452841.895508	-12.44	5.4019260000000004	Hamilton
2452842.864258	-0.68	5.906071	Hamilton
2452842.886719	0.93	5.831062999999999	Hamilton
2452842.90918	-2.82	4.8525540000000005	Hamilton
2452843.859375	3.77	5.720687	Hamilton
2452843.881836	-6.05	4.958496	Hamilton
2452843.9042970003	6.01	5.056883	Hamilton
2452853.852539	-5.39	8.540982000000001	Hamilton
2452853.87793	-6.5	9.751889	Hamilton
2452853.900391	3.31	10.294587	Hamilton
2452854.806641	-3.35	3.8695190000000004	Hamilton
2452854.829102	-0.85	3.9613300000000002	Hamilton
2452854.851562	-11.99	3.9976260000000003	Hamilton
2452855.799805	-11.41	3.659825	Hamilton
2452855.822266	-3.22	3.5044480000000005	Hamilton
2452855.844727	-3.11	3.5051330000000003	Hamilton
2452856.807617	-5.59	4.17791	Hamilton
2452856.824219	-4.89	8.361341	Hamilton
2452895.742188	3.64	3.350132	Hamilton
2452895.75	1.22	3.650954	Hamilton
2452896.739258	-6.63	3.1485220000000003	Hamilton
2452897.733398	0.77	2.7716689999999997	Hamilton
2452911.704102	-19.99	5.111993	Hamilton
2452911.726562	-7.74	4.3269910000000005	Hamilton
2452911.749023	-1.1	4.17089	Hamilton
2452911.771484	1.55	4.544134	Hamilton
2452912.702148	-3.26	3.063	Hamilton
2452912.724609	-5.52	3.5141129999999996	Hamilton
2452912.749023	-4.37	3.772679	Hamilton
2452912.771484	-12.69	3.995253	Hamilton
2452927.620117	-5.47	3.6920839999999995	Hamilton
2452927.6425779997	-4.82	3.56734	Hamilton
2452927.665039	-1.74	3.540176	Hamilton
2452927.6875	-12.4	3.550782	Hamilton
2452990.621094	1.1	2.876939	Hamilton
2453210.931641	8.81	3.368925	Hamilton
2453251.792969	8.91	3.6073910000000002	Hamilton
2453282.663086	20.37	3.23454	Hamilton
2453334.629883	21.29	3.3413160000000004	Hamilton
2453337.606445	29.22	3.691608	Hamilton
2453338.6074220003	27.29	3.33581	Hamilton
2453544.936944	17.0	3.590072	Hamilton
2453545.974861	24.89	3.4052949999999997	Hamilton
2453553.958669	33.66	3.881254	Hamilton
2453553.976481	16.77	5.056997	Hamilton
2453554.927361	27.69	3.8511580000000003	Hamilton
2453554.946458	35.75	4.7258569999999995	Hamilton
2453556.845787	35.62	4.028308	Hamilton
2453556.864745	19.93	4.411361	Hamilton
2453556.883981	29.26	4.098592	Hamilton
2453557.875116	20.81	5.104119	Hamilton
2453557.897743	35.74	4.774104	Hamilton
2453558.93853	27.06	4.153298	Hamilton
2453558.9594099997	28.61	4.169158	Hamilton
2453559.8990970002	16.36	4.565605000000001	Hamilton
2453559.921956	22.69	4.648029	Hamilton
2453560.8599650003	11.13	4.868812	Hamilton
2453560.8756130002	25.33	4.737571	Hamilton
2453561.846887	22.54	4.435255000000001	Hamilton
2453561.866146	23.69	4.448793	Hamilton
2453564.78397	22.49	4.863036	Hamilton
2453564.801968	39.86	5.782164	Hamilton
2453565.837002	29.18	4.962953	Hamilton
2453565.85515	40.44	5.713451999999999	Hamilton
2453566.850984	28.46	5.161519999999999	Hamilton
2453566.871528	32.38	4.931499	Hamilton
2453571.87316	4.3	4.403608999999999	Hamilton
2453571.890579	13.72	4.605615	Hamilton
2453573.851134	6.29	4.7501940000000005	Hamilton
2453573.8702080003	21.11	5.055144	Hamilton
2453588.8479049997	23.91	4.980021	Hamilton
2453588.87059	37.4	5.4492959999999995	Hamilton
2453589.780729	37.0	5.9692989999999995	Hamilton
2453589.802465	16.64	5.462372	Hamilton
2453590.8429630003	13.01	5.519858	Hamilton
2453592.797859	20.28	5.90533	Hamilton
2453593.83125	7.74	4.867963	Hamilton
2453596.807546	14.02	5.107464	Hamilton
2453597.820035	-17.69	4.834721	Hamilton
2453636.680891	30.82	3.2948239999999998	Hamilton
2453866.938542	-5.44	3.3814309999999996	Hamilton
2453867.875185	-0.61	3.81618	Hamilton
2453868.976933	1.91	3.492225	Hamilton
2453869.998241	0.15	4.097789	Hamilton
2453894.9366900004	5.33	3.8897440000000003	Hamilton
2453896.902778	2.04	3.8521300000000003	Hamilton
2453989.864745	-6.73	3.27517	Hamilton
2450365.720509	21.2	1.195408	HIRES-pre
2450605.058553	33.99	1.075252	HIRES-pre
2450666.910278	23.56	1.0483069999999999	HIRES-pre
2451009.9447919996	-0.8	1.070437	HIRES-pre
2451013.925035	2.83	1.199565	HIRES-pre
2451052.018681	9.5	1.0000639999999998	HIRES-pre
2451068.819583	4.5	1.15721	HIRES-pre
2451069.855139	3.99	1.2130049999999999	HIRES-pre
2451070.899873	11.32	1.240551	HIRES-pre
2451071.835498	-3.19	1.217846	HIRES-pre
2451072.824109	3.29	1.217266	HIRES-pre
2451073.820405	3.63	0.989118	HIRES-pre
2451073.822025	1.21	1.1184049999999999	HIRES-pre
2451074.812176	-0.14	1.157585	HIRES-pre
2451075.746516	-11.97	2.313457	HIRES-pre
2451075.7509259996	-1.66	1.394326	HIRES-pre
2451341.101204	-7.7	1.227891	HIRES-pre
2451368.973565	-15.55	1.497217	HIRES-pre
2451410.906296	-6.82	1.156673	HIRES-pre
2451439.7839349997	-21.05	1.248646	HIRES-pre
2451679.0610189997	-18.62	1.144361	HIRES-pre
2451703.0817939998	-10.72	1.103548	HIRES-pre
2451704.023137	-7.9	1.240278	HIRES-pre
2451705.071609	-14.37	1.257975	HIRES-pre
2451706.074028	-15.22	1.110757	HIRES-pre
2452031.091678	-10.7	1.320114	HIRES-pre
2452094.883634	-14.88	1.5030299999999999	HIRES-pre
2452100.930926	-21.91	1.2496129999999999	HIRES-pre
2452127.95515	-16.88	1.344892	HIRES-pre
2452160.832407	-18.27	1.449551	HIRES-pre
2452189.78897	-23.99	1.346339	HIRES-pre
2452238.6814349997	-17.14	1.269117	HIRES-pre
2452446.9356939998	-14.07	1.155194	HIRES-pre
2452487.829595	-7.06	1.423997	HIRES-pre
2452487.830938	-9.12	1.4827620000000001	HIRES-pre
2452514.777882	-14.72	1.16994	HIRES-pre
2452515.887083	-15.4	1.313136	HIRES-pre
2452535.745023	-12.51	1.354425	HIRES-pre
2452536.855914	-11.71	1.536575	HIRES-pre
2452539.862928	-1.42	1.29424	HIRES-pre
2452572.739028	-9.17	1.352791	HIRES-pre
2452573.799213	-6.41	1.220215	HIRES-pre
2452573.8006599997	-5.47	1.1835209999999998	HIRES-pre
2452574.798391	-1.61	1.6732650000000002	HIRES-pre
2452601.694051	-16.71	1.349243	HIRES-pre
2452602.6887040003	-14.09	1.242306	HIRES-pre
2452602.690706	-6.41	1.190813	HIRES-pre
2452651.698287	-4.88	1.161015	HIRES-pre
2452776.1240740004	4.41	1.537354	HIRES-pre
2452779.116701	0.81	1.196002	HIRES-pre
2452803.959884	-2.64	1.1242940000000001	HIRES-pre
2452805.105058	-5.96	1.179824	HIRES-pre
2452806.039039	-7.01	1.29159	HIRES-pre
2452806.9543169998	-3.53	1.238904	HIRES-pre
2452828.925243	-3.91	1.181308	HIRES-pre
2452829.126343	-2.85	1.2232040000000002	HIRES-pre
2452830.028634	-8.28	1.417168	HIRES-pre
2452832.02125	1.5	1.179618	HIRES-pre
2452832.8837619997	3.84	1.13846	HIRES-pre
2452832.88515	3.23	1.354091	HIRES-pre
2452833.904641	-0.54	1.2416049999999998	HIRES-pre
2452834.914109	0.78	1.241177	HIRES-pre
2452835.979236	-4.8	1.259728	HIRES-pre
2452835.980752	-3.21	1.206734	HIRES-pre
2452848.81537	5.11	1.434179	HIRES-pre
2452848.817431	6.43	1.380729	HIRES-pre
2452849.9664580002	6.04	1.34392	HIRES-pre
2452849.9685759996	6.59	1.3619999999999999	HIRES-pre
2452850.849861	6.55	1.222238	HIRES-pre
2452853.959884	2.08	1.403314	HIRES-pre
2452854.964421	-4.5	1.363446	HIRES-pre
2452855.990336	-2.96	1.436943	HIRES-pre
2452897.812847	7.4	1.396297	HIRES-pre
2452898.76706	9.8	1.273224	HIRES-pre
2452924.719236	-1.36	1.174315	HIRES-pre
2453072.162975	13.86	1.2141600000000001	HIRES-pre
2453072.165081	13.2	1.146835	HIRES-pre
2453072.166562	17.41	1.224575	HIRES-pre
2453074.147361	9.77	1.11122	HIRES-pre
2453077.129873	6.19	1.101098	HIRES-pre
2453154.109525	16.24	1.287018	HIRES-pre
2453180.085498	13.09	1.289894	HIRES-pre
2453180.086875	13.44	1.104196	HIRES-pre
2453180.972164	8.88	1.308426	HIRES-pre
2453181.970185	10.46	1.214123	HIRES-pre
2453181.971632	7.63	1.219216	HIRES-pre
2453190.0853130003	20.17	1.202318	HIRES-pre
2453190.086644	18.8	1.22107	HIRES-pre
2453195.871065	13.57	1.330846	HIRES-pre
2453196.879456	12.85	1.240888	HIRES-pre
2453196.880845	12.03	1.156161	HIRES-pre
2453238.785718	18.89	1.120577	HIRES-post
2453238.7916200003	21.84	1.173889	HIRES-post
2453239.8626389997	22.11	1.148188	HIRES-post
2453239.8785759998	19.67	1.13565	HIRES-post
2453240.9181709997	26.39	1.15886	HIRES-post
2453301.876215	17.8	1.0689030000000002	HIRES-post
2453301.877338	19.42	1.1266209999999999	HIRES-post
2453302.70978	18.79	0.974849	HIRES-post
2453302.7110880003	16.68	0.9936590000000001	HIRES-post
2453303.696968	14.39	1.190806	HIRES-post
2453303.705	17.71	1.034144	HIRES-post
2453303.707245	16.07	0.9478209999999999	HIRES-post
2453338.694387	21.16	1.022298	HIRES-post
2453338.695208	22.25	1.049671	HIRES-post
2453339.702627	23.1	1.0865120000000001	HIRES-post
2453367.692593	24.6	1.167141	HIRES-post
2453367.6936459998	21.7	1.12779	HIRES-post
2453368.696331	23.57	1.14552	HIRES-post
2453368.697604	22.63	1.073375	HIRES-post
2453368.698889	21.76	1.1163020000000001	HIRES-post
2453369.685243	22.37	1.063966	HIRES-post
2453369.686181	27.62	1.039975	HIRES-post
2453369.687211	20.53	1.1536629999999999	HIRES-post
2453370.692037	19.23	1.258349	HIRES-post
2453370.693935	26.11	1.171258	HIRES-post
2453479.122257	26.52	1.024145	HIRES-post
2453479.1231939998	25.83	0.986175	HIRES-post
2453479.124109	27.84	1.019557	HIRES-post
2453480.114942	31.28	1.035493	HIRES-post
2453480.115868	27.07	1.0284309999999999	HIRES-post
2453480.116806	29.54	0.9906209999999999	HIRES-post
2453547.077558	22.31	1.0657450000000002	HIRES-post
2453547.078368	21.81	1.093359	HIRES-post
2453547.079167	20.4	0.9986309999999999	HIRES-post
2453549.115197	24.1	1.037666	HIRES-post
2453549.116019	25.17	1.0551139999999999	HIRES-post
2453550.074572	34.06	1.022129	HIRES-post
2453550.075394	32.51	1.023115	HIRES-post
2453550.0762150004	31.34	1.028525	HIRES-post
2453550.077025	32.43	0.951701	HIRES-post
2453550.077859	31.52	1.005272	HIRES-post
2453551.074005	30.06	0.969404	HIRES-post
2453551.074826	32.61	0.9765799999999999	HIRES-post
2453551.075648	30.89	1.001918	HIRES-post
2453551.07647	30.48	0.9017940000000001	HIRES-post
2453552.0005900003	25.91	0.911241	HIRES-post
2453552.001424	28.81	1.036979	HIRES-post
2453552.002269	31.24	0.939951	HIRES-post
2453570.904491	25.98	1.1020379999999999	HIRES-post
2453570.905301	29.87	1.018002	HIRES-post
2453570.9061229997	28.59	1.03405	HIRES-post
2453602.923391	32.83	1.1496870000000001	HIRES-post
2453602.924178	31.38	1.162651	HIRES-post
2453602.9249650002	29.24	1.218276	HIRES-post
2453603.730891	31.5	1.189925	HIRES-post
2453603.7317009997	31.71	1.129042	HIRES-post
2453603.732535	29.19	1.067798	HIRES-post
2453604.897546	30.91	1.079708	HIRES-post
2453604.898403	28.22	0.9979	HIRES-post
2453604.899282	27.64	1.072214	HIRES-post
2453723.705093	19.37	1.1052	HIRES-post
2453723.7067360003	20.19	1.033336	HIRES-post
2453723.708484	21.01	1.12344	HIRES-post
2453960.853056	4.06	1.120796	HIRES-post
2453960.853866	8.81	1.108292	HIRES-post
2453960.854769	8.64	1.104985	HIRES-post
2454085.723889	-9.89	1.1404530000000002	HIRES-post
2454085.72515	-8.16	1.1697790000000001	HIRES-post
2454085.7264119997	-8.38	1.095911	HIRES-post
2454294.9115049997	-13.03	1.174028	HIRES-post
2454343.8439	-13.59	1.05615	HIRES-post
2454398.7683220003	-21.56	1.122815	HIRES-post
2454637.0905669997	-22.8	1.20643	HIRES-post
2454689.957292	-30.02	1.150989	HIRES-post
2454721.866019	-18.81	1.2578340000000001	HIRES-post
2454779.769086	-17.52	1.1837540000000002	HIRES-post
2454927.133277	-14.67	1.640642	HIRES-post
2454927.136703	-14.91	1.344196	HIRES-post
2454929.1302569997	-19.0	1.272117	HIRES-post
2454930.133638	-23.37	1.318388	HIRES-post
2454935.079063	-13.48	1.9038540000000002	HIRES-post
2454935.08507	-25.42	2.1596900000000003	HIRES-post
2454984.064243	-21.75	1.166854	HIRES-post
2454985.010535	-19.29	1.295865	HIRES-post
2454986.108317	-13.05	1.15551	HIRES-post
2455016.970471	-21.98	1.175375	HIRES-post
2455027.0629	-14.65	1.13535	HIRES-post
2455110.875307	-11.82	1.2347139999999999	HIRES-post
2455169.756271	-16.85	1.224299	HIRES-post
2455170.6911130003	-19.33	1.245667	HIRES-post
2455285.152653	-14.85	1.111432	HIRES-post
2455313.133806	-11.37	1.156367	HIRES-post
2455313.134466	-9.96	1.107638	HIRES-post
2455313.135137	-9.53	1.116668	HIRES-post
2455318.128295	-10.28	1.189549	HIRES-post
2455319.097536	-20.94	1.258761	HIRES-post
2455374.085097	-23.76	1.246556	HIRES-post
2455399.9351	-4.12	1.248977	HIRES-post
2455399.935806	-6.69	1.240604	HIRES-post
2455399.936524	-5.7	1.174874	HIRES-post
2455404.9623229997	-13.67	1.211552	HIRES-post
2455432.06835	-4.15	1.249374	HIRES-post
2455432.069068	-4.49	1.1767379999999998	HIRES-post
2455432.069785	-5.3	1.295258	HIRES-post
2455486.8875080002	-3.68	1.168596	HIRES-post
2455522.679771	-3.65	1.246353	HIRES-post
2455522.680408	-3.77	1.0941530000000002	HIRES-post
2455522.6810560003	-6.09	1.1422290000000002	HIRES-post
2455542.6844470003	-8.38	1.2828629999999999	HIRES-post
2455542.685153	-7.36	1.222954	HIRES-post
2455542.685848	-6.91	1.279628	HIRES-post
2455635.152263	-10.91	1.2465620000000002	HIRES-post
2455635.152969	-10.9	1.217594	HIRES-post
2455635.153675	-9.07	1.26071	HIRES-post
2455674.133452	0.45	1.1976360000000001	HIRES-post
2455674.134147	1.04	1.164591	HIRES-post
2455674.134806	3.76	1.18392	HIRES-post
2455704.079465	-3.85	1.159856	HIRES-post
2455704.0802639998	-7.7	1.188075	HIRES-post
2455704.080923	-5.42	1.182077	HIRES-post
2455726.995021	3.29	1.2860049999999998	HIRES-post
2455726.995681	-0.02	1.205335	HIRES-post
2455726.99634	2.37	1.187087	HIRES-post
2455768.763166	-7.67	1.1567610000000002	HIRES-post
2455770.090193	-5.11	1.354379	HIRES-post
2455782.8389479998	-1.44	1.33762	HIRES-post
2455782.839643	-2.11	1.208609	HIRES-post
2455782.840314	-2.48	1.241981	HIRES-post
2455785.959252	-4.44	1.295244	HIRES-post
2455785.960827	-4.75	1.402611	HIRES-post
2455785.9628290003	-6.2	1.298183	HIRES-post
2455880.784686	8.67	1.059518	HIRES-post
2455880.78538	9.1	1.249798	HIRES-post
2455880.786074	11.28	1.135869	HIRES-post
2455904.693048	-7.47	1.232613	HIRES-post
2455904.6936959997	-0.7	1.219047	HIRES-post
2455904.694344	2.4	1.13132	HIRES-post
2456000.159729	14.79	1.227092	HIRES-post
2456000.1604009997	14.18	1.162656	HIRES-post
2456000.161049	15.75	1.126507	HIRES-post
2456098.119418	20.94	1.3521969999999999	HIRES-post
2456098.12017	21.52	1.2762879999999999	HIRES-post
2456098.120969	19.23	1.2105350000000001	HIRES-post
2456477.082188	22.29	1.336222	HIRES-post
2456477.082871	23.15	1.292262	HIRES-post
2456477.083543	25.75	1.2528190000000001	HIRES-post
2456494.900956	28.43	1.1945459999999999	HIRES-post
2456519.0104900002	24.14	1.1682270000000001	HIRES-post
2456637.682277	8.97	1.2396479999999999	HIRES-post
2456637.682972	9.12	1.1908530000000002	HIRES-post
2456637.6837009997	10.34	1.269272	HIRES-post
2456831.127085	-7.35	1.062392	HIRES-post
2456831.1277220002	-6.3	1.040958	HIRES-post
2456831.128358	-6.15	1.051734	HIRES-post
2457207.1360509996	-23.16	1.204072	HIRES-post
2457214.949409	-12.38	1.370204	HIRES-post
2457214.9501259997	-14.51	1.2710700000000001	HIRES-post
2457214.950844	-9.21	1.341413	HIRES-post
2457555.9874549997	-8.89	1.0204309999999999	HIRES-post
2457555.988115	-9.41	1.104748	HIRES-post
2457555.9887860003	-7.48	1.1562620000000001	HIRES-post
2457556.941528	-11.89	1.2373610000000002	HIRES-post
2457556.942257	-8.75	1.25892	HIRES-post
2457556.942998	-11.59	1.143154	HIRES-post
2457562.024486	-14.22	1.134398	HIRES-post
2457562.025134	-21.9	1.1528370000000001	HIRES-post
2457562.025771	-18.92	1.059552	HIRES-post
2457568.948742	-20.15	1.1979229999999998	HIRES-post
2457569.923731	-19.37	1.222223	HIRES-post
2457569.925109	-24.14	1.159208	HIRES-post
2457569.926069	-24.59	1.184697	HIRES-post
2457570.9633279997	-17.03	1.201781	HIRES-post
2457570.964162	-15.91	1.287116	HIRES-post
2457570.964995	-16.7	1.221953	HIRES-post
2457579.979889	-19.48	1.246919	HIRES-post
2457579.980537	-17.79	1.152758	HIRES-post
2457579.981174	-22.34	1.10155	HIRES-post
2457581.001605	-21.83	1.264176	HIRES-post
2457581.0022529997	-20.08	1.101364	HIRES-post
2457581.002878	-18.65	1.166158	HIRES-post
2457594.898801	-16.75	1.9288669999999999	HIRES-post
2457594.900907	-15.68	1.485727	HIRES-post
2457594.904542	-13.94	1.327525	HIRES-post
2457617.846343	-22.64	1.126336	HIRES-post
2457617.846956	-24.19	1.176818	HIRES-post
2457617.847732	-26.79	1.048474	HIRES-post
2457618.847937	-26.78	1.1927299999999998	HIRES-post
2457618.848608	-22.71	1.090296	HIRES-post
2457618.849256	-24.91	1.289419	HIRES-post
2457620.8574759997	-21.57	1.106795	HIRES-post
2457620.858147	-21.83	1.190149	HIRES-post
2457620.85883	-22.17	1.218142	HIRES-post
2457621.860641	-15.76	1.1815200000000001	HIRES-post
2457621.8613	-19.31	1.145873	HIRES-post
2457621.86196	-15.83	1.124111	HIRES-post
2457633.79603	-25.95	1.418898	HIRES-post
2457633.796817	-26.34	1.341264	HIRES-post
2457633.7975459998	-27.13	1.288956	HIRES-post
2457651.822561	-20.0	1.118634	HIRES-post
2457651.823209	-17.07	1.19484	HIRES-post
2457651.8238580003	-21.28	1.052389	HIRES-post
2457652.823116	-18.67	1.1696959999999998	HIRES-post
2457652.8237759997	-17.1	1.162592	HIRES-post
2457652.824412	-16.98	1.209655	HIRES-post
2457653.856944	-23.75	1.0466870000000001	HIRES-post
2457653.8575689998	-20.63	1.1184969999999999	HIRES-post
2457653.858205	-22.35	1.086039	HIRES-post
2457668.781296	-20.59	1.166342	HIRES-post
2457668.7819560003	-17.33	1.152618	HIRES-post
2457668.78265	-16.07	1.0719889999999999	HIRES-post
2457678.802739	-12.94	1.167684	HIRES-post
2457678.804475	-16.15	1.273752	HIRES-post
2457678.805239	-11.24	1.155103	HIRES-post
2457697.788396	-22.11	1.1527049999999999	HIRES-post
2457697.789102	-22.76	1.302533	HIRES-post
2457697.789831	-20.34	1.157778	HIRES-post
2457714.756473	-21.75	1.142493	HIRES-post
2457714.758395	-19.42	1.17992	HIRES-post
2457714.7613919997	-16.95	1.089644	HIRES-post
2457717.697309	-25.8	1.5378129999999999	HIRES-post
2457717.704403	-24.34	1.3802590000000001	HIRES-post
2457717.708245	-24.95	1.196624	HIRES-post
2457718.763724	-28.18	1.116128	HIRES-post
2457718.764558	-22.18	1.253067	HIRES-post
2457718.765472	-25.6	1.0843909999999999	HIRES-post
2457933.015747	-9.97	1.129626	HIRES-post
2457933.016383	-9.97	1.0844120000000002	HIRES-post
2457933.017031	-10.28	1.116312	HIRES-post
2458265.127096	-13.04	1.1531360000000002	HIRES-post
2458265.127767	-16.15	1.257686	HIRES-post
2458265.1284270003	-17.08	1.167382	HIRES-post
2458300.132111	-19.63	1.360334	HIRES-post
2458592.134319	-10.99	1.205755	HIRES-post
2458592.13499	-10.59	1.1395979999999999	HIRES-post
2458592.135673	-8.15	1.1744860000000001	HIRES-post
2458618.126869	7.22	1.160413	HIRES-post
2458618.1275400002	9.59	1.2280959999999999	HIRES-post
2458618.1282349997	9.92	1.2375770000000001	HIRES-post
2458649.031837	3.17	1.234479	HIRES-post
2458666.1332610003	4.14	1.216648	HIRES-post
2458666.1339209997	1.36	1.24563	HIRES-post
2458666.1346150003	5.45	1.251916	HIRES-post
2458738.988048	10.76	1.287968	HIRES-post
2458738.989437	15.51	1.286081	HIRES-post
2458738.992319	9.41	1.393591	HIRES-post
2458794.69905	4.72	1.236142	HIRES-post
2458794.699952	1.76	1.279465	HIRES-post
2458794.700681	4.12	1.1730450000000001	HIRES-post
2458917.135129	7.33	1.4620360000000001	HIRES-post
2458917.169193	9.16	1.197144	HIRES-post
2458917.1698990003	10.32	1.1252959999999999	HIRES-post
2458917.170605	7.2	1.1715790000000001	HIRES-post
2456504.825187	24.2	1.7051619999999998	APF
2456505.914034	24.9	1.839652	APF
2456506.832752	20.68	1.8528529999999999	APF
2456515.8371389997	26.35	1.9434040000000001	APF
2456516.879793	19.48	1.927778	APF
2456517.77475	21.11	1.7647810000000002	APF
2456518.804172	24.87	1.932682	APF
2456525.772544	20.85	1.9214669999999998	APF
2456526.774297	27.28	1.852224	APF
2456530.818366	28.91	1.8759709999999998	APF
2456534.787084	17.25	1.8760849999999998	APF
2456535.785286	17.86	1.836545	APF
2456539.785083	17.8	1.962532	APF
2456540.779993	20.19	1.884954	APF
2456541.835246	18.51	1.919168	APF
2456542.738456	17.08	1.858684	APF
2456547.779945	29.51	1.9471619999999998	APF
2456548.756572	28.22	2.001861	APF
2456562.752115	23.52	2.4683189999999997	APF
2456562.833523	27.33	2.298178	APF
2456563.747006	26.52	2.2295700000000003	APF
2456569.655759	9.6	4.019913	APF
2456570.787072	21.76	2.401728	APF
2456573.720156	19.81	2.5131959999999998	APF
2456577.789624	24.49	2.528984	APF
2456581.778037	27.57	2.5164009999999997	APF
2456581.780005	28.25	2.245031	APF
2456581.782007	32.0	2.370298	APF
2456582.691511	26.34	2.355063	APF
2456582.69283	30.34	2.599356	APF
2456582.694149	25.35	2.315284	APF
2456582.759145	35.12	2.49399	APF
2456582.760384	29.08	2.456037	APF
2456582.76161	33.8	2.5225779999999998	APF
2456582.818204	25.09	2.698466	APF
2456582.819628	27.58	2.805392	APF
2456582.821109	35.93	2.464037	APF
2456583.751815	25.02	2.440859	APF
2456583.75318	27.25	2.502434	APF
2456583.7545459997	27.22	2.4116779999999998	APF
2456588.614307	20.2	2.233836	APF
2456588.615661	17.52	2.560318	APF
2456588.617061	16.41	2.320611	APF
2456588.685922	17.97	2.38437	APF
2456588.687196	21.79	2.348233	APF
2456588.68848	20.54	2.351638	APF
2456588.7430950003	20.94	2.312536	APF
2456588.7444490003	15.37	2.270569	APF
2456588.745757	19.53	2.307162	APF
2456589.6573880003	17.79	2.2575979999999998	APF
2456589.65858	12.51	2.388736	APF
2456589.6597599997	17.09	2.30858	APF
2456589.66645	16.32	2.443145	APF
2456589.6676419997	19.13	2.3050900000000003	APF
2456589.6688220003	15.9	2.368834	APF
2456589.78665	24.73	2.592867	APF
2456589.788213	13.37	2.62107	APF
2456589.7897630003	16.3	2.491285	APF
2456590.658874	15.12	2.230232	APF
2456590.660078	13.56	2.1878029999999997	APF
2456590.6613040003	19.71	2.201054	APF
2456590.6826919997	15.15	2.546422	APF
2456590.683919	15.0	2.39542	APF
2456590.685157	16.78	2.238509	APF
2456590.77735	17.08	2.396534	APF
2456590.778912	12.09	2.199933	APF
2456590.780452	15.14	2.5382130000000003	APF
2456591.685937	18.51	2.2930479999999998	APF
2456591.687198	20.73	2.345111	APF
2456591.688448	13.06	2.297717	APF
2456591.765642	13.06	2.426114	APF
2456591.767089	15.82	2.577352	APF
2456591.768536	17.03	2.297597	APF
2456596.614689	23.04	2.35027	APF
2456596.616031	25.86	2.33318	APF
2456596.617362	24.92	2.464667	APF
2456597.64895	31.4	2.398812	APF
2456597.650744	27.34	2.307039	APF
2456597.652468	28.32	2.4435029999999998	APF
2456597.761755	23.95	2.309291	APF
2456597.763769	23.51	2.287452	APF
2456597.7657709997	24.64	2.3866810000000003	APF
2456606.639804	18.99	2.429348	APF
2456606.64117	21.12	2.442843	APF
2456606.642536	13.12	2.388773	APF
2456606.711987	17.14	2.576413	APF
2456606.713272	19.4	2.422802	APF
2456606.714545	19.93	2.363167	APF
2456607.635549	18.15	2.253168	APF
2456607.636764	19.21	2.367322	APF
2456607.637968	17.48	2.286543	APF
2456607.751271	13.47	2.402848	APF
2456607.754731	17.04	2.368528	APF
2456607.7582610003	17.86	2.393836	APF
2456610.71735	20.76	2.338161	APF
2456610.72051	13.7	2.504746	APF
2456614.712532	24.48	2.842321	APF
2456614.7162470003	25.87	2.676974	APF
2456614.719823	34.19	2.5326880000000003	APF
2456619.689149	15.94	2.703018	APF
2456619.693107	21.28	2.59177	APF
2456619.6972970003	17.89	2.690699	APF
2456626.638469	21.39	2.658208	APF
2456626.639777	15.92	2.528427	APF
2456626.641108	20.13	2.520711	APF
2456732.04539	12.89	2.617844	APF
2456736.0203830004	21.51	2.292576	APF
2456741.021389	5.99	2.340875	APF
2456741.962073	6.47	2.622969	APF
2456742.035491	7.33	2.471207	APF
2456777.99969	5.65	2.419858	APF
2456778.0015310002	6.4	2.587832	APF
2456778.003232	3.16	2.541216	APF
2456780.8751080004	8.37	2.797416	APF
2456780.966758	1.55	1.954649	APF
2456784.8844419997	11.98	1.96272	APF
2456785.003501	16.59	1.578865	APF
2456788.9317509998	5.39	2.224125	APF
2456792.873797	6.31	1.9714909999999999	APF
2456792.922434	6.41	2.009674	APF
2456793.87481	3.66	2.063615	APF
2456793.9989610002	8.5	1.878579	APF
2456796.82893	-0.02	2.482743	APF
2456796.904051	-3.28	2.483595	APF
2456796.9833029998	-0.32	2.473007	APF
2456796.985271	-1.39	2.513232	APF
2456796.987274	-8.06	2.441846	APF
2456800.832627	8.45	2.075138	APF
2456800.944381	9.2	2.441488	APF
2456801.963622	11.37	2.5493930000000002	APF
2456804.831954	7.71	1.995321	APF
2456813.993811	-4.64	2.504121	APF
2456813.995755	-3.21	2.635189	APF
2456813.997769	-4.76	2.255529	APF
2456830.935514	-1.32	2.405352	APF
2456830.937239	-4.07	2.512052	APF
2456830.938848	-6.75	2.4451970000000003	APF
2456835.900973	9.64	2.587788	APF
2456835.9033919997	4.09	2.658595	APF
2456835.906158	5.41	2.482254	APF
2456839.910751	10.12	2.607972	APF
2456839.912568	5.98	2.562669	APF
2456839.9143740004	5.31	2.8900759999999996	APF
2456841.915623	-3.35	2.642129	APF
2456841.917429	-0.8	2.453523	APF
2456841.919177	-1.16	2.322371	APF
2456847.8183279997	-4.43	1.875272	APF
2456856.830182	11.73	2.518828	APF
2456856.8323810003	11.83	2.7214509999999996	APF
2456856.834522	11.8	2.732522	APF
2456860.850909	1.74	2.664602	APF
2456860.8528529997	3.22	2.526926	APF
2456860.8547400003	0.22	2.686438	APF
2456865.867808	-2.16	1.962478	APF
2456870.8691950003	8.5	1.9198330000000001	APF
2456874.808611	1.0	2.490935	APF
2456874.8113080002	5.61	2.554567	APF
2456874.813784	-2.6	2.475915	APF
2456880.721806	-9.19	2.184597	APF
2456880.796331	-8.68	3.130427	APF
2456880.797789	-8.16	2.933822	APF
2456880.799317	-9.86	2.948594	APF
2456894.975347	-3.7	3.485304	APF
2456894.977152	-0.21	3.601837	APF
2456894.9789	-8.26	3.2248900000000003	APF
2456898.809895	-7.92	2.716733	APF
2456898.811434	-5.42	2.6858310000000003	APF
2456898.813009	-8.47	2.997325	APF
2456900.804552	-11.87	3.020477	APF
2456900.8062299998	-1.17	2.999396	APF
2456900.8079310004	-12.07	2.944979	APF
2457115.920284	-9.47	2.61702	APF
2457115.921939	-4.29	2.683748	APF
2457115.923571	-4.83	2.649085	APF
2457121.934857	-7.59	2.431589	APF
2457121.936651	-9.68	2.317725	APF
2457121.938341	-8.87	2.147312	APF
2457123.991508	-4.32	2.183322	APF
2457123.993614	-8.22	2.185102	APF
2457123.995675	-9.54	2.246438	APF
2457125.023341	-3.16	2.174771	APF
2457125.0246139998	-14.87	2.3133220000000003	APF
2457125.025991	-5.5	1.9459080000000002	APF
2457125.921092	-7.17	2.109379	APF
2457125.922979	-4.53	2.219309	APF
2457125.924854	-3.15	2.038451	APF
2457130.922166	-5.81	2.413199	APF
2457130.925268	-4.67	2.319337	APF
2457130.927583	-6.54	2.184572	APF
2457132.9032630003	-7.04	2.266213	APF
2457132.905149	-7.98	2.036939	APF
2457132.906723	-10.3	2.714402	APF
2457138.840852	-8.95	2.473504	APF
2457140.889422	-10.62	2.2614970000000003	APF
2457140.890973	-11.8	2.246604	APF
2457140.892478	-8.83	2.391239	APF
2457142.9006169997	-10.09	2.025794	APF
2457142.902526	-4.85	2.08005	APF
2457142.904344	-3.05	2.239626	APF
2457143.8515810003	-7.52	2.4212540000000002	APF
2457143.853838	-1.16	2.4756259999999997	APF
2457143.855968	-4.72	2.381303	APF
2457145.889525	-8.23	2.012028	APF
2457145.89125	-4.82	2.185914	APF
2457145.892928	-4.48	2.154205	APF
2457148.865644	-9.32	2.332862	APF
2457148.867647	-10.25	2.10597	APF
2457148.869672	-8.84	2.195376	APF
2457151.8283700002	-10.77	2.387674	APF
2457153.877657	-13.39	2.300036	APF
2457153.880134	-11.51	2.512116	APF
2457153.8826349997	-9.99	2.262096	APF
2457188.975843	-12.09	2.055848	APF
2457188.977128	-15.55	2.3020810000000003	APF
2457188.97825	-19.09	2.615609	APF
2457206.9531509997	-12.95	2.205339	APF
2457206.955153	-15.56	2.45191	APF
2457206.957156	-14.55	2.326286	APF
2457207.9523279998	-18.69	2.1571849999999997	APF
2457207.954191	-16.06	2.237077	APF
2457207.9561819998	-17.59	2.1383919999999996	APF
2457208.940404	-11.4	2.371686	APF
2457208.94214	-19.47	2.1579040000000003	APF
2457208.943795	-14.83	2.167084	APF
2457211.964662	-9.05	2.3579220000000003	APF
2457211.9663400003	-6.55	1.961802	APF
2457211.96825	-5.46	2.021595	APF
2457218.940569	-6.96	2.209193	APF
2457218.942224	-9.51	2.163719	APF
2457218.943868	-10.82	2.226009	APF
2457221.860328	-8.07	2.928625	APF
2457221.861405	-6.56	2.599936	APF
2457221.862551	-9.19	2.516843	APF
2457224.86361	-13.46	2.089102	APF
2457224.8655189998	-11.54	2.02339	APF
2457224.867441	-15.81	2.103195	APF
2457226.875202	-11.82	2.232303	APF
2457226.87688	-9.68	2.0187060000000003	APF
2457226.8785349997	-10.54	2.039128	APF
2457227.7976450003	-5.81	3.682585	APF
2457227.79864	-6.64	3.205448	APF
2457227.799647	-0.1	3.263949	APF
2457229.8379349997	-3.05	2.12208	APF
2457229.8393	-0.55	2.418488	APF
2457229.840458	-5.71	2.639845	APF
2457232.8196509997	-6.71	2.46944	APF
2457232.821005	-2.88	2.327847	APF
2457232.822278	0.96	2.388426	APF
2457233.849045	-4.32	2.699677	APF
2457233.850341	-8.34	2.5275819999999998	APF
2457233.8517299998	-2.95	2.3966819999999998	APF
2457235.8101080004	-9.31	2.075829	APF
2457235.812018	-13.31	2.161063	APF
2457235.813997	-7.84	2.0500689999999997	APF
2457238.81971	-14.88	2.4707689999999998	APF
2457238.8208790002	-16.22	2.570696	APF
2457238.8220369997	-21.98	2.617644	APF
2457245.740778	-8.99	2.006883	APF
2457247.8078220002	-7.9	2.443245	APF
2457247.8096849998	-13.4	2.238452	APF
2457247.811502	-14.17	2.294188	APF
2457249.776899	-9.03	3.244185	APF
2457249.777883	-9.91	3.7650669999999997	APF
2457249.778878	-8.14	2.953607	APF
2457252.769882	-10.2	3.820243	APF
2457252.770854	-17.1	3.169626	APF
2457252.771826	-11.94	3.48431	APF
2457252.773435	-15.48	2.1839619999999997	APF
2457252.7753560003	-10.15	2.2438119999999997	APF
2457252.777173	-10.24	2.303224	APF
2457256.7651400003	-18.15	2.407728	APF
2457256.766471	-23.71	2.5946439999999997	APF
2457256.767779	-22.07	2.74265	APF
2457258.727937	-18.0	1.95218	APF
2457258.752045	-15.27	2.4144970000000003	APF
2457258.7533650002	-17.55	2.713931	APF
2457258.754545	-11.87	3.052391	APF
2457265.763009	-6.43	2.043024	APF
2457265.764988	-9.76	1.973972	APF
2457265.767025	-7.58	2.252495	APF
2457267.747234	-12.74	2.304176	APF
2457267.748669	-13.41	2.4436400000000003	APF
2457267.749885	-4.1	2.45118	APF
2457269.751999	-9.22	2.2200509999999998	APF
2457269.753747	-17.52	2.227792	APF
2457269.755494	-12.59	2.235672	APF
2457308.72461	-6.44	2.254211	APF
2457308.7260459997	-14.44	2.469091	APF
2457308.727307	-17.1	2.488294	APF
2457312.595692	-10.05	2.3948400000000003	APF
2457312.597393	-11.67	2.375352	APF
2457312.598933	-10.44	2.3967400000000003	APF
2457325.698591	-11.89	2.3338080000000003	APF
2457325.7000599997	-20.85	2.328518	APF
2457325.7015529997	-18.08	2.505256	APF
2457332.653388	-6.74	2.764345	APF
2457332.654533	-5.96	2.860434	APF
2457332.655575	-10.44	2.986355	APF
2457364.712906	-17.26	2.954234	APF
2457443.983518	-14.45	2.844888	APF
2457443.985347	-13.52	2.8942509999999997	APF
2457443.987164	-12.8	2.906617	APF
2457450.005404	-14.95	2.879356	APF
2457450.007522	-18.58	2.801507	APF
2457450.0095470003	-14.51	2.791925	APF
2457466.022235	-16.52	2.100741	APF
2457466.023693	-21.02	2.396155	APF
2457466.02536	-17.18	2.1555009999999997	APF
2457467.035766	-15.62	1.962561	APF
2457467.037687	-15.75	2.409507	APF
2457467.039585	-22.37	2.149895	APF
2457474.05249	-10.68	2.576126	APF
2457478.9561900003	-20.06	2.6928099999999997	APF
2457478.957973	-16.21	2.74953	APF
2457478.9596740003	-15.03	2.8250439999999997	APF
2457554.888282	-6.67	3.112172	APF
2457556.910855	-9.17	1.9554490000000002	APF
2457558.94001	-14.51	1.856455	APF
2457560.937425	-13.2	1.9099270000000002	APF
2457563.901567	-15.23	2.1364240000000003	APF
2457564.9698860003	-17.66	2.2881110000000002	APF
2457566.890829	-20.84	1.9383740000000003	APF
2457567.933404	-19.28	1.997309	APF
2457569.995146	-16.81	1.790616	APF
2457576.888669	-10.29	2.0266330000000004	APF
2457578.898494	-9.83	2.192355	APF
2457579.867317	-12.08	1.919759	APF
2457582.841997	-16.61	2.036309	APF
2457584.848743	-19.48	1.934248	APF
2457586.895579	-12.17	1.6888830000000001	APF
2457587.832957	-13.26	1.91152	APF
2457588.830984	-10.54	1.740784	APF
2457591.825429	-9.08	1.6608310000000002	APF
2457593.822342	-10.08	1.92156	APF
2457599.822209	-18.1	1.870416	APF
2457603.849363	-19.09	1.962735	APF
2457605.813275	-12.98	1.8712360000000001	APF
2457607.784613	-12.78	1.8956549999999999	APF
2457608.789123	-13.44	1.7152619999999998	APF
2457614.8316240003	-20.97	2.0503709999999997	APF
2457616.768209	-21.12	1.738421	APF
2457618.770033	-20.87	1.854944	APF
2457668.650066	-16.02	2.161622	APF
2457669.645204	-21.37	1.8279459999999998	APF
2457670.6292439997	-16.78	2.012306	APF
2457682.633123	-12.32	2.1599310000000003	APF
2457682.672564	-15.21	1.7475060000000002	APF
2457684.628354	-13.04	2.420492	APF
2457687.623195	-12.71	3.0342990000000003	APF
2457694.626416	-9.08	2.485271	APF
2457696.684047	-17.49	1.9151509999999998	APF
2457698.623445	-17.98	1.873041	APF
2457701.598909	-15.45	2.143758	APF
2457702.609409	-19.02	2.382878	APF
2457705.607489	-17.21	1.6942650000000001	APF
2457707.587904	-17.59	2.1720639999999998	APF
2457711.576247	-7.35	2.868489	APF
2457711.648106	-11.36	1.965899	APF
2457717.62354	-18.17	2.407607	APF
2457722.577359	-17.87	1.983	APF
2457724.59577	-10.94	2.0381099999999996	APF
2457727.595562	-8.81	2.50125	APF
2457745.605913	-4.76	2.145741	APF
2457749.6126900003	-11.32	2.3974159999999998	APF
2457751.619706	-18.87	1.944173	APF
2457753.597422	-16.25	1.909721	APF
2457815.064159	-10.6	2.027133	APF
2457816.070893	-9.51	1.9276669999999998	APF
2457822.0317169996	-17.67	2.209645	APF
2457823.973147	-20.91	2.2538240000000003	APF
2457824.990028	-17.23	2.126544	APF
2457826.9774599997	-12.56	1.92888	APF
2457829.975694	-8.33	2.091359	APF
2457845.987227	-6.59	1.971925	APF
2457847.9482400003	-9.08	2.066435	APF
2457858.852711	-12.97	3.4396169999999997	APF
2457865.837965	-6.29	2.19427	APF
2457873.894884	-14.73	2.0316389999999998	APF
2457877.860789	-17.55	2.170667	APF
2457882.849352	-12.0	2.076248	APF
2457887.816059	-17.43	2.000712	APF
2457893.98573	-13.68	2.463609	APF
2457897.930625	-13.57	3.492782	APF
2457900.976109	-11.71	1.9221599999999999	APF
2457901.9579950003	-13.77	2.078333	APF
2457903.823498	-11.3	1.9370580000000002	APF
2457903.947568	-12.13	2.3775459999999997	APF
2457907.97436	-16.78	2.809361	APF
2457909.928611	-19.09	1.8955810000000002	APF
2457917.809638	-9.97	1.982116	APF
2457917.9103369997	-8.36	2.18852	APF
2457918.920584	-12.38	2.017112	APF
2457919.9494419997	-11.93	1.776254	APF
2457921.854197	-13.18	2.281387	APF
2457921.919917	-14.99	2.181665	APF
2457927.826106	-15.27	2.0171419999999998	APF
2457930.892875	-10.07	2.333426	APF
2457931.906283	-9.73	1.9294509999999998	APF
2457933.900641	-7.21	1.9716259999999999	APF
2457937.874091	-7.65	1.959455	APF
2457940.8794529997	-16.86	2.141871	APF
2457941.877584	-16.73	1.9455220000000002	APF
2457945.831698	-10.12	2.055832	APF
2457948.819791	-7.12	2.018586	APF
2457950.866872	-4.32	2.257365	APF
2457954.829504	-13.99	2.46441	APF
2457961.7951020002	-14.84	2.644437	APF
2457962.838687	-13.09	2.419451	APF
2457964.798376	-8.39	2.1267240000000003	APF
2457966.798941	-9.92	2.386082	APF
2457971.801607	-16.56	1.917829	APF
2457972.80392	-17.71	1.9676099999999999	APF
2457981.7644970003	-11.58	2.471674	APF
2457982.768998	-9.22	2.117274	APF
2457987.7457560003	-17.66	2.3035650000000003	APF
2457990.792221	-21.34	2.058765	APF
2457991.699828	-24.07	2.1372720000000003	APF
2457992.699503	-20.14	2.74205	APF
2457995.707353	-18.8	2.6918290000000002	APF
2457996.682801	-15.21	1.7924849999999999	APF
2457996.717013	-15.61	2.253012	APF
2458005.694937	-11.08	2.1559310000000003	APF
2458009.675813	-16.15	2.1006709999999997	APF
2458011.661506	-16.12	2.181539	APF
2458012.655873	-15.91	2.10754	APF
2458020.702942	-2.91	2.178246	APF
2458022.675227	-13.19	2.392848	APF
2458024.6864779997	-12.24	2.100129	APF
2458025.634032	-14.21	2.3363560000000003	APF
2458027.702092	-17.03	2.48978	APF
2458031.607003	-11.7	1.973623	APF
2458032.713294	-9.51	2.304768	APF
2458039.625455	-5.58	2.610225	APF
2458040.662174	-10.66	2.156551	APF
2458041.611074	-12.42	1.850326	APF
2458042.615862	-17.23	2.09111	APF
2458049.630835	-10.92	1.9908240000000001	APF
2458051.6344439997	-6.5	2.455118	APF
2458052.682073	-6.91	2.40848	APF
2458063.611935	-18.46	2.106776	APF
2458083.590417	-9.91	2.679943	APF
2458086.608335	-6.17	1.929566	APF
2458087.566854	-6.29	2.572621	APF
2458088.573762	-4.59	2.056143	APF
2458091.611837	-8.16	2.224462	APF
2458093.610161	-13.79	1.907425	APF
2458094.611899	-9.77	1.915282	APF
2458104.634313	-2.8	2.379457	APF
2458106.5705979997	-5.39	1.984927	APF
2458109.630295	-3.42	2.4235599999999997	APF
2458115.574675	-13.58	2.1637720000000003	APF
2458115.590983	-16.03	2.199184	APF
2458130.580031	-20.09	2.291915	APF
2458131.583561	-15.63	2.0152419999999998	APF
2458157.063043	-2.67	2.187909	APF
2458161.056063	-13.69	2.113989	APF
2458163.050277	-11.69	2.1682	APF
2458166.040841	-13.38	2.230808	APF
2458167.045025	-14.65	1.982264	APF
2458210.9235400003	-7.32	2.810151	APF
2458228.886864	-9.61	1.7896169999999998	APF
2458233.837863	-16.23	2.6811599999999998	APF
2458240.8213	3.92	2.794207	APF
2458241.8727680002	-2.27	1.910714	APF
2458244.839755	-14.06	2.6201659999999998	APF
2458247.847414	-12.51	2.057871	APF
2458250.818554	-17.34	2.0821549999999998	APF
2458253.799671	-16.98	2.1928970000000003	APF
2458256.7940490004	-5.88	2.254229	APF
2458261.951533	-7.43	2.043691	APF
2458267.995715	-18.24	2.268714	APF
2458273.98336	-2.29	1.70082	APF
2458275.941083	-4.02	1.996821	APF
2458280.929854	-10.13	2.960537	APF
2458283.9394380003	-6.17	1.7989490000000001	APF
2458285.912439	-15.65	2.382587	APF
2458288.915021	-5.85	1.936445	APF
2458291.80229	1.54	1.851362	APF
2458291.9001419996	-4.11	2.1435939999999998	APF
2458294.903821	-4.56	1.8490240000000002	APF
2458299.879869	-9.41	2.402282	APF
2458304.887423	-10.46	1.981909	APF
2458307.909077	-3.12	2.2816650000000003	APF
2458308.886674	0.7	2.0774939999999997	APF
2458311.859484	0.52	2.117876	APF
2458313.914603	-8.29	2.063532	APF
2458314.848952	-8.23	2.031045	APF
2458318.825721	-6.67	1.9348020000000001	APF
2458320.831379	-13.64	2.047511	APF
2458321.823998	-11.82	1.811478	APF
2458323.84119	-7.82	1.9959529999999999	APF
2458326.767599	-3.25	2.13958	APF
2458329.868016	-5.64	1.9973349999999999	APF
2458330.8153009997	-11.24	2.360116	APF
2458332.766177	-11.9	2.6034919999999997	APF
2458332.766177	-11.9	2.6034919999999997	APF
2458342.7577130003	-7.73	2.039556	APF
2458345.747846	-7.17	2.187834	APF
2458348.7201799997	-13.04	2.1141520000000003	APF
2458352.731375	-15.74	1.9261439999999999	APF
2458356.726963	-17.58	2.276206	APF
2458357.693641	-10.74	2.156708	APF
2458359.663245	-2.62	2.259688	APF
2458368.655841	-10.74	1.9158979999999999	APF
2458369.6549029998	-11.33	2.555746	APF
2458372.650209	-6.18	2.106013	APF
2458376.688541	-1.39	2.314902	APF
2458378.660019	-0.41	2.114435	APF
2458379.662521	1.31	2.219302	APF
2458385.638919	-9.96	2.215361	APF
2458387.655126	-11.11	2.255275	APF
2458389.661423	-10.5	2.004233	APF
2458390.655978	-7.57	1.963817	APF
2458399.6313	-1.93	2.2389330000000003	APF
2458400.621705	-11.3	1.796784	APF
2458405.621047	-6.39	1.878625	APF
2458410.622102	-0.94	1.91481	APF
2458414.614961	-2.6	2.228668	APF
2458418.617203	-7.71	1.900406	APF
2458419.619128	-13.83	2.1611380000000002	APF
2458422.612949	-8.43	1.9528299999999998	APF
2458425.667782	-6.43	1.776201	APF
2458427.609553	-2.43	2.291404	APF
2458428.6134220003	-2.61	2.3966540000000003	APF
2458448.662316	0.54	2.129658	APF
2458509.098549	-10.44	2.229047	APF
2458556.9632139998	-4.29	3.559371	APF
2458564.9529049997	2.92	2.41467	APF
2458586.881818	2.18	2.325886	APF
2458586.8846650003	1.42	2.150268	APF
2458586.8872930002	2.3	2.144029	APF
2458587.8825740004	6.47	3.418328	APF
2458587.8825740004	6.47	3.418328	APF
2458587.88534	2.58	3.3743239999999997	APF
2458587.88534	2.58	3.3743239999999997	APF
2458587.88718	1.89	3.9848470000000002	APF
2458587.88718	1.89	3.9848470000000002	APF
2458601.835817	7.01	2.455657	APF
2458601.835817	7.01	2.455657	APF
2458601.839012	9.08	2.239377	APF
2458601.839012	9.08	2.239377	APF
2458601.841917	2.92	2.340032	APF
2458601.841917	2.92	2.340032	APF
2458605.825057	-3.86	2.558152	APF
2458605.825057	-3.86	2.558152	APF
2458605.8291080003	-1.24	2.557255	APF
2458605.8291080003	-1.24	2.557255	APF
2458605.8330200003	4.34	2.185826	APF
2458605.8330200003	4.34	2.185826	APF
2458606.842901	-1.9	2.354171	APF
2458606.842901	-1.9	2.354171	APF
2458606.8461990003	0.21	2.397969	APF
2458606.8461990003	0.21	2.397969	APF
2458606.8490580004	-3.67	2.139186	APF
2458606.8490580004	-3.67	2.139186	APF
2458607.8327099998	-3.96	2.2896959999999997	APF
2458607.835639	-2.55	2.243442	APF
2458607.838428	-6.24	2.16998	APF
2458611.81078	-3.71	2.522536	APF
2458611.8139979998	-3.73	2.440395	APF
2458611.81732	-0.7	2.43452	APF
2458617.796292	10.05	2.374549	APF
2458617.799464	8.28	2.42925	APF
2458617.802797	5.63	2.323979	APF
2458621.804451	5.67	3.7029650000000003	APF
2458621.8065110003	0.84	3.5502879999999997	APF
2458621.808514	4.69	4.098289	APF
2458631.867937	3.62	2.230025	APF
2458631.87134	0.87	2.282973	APF
2458631.874719	5.42	2.266145	APF
2458637.841233	5.97	2.985841	APF
2458637.8424259997	4.7	3.262772	APF
2458637.843595	-0.91	3.189037	APF
2458637.845331	6.61	2.278905	APF
2458637.8477849998	6.27	2.137509	APF
2458637.850239	3.46	2.372408	APF
2458641.751137	0.68	4.269340000000001	APF
2458641.753324	-5.3	3.782201	APF
2458641.755396	0.39	3.641228	APF
2458647.7326990003	9.88	3.9066300000000003	APF
2458647.73418	1.38	3.9889989999999997	APF
2458647.735616	2.32	3.9079610000000002	APF
2458648.916392	8.25	1.8627509999999998	APF
2458648.9190080003	4.39	2.0758900000000002	APF
2458648.921705	4.46	1.8529509999999998	APF
2458649.80169	4.61	1.928924	APF
2458649.8044330003	7.99	2.000033	APF
2458649.807084	3.96	1.9557950000000002	APF
2458651.702939	12.97	2.327619	APF
2458651.706585	11.51	2.759643	APF
2458651.71015	16.94	2.389139	APF
2458655.711687	2.69	2.060938	APF
2458655.714986	5.94	2.0560709999999998	APF
2458655.718123	1.46	2.068356	APF
2458660.693738	-3.61	2.3818259999999998	APF
2458660.697639	-4.57	2.4569	APF
2458660.701377	-3.61	2.331916	APF
2458662.823417	-6.12	2.869716	APF
2458662.824435	-2.5	2.84584	APF
2458662.8259400004	3.04	2.978202	APF
2458665.692018	2.52	2.297342	APF
2458665.695236	2.49	2.184694	APF
2458665.698489	4.64	2.188974	APF
2458667.761176	2.72	2.719049	APF
2458667.7622869997	14.77	3.103358	APF
2458667.7632830003	15.37	3.4909809999999997	APF
2458669.766312	11.17	2.003605	APF
2458669.768719	10.03	2.2665759999999997	APF
2458669.771011	5.5	1.93723	APF
2458674.883095	4.72	2.217602	APF
2458674.885491	1.23	2.29038	APF
2458674.887887	4.78	2.057557	APF
2458675.7719610003	-2.47	2.459714	APF
2458675.773883	2.47	2.296716	APF
2458675.7757349997	0.39	2.299256	APF
2458676.698895	-0.22	2.4786080000000004	APF
2458676.70114	1.86	2.140577	APF
2458676.703525	1.54	2.482569	APF
2458677.804027	-7.92	2.293206	APF
2458677.8057279997	-5.15	2.452362	APF
2458677.807372	-3.42	2.216479	APF
2458681.715965	-0.93	2.2720580000000004	APF
2458681.7190900003	0.33	2.315865	APF
2458681.7221919997	4.32	2.074136	APF
2458682.689121	1.93	3.429307	APF
2458682.690313	3.66	3.29322	APF
2458682.6914939997	-1.14	3.411971	APF
2458686.717569	10.24	3.1082959999999997	APF
2458688.741591	6.06	2.176495	APF
2458688.744311	6.92	2.072939	APF
2458688.746568	5.33	2.092006	APF
2458690.716244	4.58	2.240829	APF
2458690.718582	2.02	2.2450240000000004	APF
2458690.72092	3.63	2.2612200000000002	APF
2458695.7078810004	-5.15	2.496074	APF
2458695.709802	-3.62	2.181332	APF
2458695.711619	1.38	2.3674470000000003	APF
2458699.778148	4.29	2.7246799999999998	APF
2458699.779236	-0.42	2.609986	APF
2458699.7803470003	-1.03	2.746162	APF
2458700.859097	2.67	2.028837	APF
2458700.8612389998	3.27	2.168312	APF
2458700.863241	3.91	2.069875	APF
2458704.9639939996	3.69	3.336636	APF
2458704.9676630003	10.38	3.241531	APF
2458704.9721419998	0.58	3.3466	APF
2458707.781696	5.13	1.9256060000000002	APF
2458707.784243	2.0	2.0246	APF
2458707.786534	0.82	2.208827	APF
2458710.767895	-4.85	2.212375	APF
2458710.769562	-3.03	2.386771	APF
2458710.771124	-3.12	2.356101	APF
2458712.8098150003	-3.59	1.9467259999999997	APF
2458712.812176	-4.09	1.9865509999999997	APF
2458712.8147340002	-4.3	1.921457	APF
2458713.798806	-1.35	1.906277	APF
2458713.801329	-4.44	2.07813	APF
2458713.803979	1.52	1.833261	APF
2458715.75587	5.58	1.7785919999999997	APF
2458715.758799	6.14	1.899175	APF
2458715.761889	-0.57	1.9327299999999998	APF
2458717.7794810003	3.28	3.230387	APF
2458717.780742	6.21	3.002514	APF
2458717.7819689997	4.7	3.2589240000000004	APF
2458718.852261	5.81	2.436178	APF
2458718.8540669996	5.66	2.293508	APF
2458718.856185	10.67	2.207406	APF
2458719.763678	9.07	1.959137	APF
2458719.76634	12.82	2.425942	APF
2458719.768527	3.52	1.9520560000000002	APF
2458720.818852	10.26	2.1561470000000003	APF
2458720.821804	11.92	1.831173	APF
2458720.824998	11.57	2.058505	APF
2458721.8053119997	7.93	2.0411330000000003	APF
2458721.808032	7.65	1.9798	APF
2458721.810555	9.08	1.91113	APF
2458723.74684	5.42	1.9649310000000002	APF
2458723.750022	8.3	1.9601520000000001	APF
2458723.753159	7.94	1.9906150000000002	APF
2458725.830466	5.88	1.8882759999999998	APF
2458725.8331279997	5.51	1.920937	APF
2458725.835559	6.13	1.7711189999999999	APF
2458731.6388689997	3.3	3.1328720000000003	APF
2458731.640027	2.61	2.857903	APF
2458731.6413	9.18	2.7225919999999997	APF
2458732.6445069998	0.4	2.773326	APF
2458732.645804	5.76	2.607803	APF
2458732.6471	6.18	2.56619	APF
2458735.7689	17.4	2.0018130000000003	APF
2458735.771388	11.71	2.1855860000000003	APF
2458735.773935	12.37	2.1360189999999997	APF
2458737.84094	15.88	1.8871209999999998	APF
2458737.8441580003	13.33	1.9120080000000002	APF
2458737.85359	6.59	1.957071	APF
2458738.669948	17.36	2.1140380000000003	APF
2458738.671927	15.31	2.092885	APF
2458738.67416	11.67	2.1837590000000002	APF
2458739.674595	12.26	2.387069	APF
2458739.67632	15.26	2.263825	APF
2458739.6780330003	12.44	2.397191	APF
2458740.662321	11.33	3.068597	APF
2458740.663641	12.48	3.216271	APF
2458740.664995	10.77	2.81019	APF
2458741.648577	0.43	3.8304669999999996	APF
2458741.6504169996	1.18	3.899496	APF
2458746.657871	-1.15	2.119844	APF
2458746.660568	3.36	2.091533	APF
2458746.6632290003	-0.73	2.0234080000000003	APF
2458747.643323	-0.75	3.394417	APF
2458747.644492	6.55	2.918414	APF
2458747.645661	3.97	3.2141439999999997	APF
2458748.677707	1.84	2.267332	APF
2458748.679837	3.66	2.015261	APF
2458748.682151	5.55	2.033687	APF
2458749.7143470002	2.37	3.305185	APF
2458749.716187	8.01	3.115631	APF
2458749.7182360003	5.28	3.058784	APF
2458751.6729200003	9.88	2.063179	APF
2458751.67535	6.02	2.102384	APF
2458751.677873	9.06	2.141833	APF
2458752.644931	13.73	2.271472	APF
2458752.647015	11.67	2.1345560000000003	APF
2458752.649005	9.49	2.544604	APF
2458759.66243	8.76	2.077816	APF
2458759.664756	8.36	2.021199	APF
2458759.6670939997	7.5	1.989554	APF
2458760.65778	7.82	1.821425	APF
2458760.660685	5.62	1.9035529999999998	APF
2458760.663613	6.61	1.941887	APF
2458761.640711	0.32	2.057277	APF
2458761.64372	3.04	1.9620509999999998	APF
2458761.6468330002	4.76	2.135249	APF
2458762.654612	8.62	2.840205	APF
2458762.655885	3.5	2.76119	APF
2458762.65747	1.05	2.506637	APF
2458764.642194	4.22	1.8396439999999998	APF
2458764.6448790003	4.32	1.886516	APF
2458764.647622	-0.47	1.799764	APF
2458765.630134	4.21	2.083981	APF
2458765.632171	4.51	2.403195	APF
2458765.633814	5.13	2.661234	APF
2458768.643358	3.32	1.8661580000000002	APF
2458768.646124	5.16	1.833967	APF
2458768.649029	3.04	1.801016	APF
2458769.657301	14.64	1.6848029999999998	APF
2458769.6621970003	13.05	1.869131	APF
2458769.666699	12.86	1.7125400000000002	APF
2458777.730087	1.82	2.1649990000000003	APF
2458777.73276	7.83	1.99862	APF
2458777.735468	8.01	2.123369	APF
2458921.9592330004	24.16	4.131061	APF
2458955.875196	18.26	2.238591	APF
2458955.8844330003	17.0	1.9217970000000002	APF
2458955.892651	13.79	2.033166	APF
