time	mnvel	errvel	tel
2451755.0476918165	3.383530360021494	0.8623225701199089	HIRES-pre
2451756.05946	1.25	1.26	HIRES-pre
2451757.0578332255	-1.098118113160827	0.8959395839126333	HIRES-pre
2451792.9522839147	-0.7299598204218855	1.0852822110891176	HIRES-pre
2451793.93293	-2.21	1.28	HIRES-pre
2451882.7638	2.45	1.47	HIRES-pre
2451883.798873729	2.7782203019787186	1.0429645250796122	HIRES-pre
2451897.9452736867	4.873374990792801	0.9751540313514117	HIRES-pre
2451899.826360657	3.6286851211072664	0.8873978818960668	HIRES-pre
2451900.7701831157	2.272251223491028	0.9887378874677519	HIRES-pre
2452096.129535862	-2.032625685370192	0.8729601438750403	HIRES-pre
2452097.131575	-5.585	1.0960155108391487	HIRES-pre
2452098.1321004927	0.8693893279769445	1.060724908932989	HIRES-pre
2452099.1238584183	-0.034384355299541536	0.8082491372098773	HIRES-pre
2452100.1124	-2.8	1.4599999999999997	HIRES-pre
2452101.13267	3.45	1.61	HIRES-pre
2452102.130493734	-2.2546728550401216	1.022674096233949	HIRES-pre
2452128.129	-0.52	1.45	HIRES-pre
2452129.11253	-5.245	1.0818733752154177	HIRES-pre
2452133.13896	-1.21	1.56	HIRES-pre
2452134.0206794017	-4.772127803538378	1.1206136891450638	HIRES-pre
2452162.9287840887	2.326853769629949	1.0491788980991934	HIRES-pre
2452187.99877	0.43	1.43	HIRES-pre
2452188.9594	6.82	1.8099999999999998	HIRES-pre
2452189.89654	5.52	1.58	HIRES-pre
2452218.94089	4.35	1.49	HIRES-pre
2452219.96014	-2.76	1.9300000000000002	HIRES-pre
2452235.7463617558	2.2206410414154596	1.0067156883162933	HIRES-pre
2452236.776517005	3.19691020936758	0.9588607754088925	HIRES-pre
2452237.7199066356	3.2222642442775555	1.05102885604944	HIRES-pre
2452238.7572456887	7.7375489528690995	1.1166246677825977	HIRES-pre
2452242.783229626	0.7765663140764851	0.9851099734984345	HIRES-pre
2452307.7120363303	-2.7977181388240635	1.0974892068809483	HIRES-pre
2452487.09166	2.39	1.39	HIRES-pre
2452488.1080697086	0.8666162542582266	1.1432433031742133	HIRES-pre
2452489.04627	-2.9	1.27	HIRES-pre
2452514.98612	1.15	1.54	HIRES-pre
2452516.0082712094	4.119248078004875	1.0312140418700715	HIRES-pre
2452535.9091592	2.17056834908124	1.022674096233949	HIRES-pre
2452536.994321012	-1.4438826228561343	1.2473074853599104	HIRES-pre
2452538.02874224	0.1026795631825268	1.2651879328622362	HIRES-pre
2452538.9258310106	-2.3783917525773197	1.085573676074345	HIRES-pre
2452539.9262054553	1.8885314774342763	1.0852534464203167	HIRES-pre
2452572.93754	1.88	1.39	HIRES-pre
2452573.8391692284	5.222046014790469	1.102814640576933	HIRES-pre
2452574.91475	10.5	1.53	HIRES-pre
2452600.719786996	0.23887713950762024	1.0317222299009297	HIRES-pre
2452601.878036423	2.3188446351094436	1.0064243318057067	HIRES-pre
2452602.819161902	3.069969200033297	1.0959470828120834	HIRES-pre
2452651.7586283786	0.6830796430598265	0.8349306272413765	HIRES-pre
2452830.1298478553	-0.1847251211737479	1.060724908932989	HIRES-pre
2452832.1202469165	-2.327564451561249	1.1161550293931897	HIRES-pre
2452833.0956515362	2.273934677492929	1.1694768468194587	HIRES-pre
2452834.1257532863	2.7963534258215876	1.1627877229490085	HIRES-pre
2452835.119741177	0.2628806703264951	1.2123016396772652	HIRES-pre
2452836.0777774155	2.1713008849557522	1.1147255783574035	HIRES-pre
2452849.08461	-2.03	1.56	HIRES-pre
2452850.0406057937	0.7414392309577624	0.9581101192873445	HIRES-pre
2452851.1338078137	2.8629168070057256	1.0864671705878834	HIRES-pre
2452854.134520414	-1.4827830279652843	1.0179391702313183	HIRES-pre
2452855.135732995	3.7662626807684	0.9588607754088925	HIRES-pre
2452856.1274710763	1.7262316476345838	1.1123301234012206	HIRES-pre
2452897.91865698	3.5740312681534614	0.9892456549703955	HIRES-pre
2452899.034	1.07	1.3999999999999997	HIRES-pre
2452924.9304097695	2.869426195426196	1.0368519542596113	HIRES-pre
2452926.0604222505	1.0274374047888755	1.1313045601482365	HIRES-pre
2452987.7425888744	-2.9275518262586373	1.1128684600074568	HIRES-pre
2452988.7592959674	-3.0488934123699813	1.0569650161178215	HIRES-pre
2452989.7728486825	-2.6932327069172333	1.0600239241225244	HIRES-pre
2453014.7387634795	1.3535495454487982	0.9501198939976987	HIRES-pre
2453015.742722182	1.334920775872665	0.9041742339323694	HIRES-pre
2453016.7459747526	2.577006326190623	0.6705675908004688	HIRES-pre
2453017.761458448	-0.26574279379157434	0.8919778798061994	HIRES-pre
2453045.70397	-0.53	1.56	HIRES-pre
2453180.12752	5.01	1.37	HIRES-pre
2453181.12623	-10.32	1.9399999999999997	HIRES-pre
2453182.12184	1.93	1.58	HIRES-pre
2453190.106744836	0.09226939010960217	0.9738873421201516	HIRES-pre
2453191.1237986395	3.646313225927313	1.0297631472227213	HIRES-pre
2453196.107079213	-6.641127757567068	1.6358603668955276	HIRES-pre
2453197.1292526983	-6.739013372289023	0.8882221251784885	HIRES-pre
2453199.130291749	1.5756231786903618	0.8204072079287567	HIRES-pre
2453200.1335134096	0.7001391411100125	0.7726780372712001	HIRES-pre
2453207.103672783	-1.010668568675026	0.9081035996624058	HIRES-pre
2453208.0811153385	-1.9310400044898661	0.9133264995648047	HIRES-pre
2453238.0887780855	-2.1518386330659696	0.7561933924149592	HIRES-post
2453239.1389108635	-0.21493553786294395	0.76266228200769	HIRES-post
2453239.980282344	-1.5135824555064894	0.7477609788079314	HIRES-post
2453241.02618659	-1.1344228824036264	0.8161345387615068	HIRES-post
2453301.8031597235	0.028741400954561847	0.5661168890874092	HIRES-post
2453302.836016168	-1.1280391551112758	0.7329208888826293	HIRES-post
2453303.896095	0.004999999999999949	0.9050966799187808	HIRES-post
2453338.7590453564	0.03778996540482228	0.5694504851130893	HIRES-post
2453339.7702466818	1.8130026296696993	0.7372796836644181	HIRES-post
2453368.835877105	-2.135519946997258	0.7077481479309091	HIRES-post
2453369.757206563	2.0822478121801975	0.6269920605814643	HIRES-post
2453397.733030017	1.3291002140590016	0.6552047866900377	HIRES-post
2453398.739675014	0.7688125186365946	0.6644651020271394	HIRES-post
2453399.70448669	1.8447672139135232	0.6534657338785322	HIRES-post
2453400.716172289	-0.7437336402091972	0.7117099914915709	HIRES-post
2453425.746931499	0.2352646748681898	0.835767664337522	HIRES-post
2453426.709310658	-1.1081895786382572	0.6926775840355637	HIRES-post
2453427.7081664633	0.9026827037663167	0.6369394632401169	HIRES-post
2453550.1305174218	1.1981513491784557	0.5131191929829232	HIRES-post
2453551.133778827	2.041840246767279	0.5774919287029683	HIRES-post
2453552.131210078	-5.789198352532061	0.670613842530348	HIRES-post
2453571.124120057	-0.10579174217563803	0.6716343333024068	HIRES-post
2453603.095681808	1.0996284498977964	0.6920361070316139	HIRES-post
2453604.0954268314	-3.7462981896125633	0.9646150473967183	HIRES-post
2453605.106579098	1.7733647141034252	0.643582911333732	HIRES-post
2453692.9003060525	-2.689387582930342	0.5169024834945855	HIRES-post
2453693.9202113724	-2.1096634000094183	0.4800472158755462	HIRES-post
2453694.782679815	-1.252276340052378	0.6581286614662765	HIRES-post
2453695.77115235	-2.211070992782033	0.40899014124706345	HIRES-post
2453696.8893243233	-4.066862136830884	0.5230618623645771	HIRES-post
2453723.836953095	3.090530296586032	0.6690688852117668	HIRES-post
2453724.7825727137	2.3951813070189516	0.5103384805272084	HIRES-post
2453746.863700131	-1.5904813138034246	0.5577718439088923	HIRES-post
2453747.779354246	-0.8691547107524442	0.6974781188575824	HIRES-post
2453748.723023637	-2.994537767084798	0.6802913163563036	HIRES-post
2453749.7236765907	-1.1414778882495966	0.683132275315616	HIRES-post
2453750.710008085	0.5983607834210047	0.5485499077891337	HIRES-post
2453751.7163298484	1.431537460070391	0.516807825922691	HIRES-post
2453752.723014304	-1.0170898091701015	0.698479137406513	HIRES-post
2453753.724079194	-0.4791306946969886	0.6598386583647613	HIRES-post
2453775.712319568	0.2355484854692581	0.7351319390185819	HIRES-post
2453776.718867765	-1.4612083270634004	0.6925965685496324	HIRES-post
2453777.714977349	-1.4432628606703235	0.7386023580093373	HIRES-post
2453778.7079956867	-0.7896320528703045	0.731001263875002	HIRES-post
2453779.7336541917	-1.4066330390920554	0.9423797517291554	HIRES-post
2453926.117421224	-0.9085671397973497	0.6783319360879836	HIRES-post
2453927.1077363715	-0.6231430672774914	0.6646670326324632	HIRES-post
2453928.114807993	0.2554896512369199	0.8130456598677285	HIRES-post
2453933.0888575874	-1.2182545078207914	0.656582074008299	HIRES-post
2453959.1414423576	-1.1555500698474905	0.6889686647513455	HIRES-post
2453961.1257573664	0.6429019227892432	0.6109209458097499	HIRES-post
2453962.1216012314	-0.7980311612481272	0.6626173644697301	HIRES-post
2453969.1178936292	-1.3657892511000949	0.70073662297555	HIRES-post
2453981.9853958124	-0.847207838883066	0.6836967062706844	HIRES-post
2453983.0332421726	-1.3094566493679887	0.6974006143640537	HIRES-post
2453984.0330538554	-1.0003091925135408	0.6660833837693624	HIRES-post
2453984.983096623	0.7467794304142766	0.6863224234902524	HIRES-post
2454023.8584203115	-1.3140993889338946	0.5420786589120499	HIRES-post
2454083.839283759	-0.7853055618959035	0.5694561965565775	HIRES-post
2454084.7972712684	-1.412190243902439	0.903771609396544	HIRES-post
2454085.9163592556	0.22541113136188032	0.5784559916069212	HIRES-post
2454129.711258044	0.1940951576749923	0.5805571398098585	HIRES-post
2454130.80605665	1.8476820913939653	0.5611621960764567	HIRES-post
2454131.7071540663	0.5970964447812548	0.8168263745472384	HIRES-post
2454138.71241	-1.95	1.19	HIRES-post
2454343.9874608777	-0.20224690805958703	0.6691702492395688	HIRES-post
2454396.797411403	-2.1812799614928378	0.7390086523234888	HIRES-post
2454397.8153367704	-1.0741185655784244	0.6901161821853846	HIRES-post
2454398.871247637	-1.322735279902425	0.7858617658095508	HIRES-post
2454429.79401575	-0.8518539435292204	0.7541682734328035	HIRES-post
2454430.7908514384	1.2910853938583748	0.7577138336709555	HIRES-post
2454454.812506058	-1.6201492952737968	0.8195561918396563	HIRES-post
2454455.80679952	1.3271333247375041	0.7739623004710828	HIRES-post
2454456.8375642034	1.2596844668752891	0.8202740542093606	HIRES-post
2454458.813982879	-1.4998261012968332	0.8082028477187733	HIRES-post
2454460.7907499997	-0.4082627346775736	0.8258588942518494	HIRES-post
2454461.802642066	2.0179099092355535	0.8995331035972627	HIRES-post
2454464.81845	-4.03	1.26	HIRES-post
2454492.711103116	3.0661650596089434	0.7809136788879	HIRES-post
2454672.1341675017	-0.2920253087849748	0.7748288833457548	HIRES-post
2454675.044845124	-3.1168108123517166	0.7342420011227221	HIRES-post
2454689.010790684	-2.5937404515121734	0.7750789007622888	HIRES-post
2454690.067054053	-2.957158482015675	0.801456564070074	HIRES-post
2454704.069275681	0.34446350005460247	0.7299200608932181	HIRES-post
2454717.958700423	-5.8987603994226	0.921680837946333	HIRES-post
2454719.009700946	0.9756616572349437	0.7825607399407318	HIRES-post
2454721.919175716	0.5179737431865392	0.2589605501189341	HIRES-post
2454722.977240189	1.537879160160882	0.8453043142740846	HIRES-post
2454723.9720146004	2.200391346121695	0.818291239990039	HIRES-post
2454724.9757847316	1.5210909684864373	0.7984198888940164	HIRES-post
2454779.86162546	1.3722628701713002	0.8164064660443399	HIRES-post
2454805.76878606	0.8878017161403415	0.7596888751985686	HIRES-post
2454806.8258902845	0.4736396069688471	0.878583580250799	HIRES-post
2454807.845633241	-1.166056409090229	0.8125893496968939	HIRES-post
2454808.8639305034	-1.1624143102203017	0.7456382053034284	HIRES-post
2454809.898828486	1.0537292994751524	0.7341921443298183	HIRES-post
2454867.73089	-2.8	1.47	HIRES-post
2455074.0968706436	0.3083746080041384	0.7471511673897385	HIRES-post
2455075.0991367633	0.3846894090612587	0.7025505421394307	HIRES-post
2455076.094351548	0.4032208212190789	0.7580981887092174	HIRES-post
2455077.0478526065	0.8036369577844262	0.7784681172430561	HIRES-post
2455078.071356981	0.4432645532012146	0.839945148230319	HIRES-post
2455079.0747202407	-1.8814260526906654	0.8246013259103853	HIRES-post
2455080.0716788867	3.2262323888714612	0.7744218392950017	HIRES-post
2455081.083056509	1.6502992028811612	0.7528412870011468	HIRES-post
2455082.037566984	1.3044830675602779	0.8074215846265381	HIRES-post
2455083.0440959376	1.1684125034193875	0.8022225195080714	HIRES-post
2455084.1488885493	1.149501622126844	0.719014647609021	HIRES-post
2455085.032212288	2.190822053493492	0.7602486213474171	HIRES-post
2455109.953107381	3.51333633140863	0.8163991085215356	HIRES-post
2455110.9704739926	-3.764134549389718	0.962480432614504	HIRES-post
2455133.990429084	-4.151302728081956	0.833482597999374	HIRES-post
2455134.973344938	-0.30040035556143785	0.7808460939197984	HIRES-post
2455135.9184485353	-1.0756811886270783	0.7987873548625191	HIRES-post
2455143.9191663037	3.0889397090195296	0.5123469483891651	HIRES-post
2455166.9370079245	-0.4139853337088676	0.4519136314153095	HIRES-post
2455171.8949964177	-0.3759989156718656	0.6927493602728925	HIRES-post
2455172.8780008587	0.30124790590549544	0.7496361710465346	HIRES-post
2455187.879136849	1.3320599215141933	0.839726264460162	HIRES-post
2455188.781362958	-0.9207764062072373	0.763144014344685	HIRES-post
2455189.8046420636	0.7160142053569302	0.8122514439095521	HIRES-post
2455190.8539540414	0.08605559069621549	0.7782832486091544	HIRES-post
2455196.7868934283	0.48734125612279366	0.6938024071847233	HIRES-post
2455197.7895465433	0.9491362735512568	0.8040805458771256	HIRES-post
2455198.796182771	-1.5943471637487425	0.747663742330349	HIRES-post
2455200.8681573574	1.307506209571774	0.444294728602282	HIRES-post
2455231.703101976	-2.5541425547657894	0.7130519043571467	HIRES-post
2455427.049509478	-1.6396514172612637	0.7092259205413514	HIRES-post
2455433.98776	-0.44	1.06	HIRES-post
2455437.129722102	0.8547471595962769	0.7024083642394078	HIRES-post
2455440.0498566027	-1.061432276440525	0.7973642052127755	HIRES-post
2455441.146482027	1.215424824438672	0.7164784776616205	HIRES-post
2455455.975210139	2.4243263333297427	0.7840373486117017	HIRES-post
2455470.041462643	1.4633095627755408	0.7276387407500818	HIRES-post
2455487.003148354	0.7456939460703146	0.8220840698699213	HIRES-post
2455489.958009987	-1.0941759260867356	0.7995773095334251	HIRES-post
2455490.9330530334	-1.0078493328738185	0.8058698154024277	HIRES-post
2455500.987856025	-1.4266992919878119	0.7323923853214112	HIRES-post
2455521.8587100366	-0.32410053468851413	0.7070363647829412	HIRES-post
2455522.9087808384	-0.2763250289130281	0.7946924828100895	HIRES-post
2455542.950130376	1.3662127975086165	0.7528594883773647	HIRES-post
2455613.7065434163	-1.3206263042198143	0.755062216305376	HIRES-post
2455789.1460904866	-3.8037216483999936	0.7897600822156369	HIRES-post
2455870.986898465	2.2829892379513907	0.9765871197244207	HIRES-post
2455877.9738793327	0.8282110592979054	0.816929026008345	HIRES-post
2455902.8651083997	-0.40296662191356153	0.5883640757944982	HIRES-post
2455903.8489737427	0.04838129573861527	0.7421317047936192	HIRES-post
2455960.7012165277	-4.446755575232995	0.7952938160157978	HIRES-post
2456114.130494955	-1.8493365644498148	0.7857906777974691	HIRES-post
2456115.136915569	-0.44137354884915736	0.7430355266851038	HIRES-post
2456116.138323866	1.520603172663952	0.7138703561713163	HIRES-post
2456135.1429601824	-3.36194695607559	0.7435616125898882	HIRES-post
2456138.1429603985	0.22413256231747355	0.6579767174456849	HIRES-post
2456147.1481441366	-0.023828248166119392	0.7070363647829413	HIRES-post
2456149.0676061856	-2.3696122867935925	0.6044971649704757	HIRES-post
2456151.144525501	-1.4431146871178573	0.7151692366401832	HIRES-post
2456168.1005168967	-0.09657284930429033	0.7526389515862109	HIRES-post
2456508.140247199	1.624564129168264	0.6681570887715745	HIRES-post
2456513.122893879	-1.82004717413898	0.6815775269605511	HIRES-post
2456514.138492955	-0.5847068348339245	0.7530183890366687	HIRES-post
2456519.1257036207	0.05578269531129981	0.7713255162311823	HIRES-post
2456520.136803105	-1.632329139262275	0.7573834562978736	HIRES-post
2456523.1416889126	-1.2007854829363314	0.7152897668159373	HIRES-post
2456530.0452353028	-0.041762017713655286	0.8233120583236455	HIRES-post
2456531.1154187853	-1.5277032928977858	0.7087080988223766	HIRES-post
2456532.1145436903	2.012831605061349	0.6211511386780794	HIRES-post
2456533.150692395	-0.501065159322061	0.7414624450736221	HIRES-post
2456534.1527489657	0.0845306843781869	0.6815371192607427	HIRES-post
2456548.126075141	3.280214452443536	0.753218390495661	HIRES-post
2456549.927294775	1.7376907170149507	0.5929025214404416	HIRES-post
2456550.917262473	2.4550575282826563	0.5317752926399107	HIRES-post
2456551.9358968367	2.521170771838124	0.5340161045379672	HIRES-post
2456584.94916	-0.12	1.5099999999999998	HIRES-post
2456639.748205418	-2.952732824690119	0.7580611138838709	HIRES-post
2456675.739032806	0.08591958435201763	0.474508567158461	HIRES-post
2456866.1296642185	1.3893408984227436	0.7144479680023345	HIRES-post
2456867.130656492	1.5600517311555482	0.7846519115410219	HIRES-post
2456874.1422978085	0.36600961075213106	0.7310201544635576	HIRES-post
2456884.135038048	-1.064344328221523	0.771365834985962	HIRES-post
2456889.143994336	-0.4076241415820305	0.7751688994696785	HIRES-post
2456895.1507936334	-2.425764476318619	0.7083627839060863	HIRES-post
2456896.143243462	-1.1569778671867788	0.7199707357450813	HIRES-post
2456908.922763962	-1.696589621802464	0.8717606710796981	HIRES-post
2456910.9984457726	3.0109399654782405	0.4543577617033701	HIRES-post
2457001.7737926585	-1.3332274083630655	0.7905905572938062	HIRES-post
2457218.136668811	2.0629765198183074	0.7025631413006873	HIRES-post
2457234.1376898983	0.49004688682410025	0.8172642355446236	HIRES-post
2457236.1406292506	0.5542409336048761	0.644308874608055	HIRES-post
2457241.135624431	-1.4780572155657192	0.7047228075278663	HIRES-post
2457245.135005173	-2.9825772126435925	0.683856218117039	HIRES-post
2457246.145152174	-0.1904100499084172	0.7459274334198676	HIRES-post
2457254.136403298	0.2618067076130779	0.7293244764448656	HIRES-post
2457326.976088804	-3.7177671050679666	0.678064284368631	HIRES-post
2457353.811798675	0.785863380322142	0.7123109482231365	HIRES-post
2457355.863781875	0.7611360636540396	0.7361593405839589	HIRES-post
2457378.7794959815	0.04031615837123759	0.8082491372098773	HIRES-post
2457384.7683186145	-0.12807489120896842	0.7642600395607111	HIRES-post
2457422.7001529722	-0.1673108574023709	0.6948447399689195	HIRES-post
2457581.1179405483	1.01870629212458	0.7509339856621049	HIRES-post
2457586.1376063004	-9.82885789169099	0.8785711258312885	HIRES-post
2457592.138681376	-0.7849752212371894	0.7769709019181914	HIRES-post
2457595.0577768288	2.1074881326174375	0.8017096410012985	HIRES-post
2457599.1388932616	-2.4204064282472086	0.756901467080365	HIRES-post
2457614.1457548426	-0.6441370355957285	0.7689241078628591	HIRES-post
2457654.0732854716	2.8746361677492223	0.7608449520533379	HIRES-post
2457672.0370228253	-3.837560671899158	0.7831149847425722	HIRES-post
2457711.842383418	1.437918611718154	0.9018173090357997	HIRES-post
2457717.8410700117	-0.5110095772954346	0.9452702866637549	HIRES-post
2457759.691378415	-0.03440136232643427	0.7388139766168227	HIRES-post
2457761.6893972466	-1.320369765757958	0.8156036569432885	HIRES-post
2457765.714555803	-2.7802583299848944	0.8281346863161319	HIRES-post
2457774.6939437576	-0.8574803420825394	0.6939879094562307	HIRES-post
2457775.6952317874	0.661254654064891	0.7661943103457306	HIRES-post
2457790.700426183	-1.2931297709923661	0.6672262282724327	HIRES-post
2457791.700611227	-2.8667282090823303	0.7623905999426253	HIRES-post
2457944.1340005617	0.7106543012641331	0.7400138765293799	HIRES-post
2457945.135677945	-0.43986158412748005	0.8944691167285364	HIRES-post
2457954.1375304074	3.3934326319542665	0.7518317864590067	HIRES-post
2457964.137168762	5.2056398164454905	0.825918363321951	HIRES-post
2457984.1465424057	-2.570189452717951	0.7109593638547681	HIRES-post
2458091.9032348907	-2.2430137137230823	0.9001939083359078	HIRES-post
2458112.6981100477	-1.462186043419897	0.7412692518532774	HIRES-post
2458117.844118514	1.0339097296517468	0.8228009033376521	HIRES-post
2458338.118464886	1.139479011852878	0.7534224048939399	HIRES-post
2458346.14532	-0.85	1.31	HIRES-post
2458350.1455060546	-1.1463109757023282	0.7354829314439667	HIRES-post
2458351.142123664	-0.8023690040405618	0.7050776015167345	HIRES-post
2458364.059623551	0.611928899870715	0.8033815568166631	HIRES-post
2458365.0395659106	1.7626310980054112	0.7354634662715163	HIRES-post
2458367.0296681556	2.421163388758907	0.899184522190264	HIRES-post
2458370.040292667	3.7323683862795374	0.7868539333390998	HIRES-post
2458384.012194754	2.0413145704900852	0.8093533975177776	HIRES-post
2458386.0273334743	2.4865744044584903	0.7898649514440382	HIRES-post
2458386.9713221616	-0.1245873423791426	0.7964511835241853	HIRES-post
2458390.0455186726	2.4210018848772945	0.7840800104712711	HIRES-post
2458396.8920346703	-1.096244989367026	0.7844050421907807	HIRES-post
2458426.9223593245	2.700434605211494	0.8249499067297488	HIRES-post
2458443.8734186073	1.673950706525405	0.8113932689455875	HIRES-post
2458462.7793150884	-0.20525126654231174	0.7893687707641196	HIRES-post
2458476.6828862187	0.8532828263482073	0.7076326378153953	HIRES-post
2458490.690857802	0.4685335310536889	0.8036135658681561	HIRES-post
2458491.690369497	1.104882245700742	0.7162259544839266	HIRES-post
2458508.84019	-0.41	1.33	HIRES-post
2458509.6972726835	-0.28099356334400455	0.7841348216947682	HIRES-post
2458532.7050045347	0.6212016417780104	0.7887115697184409	HIRES-post
2458716.140823013	-0.3507692289895019	0.7284666209672148	HIRES-post
2458720.14763461	-0.830179919416195	0.7684668378338737	HIRES-post
2458723.1502444316	-2.0594704884905766	0.723786337365778	HIRES-post
2458724.1476307074	-3.7916864252587503	0.7319959110864054	HIRES-post
2458819.924844109	-0.9596263313609303	0.820837237815776	HIRES-post
2458844.847511596	-0.8943962658371863	0.7395436672918834	HIRES-post
2452939.6975915	1.906432	0.727211	HARPS-pre
2452944.6687807	1.027774	0.765131	HARPS-pre
2452946.7753366	1.648731	0.931929	HARPS-pre
2452947.6380049475	-0.7285760269904762	0.5428652763418872	HARPS-pre
2452948.7117519	1.018019	0.9673050000000001	HARPS-pre
2452949.6713168016	-0.29881515017943644	0.5252729144366347	HARPS-pre
2453039.5239703837	0.6678886420421355	0.5466959547608349	HARPS-pre
2453261.7982139993	3.710524566135012	0.5476032843274296	HARPS-pre
2453267.7740723873	-0.5244856143867992	0.28424254868074844	HARPS-pre
2453280.6681540566	-0.8800155572877131	0.6502006381069745	HARPS-pre
2453281.7447493304	-1.2752155502930922	0.04356221252524709	HARPS-pre
2453282.745140245	-1.21030922243269	0.04362043879409777	HARPS-pre
2453283.7392159523	-0.4912215599353492	0.03787125505426867	HARPS-pre
2453284.860579665	-0.9274732729453383	0.12196604540327596	HARPS-pre
2453286.769682709	1.0581562315781228	0.06861990176985201	HARPS-pre
2453306.7375872824	0.619472417269219	0.5154230838763812	HARPS-pre
2453309.7563193957	2.5649140142817286	0.41946441787870997	HARPS-pre
2453336.667044791	0.6931705819746483	0.26032790364007835	HARPS-pre
2453337.6134717637	-0.3821246918755991	0.2996854247169344	HARPS-pre
2453340.6794087654	1.8729353920627394	0.28498577405574826	HARPS-pre
2453583.8644383	2.4637687776923887	0.45009079905540705	HARPS-pre
2453593.85148624	-0.42632698472148933	0.5129393953026989	HARPS-pre
2453604.786624523	4.3756471751194805	0.5826202048575532	HARPS-pre
2453615.7690958	-0.5019600658704655	0.4049024909637432	HARPS-pre
2453617.8015007214	1.8658351777839488	0.29046574802233516	HARPS-pre
2453618.845499022	1.7862858852739265	0.28765286275178825	HARPS-pre
2453619.8834002493	-1.27261733695982	0.28856944089864045	HARPS-pre
2453620.792910322	-2.6162331333975155	0.29788854301994905	HARPS-pre
2453621.780213024	0.24553953401178485	0.28349975518519	HARPS-pre
2453666.6777467728	1.6401501335448516	0.23111073001911592	HARPS-pre
2453687.639162604	0.03839856070797955	0.2808871923768913	HARPS-pre
2453690.6899783183	1.5683423247872206	0.4553497818436141	HARPS-pre
2453711.5955964527	0.7839540390586262	0.4563903148498741	HARPS-pre
2453712.6395260994	0.5153632922546597	0.45872459595135306	HARPS-pre
2453713.5990152066	-0.16169362479169117	0.47143944694722195	HARPS-pre
2453714.6001679227	1.3503569022970092	0.5060493142486848	HARPS-pre
2453715.581077278	-0.4285479697368721	0.4746879375995687	HARPS-pre
2453716.60005089	0.008613843064447652	0.49238472864430793	HARPS-pre
2453718.6323593142	0.9607971780189666	0.6774704153222735	HARPS-pre
2453720.642856632	-0.165269295275504	0.15400727150695986	HARPS-pre
2453760.545146238	2.4511680386455765	0.2172106206471576	HARPS-pre
2453916.888533051	0.6602248403927975	0.6123562316192876	HARPS-pre
2453930.841281765	0.6202950020874062	0.2974009733113436	HARPS-pre
2453932.930504026	-0.03108811882173737	0.2840596197307319	HARPS-pre
2453933.88530837	2.063260567378152	0.2678737958773517	HARPS-pre
2453934.784633223	0.26548610933581657	0.239464079893485	HARPS-pre
2453936.7487324434	0.961239707803256	0.31956657640363845	HARPS-pre
2453973.7849089312	0.7771318979105855	0.38607833575612277	HARPS-pre
2453979.8917800593	1.5892906200871355	0.31445536812828706	HARPS-pre
2453987.6628922815	-0.6260723691599253	0.3845144402932759	HARPS-pre
2454045.6628774726	-0.7575660932911328	0.5647177469009544	HARPS-pre
2454056.5877052797	0.1844332421077579	0.34535724516868294	HARPS-pre
2454075.573516194	-0.8044662261425214	0.08417696217710034	HARPS-pre
2454085.576340532	0.9853849380490958	0.5479697525853643	HARPS-pre
2454099.619775143	0.006314693397421424	0.11516216693808104	HARPS-pre
2454100.601040951	0.3407878613178262	0.4663232603456282	HARPS-pre
2454124.5507323816	0.21424519381043497	0.3946924474345314	HARPS-pre
2454133.5651300433	1.0470590801148667	0.39280168205847765	HARPS-pre
2454293.9404443	-0.4004630483761953	0.24011149074531069	HARPS-pre
2454310.8818193786	-1.624269076045276	0.375740519819325	HARPS-pre
2454336.847468827	1.2420700784138239	0.48169512123925284	HARPS-pre
2454338.82719423	0.7669159963709995	0.46558190535652866	HARPS-pre
2454339.755719112	1.2083781458292129	0.38843406841927614	HARPS-pre
2454350.7766556162	0.19339914683350945	0.3835190859493221	HARPS-pre
2454370.7128289137	1.6095124730082273	0.5485050396309846	HARPS-pre
2454371.6699251183	1.6966156352283153	0.5684008677705605	HARPS-pre
2454384.685201123	1.1344822427092323	0.5145788859728643	HARPS-pre
2454420.6667158846	-0.513701615174946	0.20021250773934768	HARPS-pre
2454421.633522185	1.5640102679460994	0.1691851078681011	HARPS-pre
2454422.623573767	0.38496002959948616	0.17682869985898725	HARPS-pre
2454423.6531517347	-1.9598404312242612	0.2280365949351106	HARPS-pre
2454424.591362641	0.1747849747515161	0.19894823682450982	HARPS-pre
2454425.639804609	-0.9876154863397872	0.43911360452567566	HARPS-pre
2454426.633684372	0.26595970480892583	0.178990266682956	HARPS-pre
2454427.6542045856	1.6802358002533104	0.19183857812537136	HARPS-pre
2454428.695405554	0.15900473228327844	0.2319730620489237	HARPS-pre
2454429.5962559264	-1.8991431782119175	0.21696248218195777	HARPS-pre
2454441.625434097	-0.5386779869074669	0.4589942026893105	HARPS-pre
2454442.6648585843	0.204929692410489	0.4592872820708318	HARPS-pre
2454443.590352793	0.9933602802598099	0.4673338324315402	HARPS-pre
2454623.9028692227	1.112661395168112	0.7423887918838974	HARPS-pre
2454633.9204711705	1.2652122750595696	0.47395863349674394	HARPS-pre
2454634.9026228325	0.9929679736737598	0.5676966524358934	HARPS-pre
2454673.8943530726	0.8228057344084377	0.5285272126462873	HARPS-pre
2454677.9230191424	-1.1418483579674603	0.26290231143877063	HARPS-pre
2454682.913898448	-0.16854876735699625	0.2052051731132994	HARPS-pre
2454684.7643572	0.386939	0.956865	HARPS-pre
2454700.895907089	1.0339645744208315	0.21770131941194915	HARPS-pre
2454702.8919357047	1.1818682510113454	0.504279564958268	HARPS-pre
2454706.87410169	1.547195759912699	0.44644636725843817	HARPS-pre
2454707.8493283372	2.527340640797868	0.356026513010356	HARPS-pre
2454710.831053969	1.4112242834690714	0.350309457904924	HARPS-pre
2454716.8172214176	2.1133733416344596	0.5749814974063613	HARPS-pre
2454717.833348742	2.208489396424687	0.49573584093681006	HARPS-pre
2454718.88778097	1.1804868509605173	0.467653308904563	HARPS-pre
2454739.72333291	-0.47040773416261644	0.2238239408739236	HARPS-pre
2454743.742207837	0.32727462130756835	0.20022424574131986	HARPS-pre
2454744.777722664	-0.10799523148821442	0.23230776249889695	HARPS-pre
2454745.7450334146	0.6221472735078823	0.13604611829955482	HARPS-pre
2454746.741685421	-0.31939158046358695	0.18414965782460913	HARPS-pre
2454749.696731489	0.5301013599902209	0.12187559856599375	HARPS-pre
2454750.782853638	1.0490010146980397	0.11917981439914922	HARPS-pre
2454753.6844067792	0.36127751059131996	0.08041130918416309	HARPS-pre
2454754.6787024294	-0.6845954380339161	0.1225562057297548	HARPS-pre
2454755.7710247613	-1.1143671766738608	0.12030454564313521	HARPS-pre
2454758.7194114462	-1.4702841315135076	0.10373047451795661	HARPS-pre
2454759.717369579	-1.2831686120167871	0.11742621308675875	HARPS-pre
2454760.72667008	-1.098124003495953	0.11305302546056505	HARPS-pre
2454761.727082451	-0.6007999191779807	0.11763948023188418	HARPS-pre
2454762.7250690376	-1.625004284564761	0.08827605838405506	HARPS-pre
2454763.7090344504	-0.5289939810257308	0.11877685675211803	HARPS-pre
2454765.6459232904	1.3580302612212158	0.1513077990083708	HARPS-pre
2454766.7247803197	-1.072756434184221	0.09973612659114424	HARPS-pre
2454767.7257259963	-0.41558780120705463	0.11854568476614025	HARPS-pre
2454774.688986981	-1.8755483720411432	0.12008093714287349	HARPS-pre
2454775.688765996	-1.1785397200892083	0.12135672608142765	HARPS-pre
2454776.6102930997	-1.9517186604452375	0.12259307033760349	HARPS-pre
2454777.6184458197	-1.5890089982154278	0.108090256937567	HARPS-pre
2454778.606326451	-1.6860864987039914	0.11762556398815234	HARPS-pre
2454779.6127551864	-1.9952344894633407	0.12000690721135146	HARPS-pre
2454780.6053055353	-0.5215839721140124	0.121145134940731	HARPS-pre
2454785.6394267	-3.413432	1.040065	HARPS-pre
2454786.563004	2.467635	1.01373	HARPS-pre
2454787.5931843	-1.009349	0.9981150000000001	HARPS-pre
2454788.6173586	12.492904	1.035085	HARPS-pre
2454799.647247074	0.5260247922412781	0.20844378951661824	HARPS-pre
2454800.610458295	-1.472124348510931	0.11832391950881299	HARPS-pre
2454801.6157348813	-1.4212202580604556	0.1181396007883513	HARPS-pre
2454802.623018279	0.8393694163367506	0.11856269055560083	HARPS-pre
2454803.608220014	1.411359866650434	0.11842136393050672	HARPS-pre
2454804.6112624235	0.8702544061097376	0.1209846196083319	HARPS-pre
2454805.6245607478	0.6058287825651508	0.11949177507793117	HARPS-pre
2454806.60701283	0.9408551413198685	0.11804893571631582	HARPS-pre
2454807.5859120134	1.3896948000242708	0.14722679573921787	HARPS-pre
2454849.5401115716	-1.5034839091664343	0.16621065137234098	HARPS-pre
2454850.533733468	1.459183953091223	0.3030470535859509	HARPS-pre
2454852.5375916013	-0.7137129178140815	0.29337465042761185	HARPS-pre
2454854.5360823954	1.0355996437591997	0.2937407719528479	HARPS-pre
2454864.5278160116	3.000491970476008	0.48847941572394177	HARPS-pre
2454868.5554843587	2.010375031944785	0.4801616064533873	HARPS-pre
2454891.5199801	2.274229	1.092035	HARPS-pre
2454892.513776	4.063425	1.042543	HARPS-pre
2455072.8630833803	-0.4394891598673704	0.1724194644458753	HARPS-pre
2455073.82656435	0.47087601288774505	0.22067132845992285	HARPS-pre
2455074.8043957087	-0.6689798616150525	0.11996713294390556	HARPS-pre
2455075.751979994	-1.5700559715491964	0.16139085426156616	HARPS-pre
2455076.800687498	-1.134423589397688	0.24016941156311153	HARPS-pre
2455077.792886011	-0.5145841537977767	0.22199903591924763	HARPS-pre
2455078.71597855	0.096381192029104	0.8840970116954436	HARPS-pre
2455079.836141444	-1.8912035108729421	0.0925634561225376	HARPS-pre
2455080.78319445	0.19831794672701936	0.10516519958875696	HARPS-pre
2455081.887749641	1.7384398337419447	0.18389053027492974	HARPS-pre
2455095.8021957604	-0.10927844508840495	0.10034375785658295	HARPS-pre
2455096.775959059	0.6177090259254778	0.18389150465156093	HARPS-pre
2455097.7972413446	-0.2816761855464339	0.08922989865407494	HARPS-pre
2455098.761447602	-2.712469856263892	0.15034697220513568	HARPS-pre
2455099.7868833095	0.2401112371310358	0.13151192519813504	HARPS-pre
2455100.7871080497	-1.6780778882490597	0.15308169231742164	HARPS-pre
2455101.7541408367	-0.502927425831657	0.1428299176887939	HARPS-pre
2455104.775296585	0.08827328740385665	0.10499684364560123	HARPS-pre
2455105.668209391	1.2717045107435156	0.24999613210240568	HARPS-pre
2455106.7621240057	0.7097941858570107	0.12252897573789849	HARPS-pre
2455111.731918541	0.05560470621692486	0.2167686066405803	HARPS-pre
2455113.7492069234	-0.1350726392721019	0.2036243875486123	HARPS-pre
2455116.751920705	-1.7484970819067647	0.20101808427222673	HARPS-pre
2455121.716241142	-0.0609793312880543	0.22214277368201377	HARPS-pre
2455122.723866719	-0.3588553890726759	0.28113916606668193	HARPS-pre
2455123.7071671076	-0.6521773043410094	0.2379896003207537	HARPS-pre
2455124.7064394015	-0.2968491847786876	0.19338670275147576	HARPS-pre
2455125.6894858154	0.6429059986900092	0.20473731182049695	HARPS-pre
2455126.6326389587	-0.7954136435682838	0.2679509068808802	HARPS-pre
2455128.681008694	0.5388618976988779	0.21179429402601196	HARPS-pre
2455129.6778312954	-0.28063480882602143	0.1355110600862522	HARPS-pre
2455132.6285153613	0.38233521751657085	0.26015057829850685	HARPS-pre
2455133.6786270044	0.6126301053124029	0.21486399618701976	HARPS-pre
2455134.6717582773	0.377047796415517	0.26197877920319496	HARPS-pre
2455135.673171541	-0.1234233208343441	0.17750526484598475	HARPS-pre
2455136.695048177	0.5505042680153269	0.23214665576736968	HARPS-pre
2455137.6939153424	1.006826010084494	0.21587882769443725	HARPS-pre
2455138.6841287496	0.4724089479736958	0.15370438900436564	HARPS-pre
2455139.650402926	0.02155859163328592	0.15749503179549645	HARPS-pre
2455140.648803994	0.0335921957409724	0.1250899773790267	HARPS-pre
2455141.673299685	-0.09163966339085197	0.13227879894998246	HARPS-pre
2455142.534881529	-2.2072418915285525	0.37238151126281965	HARPS-pre
2455143.6670787088	0.1856861494805262	0.14482020233054843	HARPS-pre
2455151.683331969	-0.05226765946724288	0.09974058067603403	HARPS-pre
2455152.6601223797	-1.1378377235197699	0.16328510674184185	HARPS-pre
2455153.6427062005	-0.8973954314603145	0.13751165577218002	HARPS-pre
2455155.609674434	-1.1991326164473972	0.1478585002874261	HARPS-pre
2455156.5078171794	-1.887818102331696	0.20831358372790912	HARPS-pre
2455157.59226749	-0.9333905298053169	0.14831386092545953	HARPS-pre
2455158.5976055674	-0.3149843152271744	0.14632510799350937	HARPS-pre
2455159.6054219063	-0.24385024246577436	0.14722140720187546	HARPS-pre
2455160.5982375774	-1.1111098413629492	0.14943638037323548	HARPS-pre
2455161.586961587	-0.0843246958865852	0.14772045159993585	HARPS-pre
2455162.587705723	-1.150262621754628	0.14709819779895755	HARPS-pre
2455163.5795379267	-1.6531516231434715	0.10914215253112546	HARPS-pre
2455164.580942182	0.5490962656279567	0.18596536801276523	HARPS-pre
2455165.5747198192	-1.1910114866291075	0.18651289386266565	HARPS-pre
2455166.5900223153	-0.9357802930791952	0.18668507996168676	HARPS-pre
2455167.569277037	0.2638432021372217	0.18630475871230892	HARPS-pre
2455168.5690193987	-1.125015966928716	0.18608820273956325	HARPS-pre
2455169.5670271697	0.4571862243352616	0.18539736626063477	HARPS-pre
2455184.5750643513	1.0731992517738747	0.16147588622993472	HARPS-pre
2455435.821212129	1.427955021079144	0.15088401189230424	HARPS-pre
2455450.7813849268	1.9640218007544676	0.14252003276290334	HARPS-pre
2455451.859082492	1.9483671747720854	0.23373577900716994	HARPS-pre
2455453.7579045794	0.9827096209581837	0.15332733712892968	HARPS-pre
2455454.755682422	-0.376857803231722	0.15654323199418574	HARPS-pre
2455455.758316571	1.766868155473738	0.22237436405811886	HARPS-pre
2455456.76142767	1.5804445736164514	0.17001972336255056	HARPS-pre
2455457.748785138	0.4241214796747148	0.18261336747006282	HARPS-pre
2455525.646339513	0.9956921950222268	0.15469701090661317	HARPS-pre
2455527.6221437566	0.19398307940124473	0.16519810821766165	HARPS-pre
2455531.6128661223	0.8157373004603483	0.07598693173713622	HARPS-pre
2455532.666958778	3.514351433316596	0.06282397936706284	HARPS-pre
2455533.5846148576	1.3063191074221976	0.1060034463297633	HARPS-pre
2455802.872564844	-0.014471334806666843	0.28494140770196913	HARPS-pre
2455803.8638302595	0.9971408761234402	0.41366995331971806	HARPS-pre
2455804.8599797254	-0.0952301629855826	0.28573672352333834	HARPS-pre
2455805.830960235	0.8432137929641027	0.2789951992958558	HARPS-pre
2455807.8406086448	1.495026313586064	0.20403645341345417	HARPS-pre
2455808.8431635792	1.6451485579715224	0.2865577162491291	HARPS-pre
2455809.8000741974	0.17298456452770866	0.19225661374085842	HARPS-pre
2455810.8808576763	1.9598396729501761	0.20524986375946774	HARPS-pre
2455814.839405695	0.7737889993143635	0.1841612520043145	HARPS-pre
2455815.793114446	0.2146636742812233	0.12886064178800316	HARPS-pre
2455816.7865068554	-0.2678715482266353	0.13189678174577943	HARPS-pre
2455817.789896309	1.1822467575780269	0.10669808607120726	HARPS-pre
2455818.6920368522	0.6397804647016779	0.1197995385255799	HARPS-pre
2455820.7719925838	0.14236151464284313	0.12988728637569807	HARPS-pre
2455822.8138340004	0.3819606796224123	0.1689548635819024	HARPS-pre
2455823.857982183	1.1689697478777215	0.22742155033549344	HARPS-pre
2455824.772043965	-0.8426251816943489	0.16620174570808216	HARPS-pre
2455825.8023099108	-0.040734423227721375	0.1874170423194503	HARPS-pre
2455826.784796705	2.090890211274396	0.18324469849362207	HARPS-pre
2455828.65272737	-0.3880121415915717	0.21792226083390268	HARPS-pre
2455829.7141916803	0.6346358612749591	0.16743102351505687	HARPS-pre
2455831.8243951984	0.7546373660256387	0.1519089072683873	HARPS-pre
2455832.7477136655	0.34487092799348085	0.06899306365201442	HARPS-pre
2455834.7035055915	-1.3169177959261136	0.2486829602528501	HARPS-pre
2455835.716660118	-0.9918976867127418	0.17998874138522256	HARPS-pre
2455836.7022674195	0.6326521384152586	0.22494843443522725	HARPS-pre
2455837.693935568	-1.347434505985656	0.14845603550460823	HARPS-pre
2455838.814856151	-1.9052040500549996	0.2795317026956596	HARPS-pre
2455839.7152731745	-1.7611932896161298	0.22034000023143208	HARPS-pre
2455840.7321833475	-0.6821908530295611	0.11693580926619442	HARPS-pre
2455841.7195466408	-0.49547713652507336	0.28202729003277677	HARPS-pre
2455842.7241955614	0.38578143508162777	0.16144046370067588	HARPS-pre
2455843.6558989882	1.6820757764898329	0.291024243172525	HARPS-pre
2455844.688496421	-1.4034290866800476	0.1843177156909073	HARPS-pre
2455845.677912884	0.8049478547509475	0.27100506893721454	HARPS-pre
2455870.6262620185	1.6598276225016217	0.16483249839241781	HARPS-pre
2455871.6351076155	0.05548069585852911	0.12591805034730746	HARPS-pre
2455872.629247458	1.8819340312002812	0.141978169550565	HARPS-pre
2455873.623498977	0.28417566813964856	0.16449388326297043	HARPS-pre
2455874.6428546812	0.671052568932017	0.14151684422598212	HARPS-pre
2455875.63175205	2.006420072039759	0.12734582958769688	HARPS-pre
2455878.634374418	-0.30733977641064075	0.15416301693311749	HARPS-pre
2455879.655565776	-0.5144074106230794	0.1514216434493674	HARPS-pre
2455880.649697812	-0.5102537346443682	0.15779624052512312	HARPS-pre
2455886.591192494	0.18796274103754984	0.15175637520916274	HARPS-pre
2455887.5929455683	-0.843743706634484	0.22844780369749113	HARPS-pre
2455888.6003174223	-0.10563200155061431	0.22199468054344076	HARPS-pre
2455889.5896599283	0.12547386660591411	0.20132851008681615	HARPS-pre
2455890.600144834	-0.34217042991484736	0.217520730379949	HARPS-pre
2455891.601542347	0.4322293630439309	0.24246655512064044	HARPS-pre
2455892.5684616696	-0.08407407047066344	0.17441237045832805	HARPS-pre
2455893.5919705783	-0.8658126462902241	0.21745917034969128	HARPS-pre
2455894.572884134	0.3984706223633252	0.23990888371336794	HARPS-pre
2455895.6083407933	-0.7691258041506678	0.24177474636345855	HARPS-pre
2455896.601618065	-1.1434596997641588	0.19372490271579249	HARPS-pre
2455897.6050054785	-1.3710169215401344	0.1501211395008984	HARPS-pre
2455898.6129596974	-0.20312319270180573	0.1585845619191253	HARPS-pre
2455899.6200439036	-0.8441735393621373	0.1087905359132868	HARPS-pre
2455900.590014682	-1.146561700323778	0.2009555140772888	HARPS-pre
2455901.64648797	0.14572855790580408	0.21576690309005084	HARPS-pre
2455902.6364092045	0.5901390825106596	0.14044567615705522	HARPS-pre
2455903.6734499405	-0.5742523786379489	0.1212877977399939	HARPS-pre
2455904.641911241	2.2406542828301412	0.06727917183838104	HARPS-pre
2455923.5929650287	0.1575207333563976	0.37226188942886124	HARPS-pre
2455924.6229559174	-0.5456199251849168	0.632088021866629	HARPS-pre
2455925.5971940886	0.8031519093084032	0.22138901639051228	HARPS-pre
2455926.5714980327	-0.24731043575192077	0.20895444686874867	HARPS-pre
2455927.5853839116	1.3839181732978436	0.20978413334258922	HARPS-pre
2455928.531069475	1.873353992436529	0.341673163393144	HARPS-pre
2455929.576326915	2.169149849262772	0.2428968586543143	HARPS-pre
2455931.575669875	-0.20928961570781196	0.1969337471550754	HARPS-pre
2455932.596441426	0.687135036685383	0.17970614555166387	HARPS-pre
2455933.5964297447	-0.26176547948584483	0.17698334907318247	HARPS-pre
2456149.8703457294	0.9281481942380109	0.22787071531540498	HARPS-pre
2456150.877328797	1.6457887585083761	0.23936641852727905	HARPS-pre
2456151.8391932966	1.981164737042927	0.23550371586941043	HARPS-pre
2456152.7531723185	1.2227980519505002	0.40814024799100856	HARPS-pre
2456154.735553148	0.48736747035140526	0.5640780114581917	HARPS-pre
2456158.842988757	1.5682574259442341	0.2479334139864125	HARPS-pre
2456159.8808494937	0.24323898775762298	0.28173935497287206	HARPS-pre
2456160.8483160306	1.7597704300173873	0.21101502391952603	HARPS-pre
2456161.79907053	1.134980336886071	0.32230234750142367	HARPS-pre
2456166.7887649513	0.21356352795559527	0.1753591956180545	HARPS-pre
2456167.7868791563	0.1119913021619319	0.2587028973447574	HARPS-pre
2456168.822700691	0.4955692321768817	0.18706243741729384	HARPS-pre
2456171.7855555993	0.08068529292813634	0.20506844275603958	HARPS-pre
2456172.825932261	1.7455467784932306	0.18675047967460257	HARPS-pre
2456173.8609423297	-0.03425959331245858	0.2292283323743612	HARPS-pre
2456175.718828477	1.4825821689826744	0.26631162860199054	HARPS-pre
2456180.8345055915	0.3572238709169797	0.2966601952956366	HARPS-pre
2456181.807304275	0.729730823254283	0.19311007442521372	HARPS-pre
2456182.7601796575	-0.6023220299405994	0.2351269325166536	HARPS-pre
2456186.740003102	6.389835475260582	0.23861101557903924	HARPS-pre
2456187.726929634	0.961248103442067	0.26281446063450165	HARPS-pre
2456188.8199483	1.675866	0.667831	HARPS-pre
2456189.8307040916	0.24493691612296975	0.33166070821068433	HARPS-pre
2456190.8449048325	0.27735554128275264	0.22247578211314598	HARPS-pre
2456191.678079539	-2.997054392489485	0.44406315116715517	HARPS-pre
2456192.777081922	-0.6317857032783765	0.29768938249126015	HARPS-pre
2456193.7774620852	-2.1426290257215213	0.2962439100438742	HARPS-pre
2456194.7536555594	0.45994560199321144	0.2138548852059412	HARPS-pre
2456195.7756546456	-0.9675109791701344	0.28044948213078785	HARPS-pre
2456196.7674301607	-0.3603472341490696	0.2795155611905037	HARPS-pre
2456198.748168992	-1.2440884040544524	0.22792228935298228	HARPS-pre
2456199.7412613	-0.1444194624741221	0.2659636029964117	HARPS-pre
2456200.7668567025	0.2817111980259646	0.16127454379047015	HARPS-pre
2456202.7491858974	-1.6739047029997183	0.15093003234486924	HARPS-pre
2456204.7336968477	-2.670971264402578	0.28199368426796234	HARPS-pre
2456205.731683002	-3.6247330321988422	0.39971920293326435	HARPS-pre
2456210.737504354	-0.049023119407287395	0.20612411181579673	HARPS-pre
2456212.6126474943	-0.37604940557790056	0.5902803882457788	HARPS-pre
2456215.7506380454	2.0645144844197163	0.20420241478925566	HARPS-pre
2456216.8118099105	0.03897820390216301	0.1848351955147822	HARPS-pre
2456218.7830161243	-0.7200330306287721	0.23004749447494488	HARPS-pre
2456219.680898165	-0.6286688027486149	0.23064274428259154	HARPS-pre
2456220.743118862	1.033253969804136	0.22231661333971076	HARPS-pre
2456221.794883773	0.5850015727386	0.1693624050505562	HARPS-pre
2456223.7910673795	1.0967260890307018	0.2540891202320659	HARPS-pre
2456225.7889681	1.187854	0.874319	HARPS-pre
2456230.707934504	-1.0705313608253482	0.16293739971210167	HARPS-pre
2456231.7306781053	1.7693056109905265	0.12661258746077514	HARPS-pre
2456234.593966109	-2.087802512496107	0.33623341539402185	HARPS-pre
2456235.6253691614	-0.47904003183612615	0.2747396616256265	HARPS-pre
2456236.6404108414	-0.9771427400594376	0.24012582190117818	HARPS-pre
2456237.61188398	-1.2729402493840287	0.2567440399190922	HARPS-pre
2456238.613371071	-0.9819085161068927	0.24352524021251024	HARPS-pre
2456239.6148853144	-1.1914069528459268	0.20707599276292166	HARPS-pre
2456243.748040425	-0.10761580480159083	0.3639458830641469	HARPS-pre
2456244.6127168	1.342334	0.49255899999999997	HARPS-pre
2456245.587622145	-0.3086873142595929	0.25843248954437653	HARPS-pre
2456246.597194414	4.7250295114638385	0.2589597132512933	HARPS-pre
2456247.5780554633	-1.989205532996312	0.23043170384236034	HARPS-pre
2456248.611913571	1.620342743926097	0.191565428281857	HARPS-pre
2456249.6426460235	0.07767265982277763	0.2571424112645101	HARPS-pre
2456250.6033192542	0.3993003235885699	0.25718750378396754	HARPS-pre
2456251.580474953	-1.6684698837926644	0.261648924715984	HARPS-pre
2456252.5638044383	-2.7491374938004802	0.36417665557297546	HARPS-pre
2456253.5571998484	-0.054761776166665235	0.3701942001726047	HARPS-pre
2456254.6078883256	-0.1629751660214666	0.17964396182280748	HARPS-pre
2456256.5958792064	-2.5377507012877247	0.2577183047246652	HARPS-pre
2456257.6027640672	-2.5677247443240185	0.21623168164904533	HARPS-pre
2456258.6039822237	-0.6822736565029447	0.24186909385363445	HARPS-pre
2456259.606904227	-1.8588263011685986	0.19846240009135935	HARPS-pre
2456262.6182990028	-0.8455916830999459	0.15764994237897884	HARPS-pre
2456263.632917297	-2.8823069737624025	0.2234309161715933	HARPS-pre
2456282.6254328694	2.080172817066502	0.22614906294896903	HARPS-pre
2456284.5921251844	-0.25247192814769165	0.2563901252902484	HARPS-pre
2456285.6025705272	1.364456628783788	0.1924236136887088	HARPS-pre
2456286.5919053885	-0.2506690724770683	0.3196554114397281	HARPS-pre
2456287.5836188584	2.235836912535342	0.19964643607469665	HARPS-pre
2456289.6031470243	-0.9925477146731871	0.3190852057065484	HARPS-pre
2456291.62558771	-0.10345255582153047	0.21774823427587278	HARPS-pre
2456292.6062565213	0.9617527121485075	0.31404150778540973	HARPS-pre
2456454.9346953426	-0.8335878013857072	0.23025491590129887	HARPS-pre
2456467.926826487	0.9655878602585499	0.20968340033702548	HARPS-pre
2456471.924604705	0.13517016017658423	0.3274361407468823	HARPS-pre
2456477.9095890964	0.6109673068364082	0.20129402407712763	HARPS-pre
2456498.903821377	1.4261808552936375	0.25257127837571397	HARPS-pre
2456509.9183821077	1.3241330444125112	0.20383015274280225	HARPS-pre
2456511.924836908	1.5445724123890572	0.21141079043312558	HARPS-pre
2456512.923894291	2.4988125467334488	0.3008359151562474	HARPS-pre
2456520.913872217	1.4124735050709736	0.3967942733101587	HARPS-pre
2456531.8580756434	2.033618559434558	0.36466460822147934	HARPS-pre
2456537.8847458	2.241509	0.790743	HARPS-pre
2456539.751335306	0.12414717089048402	0.3852774948038463	HARPS-pre
2456541.754062915	0.1523149576638169	0.36624430868868213	HARPS-pre
2456543.7717337687	-3.1320576216256484	0.30280433222709424	HARPS-pre
2456568.765540457	0.5368831446673966	0.17217157819327575	HARPS-pre
2456569.680216145	-0.39471954461007014	0.32352080495391494	HARPS-pre
2456570.6972735454	1.7129484140474251	0.22768426793144164	HARPS-pre
2456575.7233506925	-0.9036239330599116	0.2388026927213942	HARPS-pre
2456576.7756707105	-1.7914968024228304	0.2405447397113425	HARPS-pre
2456586.738276063	-0.36592576650123365	0.28606599615935013	HARPS-pre
2456589.7619718	-0.081657	0.887153	HARPS-pre
2456590.684719176	0.02923733184533657	0.2992464005908108	HARPS-pre
2456591.696465846	-0.30619798760537664	0.1934880919917338	HARPS-pre
2456592.6985415807	-0.2559453538436622	0.18705437325274157	HARPS-pre
2456593.668948473	0.9970315197851297	0.16071159687016448	HARPS-pre
2456594.677273438	0.7635848884851881	0.20594090010536464	HARPS-pre
2456599.6399854585	-0.2247845710957001	0.1864585006097751	HARPS-pre
2456600.6968833106	0.15778085097023029	0.1733851399948614	HARPS-pre
2456601.663433582	0.3623609785870895	0.20023988134359627	HARPS-pre
2456602.6559600667	0.6171471374996644	0.1896744275349139	HARPS-pre
2456603.687535437	1.2604909843108032	0.20288331607442928	HARPS-pre
2456604.6735834926	1.7039922171623345	0.133490653699602	HARPS-pre
2456610.6454570177	2.389245715803066	0.1703584137551043	HARPS-pre
2456611.5818992597	2.14352441627229	0.3108523785635886	HARPS-pre
2456612.617620639	2.369394665426678	0.1698877477251935	HARPS-pre
2456613.6342759947	1.1844331505355232	0.17493986251848337	HARPS-pre
2456614.623505436	1.102104574643097	0.14276921120880182	HARPS-pre
2456616.6236464824	0.9450193014817	0.21650895712285967	HARPS-pre
2456617.6248537987	1.2912947196721611	0.1713622061921201	HARPS-pre
2456618.6233086395	0.26597210037067476	0.20617951391139816	HARPS-pre
2456619.639978831	2.19148663875044	0.16745836144524287	HARPS-pre
2456620.6310529234	0.8578078121174441	0.2143712408799144	HARPS-pre
2456621.5689211655	1.0368850253337139	0.24671962951928542	HARPS-pre
2456622.6864906712	0.3412646006114439	0.14463775872481757	HARPS-pre
2456623.657471696	-0.22746513781857772	0.15701990147792297	HARPS-pre
2456624.6189887077	1.6481553492907957	0.1393715871293707	HARPS-pre
2456625.610680281	-0.21875629137002459	0.15389161300369003	HARPS-pre
2456626.618978335	1.8484146381502458	0.20206955645627597	HARPS-pre
2456627.7150757737	1.6218803966454127	0.25144422322403964	HARPS-pre
2456628.5949232928	0.49201017808792025	0.15850419242895813	HARPS-pre
2456629.6050800537	1.2318809122349215	0.1586760811148435	HARPS-pre
2456630.5204476905	1.143567406705337	0.3717093468748215	HARPS-pre
2456631.559059666	1.004284649313805	0.2519634184787235	HARPS-pre
2456632.5889746216	1.3442889983043502	0.20394627837335735	HARPS-pre
2456894.846252675	0.16866593616934566	0.35872502789613153	HARPS-pre
2456896.881061478	-0.6812195283738165	0.22594372324995243	HARPS-pre
2456903.7786010364	0.5889835145237864	0.2571183785252134	HARPS-pre
2456915.841856868	-0.690112016057596	0.14522906358037424	HARPS-pre
2456916.818431165	-0.05434062398547737	0.19815071686577268	HARPS-pre
2456919.7878383016	-0.8785152835778296	0.17011575040711657	HARPS-pre
2456920.81108311	-0.8357177327712478	0.1196078087276601	HARPS-pre
2456921.8359356215	-0.619914046637129	0.24924344801022613	HARPS-pre
2456922.8161700615	-0.39221842580461347	0.11629828706247755	HARPS-pre
2456924.7775830072	-0.14252943967658419	0.17287262730598274	HARPS-pre
2456925.777180163	0.07701981453813721	0.20964362427309416	HARPS-pre
2456926.7159918672	0.8088354908995863	0.25202961225982334	HARPS-pre
2456932.7938576373	-1.7778436754340825	0.2108614944724513	HARPS-pre
2456936.7621355252	-1.0386804665220646	0.31690298174471965	HARPS-pre
2456943.779092036	-1.7322966013715408	0.2577217385139107	HARPS-pre
2456944.737265486	-1.1026240447612978	0.25558336458959846	HARPS-pre
2456948.727773307	1.1680741028738084	0.3392168324953536	HARPS-pre
2456949.5571984444	1.503450717827974	0.3673801558370619	HARPS-pre
2456950.803982626	0.6931708227146228	0.2699080518330653	HARPS-pre
2456951.711921765	0.03585448032865385	0.2584353818537155	HARPS-pre
2456953.7601856086	-0.7175753461714213	0.24153965327389595	HARPS-pre
2456954.5659678993	-0.2557228072394237	0.3647604523193209	HARPS-pre
2456955.662588094	0.006807338832202494	0.23778500157354693	HARPS-pre
2456957.792180341	1.2318860460977286	0.3356361037589908	HARPS-pre
2456958.712059912	-0.19198262846081493	0.26087591961117934	HARPS-pre
2456959.585955733	-1.255150208585577	0.36432639065273437	HARPS-pre
2456989.6394205433	-0.8876831901688299	0.19939405395278437	HARPS-pre
2456990.6165132485	0.5047602535385699	0.18499356248222257	HARPS-pre
2456992.6222989596	-0.48671571496421995	0.21126034681355466	HARPS-pre
2456993.6071630716	-0.43832115674466743	0.1898329900787966	HARPS-pre
2456994.6253885655	0.08436737283522391	0.18817380388127	HARPS-pre
2456997.596503602	-0.5706948255409182	0.22604633553192816	HARPS-pre
2456998.5905798813	0.14466392407494116	0.21289168968675207	HARPS-pre
2456999.6510055833	0.7039415473497066	0.21009444624752652	HARPS-pre
2457000.586187608	-1.1122856311264173	0.25781541170173156	HARPS-pre
2457002.638315432	-0.5404718975881085	0.2695450013267206	HARPS-pre
2457003.6078576082	-0.0330457819372521	0.17704956018780993	HARPS-pre
2457008.5599093	-1.327665	0.8849599999999999	HARPS-pre
2457009.605664023	-0.5692285393836862	0.49217023702972773	HARPS-pre
2457196.955062409	-0.9370904709441176	0.570709334566371	HARPS-post
2457248.8882211484	-0.28913080868628077	0.4434553765836275	HARPS-post
2457249.9031831673	-0.2899405957583414	0.3222184944270137	HARPS-post
2457250.8871922526	-3.4029988328981315	2.8521929334129172	HARPS-post
2457252.9141792343	-0.06668864450797805	0.19119432312076393	HARPS-post
2457253.885125628	-0.8457559022916179	0.27430096597447423	HARPS-post
2457255.8524354845	0.4553123418053886	0.3155312635064124	HARPS-post
2457256.8909461037	0.14430813017430466	0.3104633825258523	HARPS-post
2457257.9051319454	0.6914227877769539	0.3373462050126129	HARPS-post
2457258.7808951833	-0.9947707006354127	0.3246461333989594	HARPS-post
2457260.803434433	-0.9343046531410528	0.1736737834482611	HARPS-post
2457263.8071795073	-0.6874077707466288	0.2402668620592207	HARPS-post
2457264.874996341	0.07111306222218344	0.21616875268703917	HARPS-post
2457265.8163200067	-0.2790324945975874	0.15493615550809783	HARPS-post
2457268.8346491726	0.004381009926802876	0.19763346262914902	HARPS-post
2457269.8384230677	-0.08664381770709798	0.14843613539804382	HARPS-post
2457270.8124916865	-0.04397475194633153	0.10197971659931344	HARPS-post
2457273.836778638	-0.11580771861382572	0.1654825155857642	HARPS-post
2457276.7692595813	-0.0728547275159433	0.16032917555547654	HARPS-post
2457277.7002372714	0.5493654511001247	0.21810119367855102	HARPS-post
2457291.817516521	-0.7841165035771833	0.141313970268827	HARPS-post
2457292.7383152037	1.2163411839358598	0.1588362084831837	HARPS-post
2457298.8109097	-2.037085	1.266416	HARPS-post
2457299.7589480486	-0.8085078301476777	0.15621358172071012	HARPS-post
2457300.756646494	-0.7994067717092437	0.21869920892666184	HARPS-post
2457301.639056836	-0.5024800008230311	0.6183683504883675	HARPS-post
2457302.786623139	0.06532331482550602	0.2841324793826487	HARPS-post
2457303.796163253	0.9787018588952955	0.18808333496235916	HARPS-post
2457305.753836489	-0.6263334711121602	0.2718970161126418	HARPS-post
2457306.8103642706	0.857724099867471	0.30882437722861206	HARPS-post
2457307.708222323	0.8261273196389889	0.16815752227746328	HARPS-post
2457308.7774694124	0.012824693703763951	0.2070115294806917	HARPS-post
2457311.731784971	0.5535878552278528	0.22936977157802485	HARPS-post
2457312.664890956	0.6923671743262876	0.18087822224650008	HARPS-post
2457324.7189405956	0.1673132519492869	0.3287234479535181	HARPS-post
2457325.6913367244	0.6554329278841065	0.1248694409100458	HARPS-post
2457326.6675740024	0.2507288281110845	0.5175489191352745	HARPS-post
2457327.6721696835	-0.832156972630993	0.23588138814276294	HARPS-post
2457328.6993132504	0.4558155068457956	0.21944545180768693	HARPS-post
2457349.711038378	1.0898431000377051	0.17943485193278758	HARPS-post
2457352.662537515	1.7340935429886342	0.29334073724285603	HARPS-post
2457353.644737837	0.8668322885070717	0.09534232517525863	HARPS-post
2457354.6313000624	0.42481484429211713	0.2173872833906188	HARPS-post
2457355.631759583	0.2771857369304586	0.24841479724753165	HARPS-post
2457356.649003932	0.7388197088828823	0.14061262620406098	HARPS-post
2457357.620016872	-0.030570552362478503	0.15809120120159256	HARPS-post
2457364.6333743837	0.12965209879187056	0.16654214683293253	HARPS-post
2457365.6464141025	-0.007791663312099	0.23170539000002222	HARPS-post
2457366.632894865	-1.052671923370539	0.1658254249731264	HARPS-post
2457367.64363896	0.6245434901578866	0.145749079718262	HARPS-post
2457370.579266446	-2.2662349047854895	0.44594279473579396	HARPS-post
2457389.600009411	-0.19418401336331592	0.23813046317054606	HARPS-post
2457395.608001343	0.3432385849125371	0.2527045508122858	HARPS-post
2457397.577031846	-1.1332863752130629	0.29837345270032906	HARPS-post
2457398.5755519033	-0.21408244259030246	0.34401193187435614	HARPS-post
2457399.5788180144	1.107100982883459	0.1757231127476923	HARPS-post
2457400.599235447	0.33244574776473423	0.25145073978155374	HARPS-post
2457674.723383983	-0.06772872793977165	0.30121164532383105	HARPS-post
2457679.807202768	-0.1975908527797104	0.569083122067676	HARPS-post
2457681.7613229	-2.075034	0.936243	HARPS-post
2457690.737555453	-0.5059725495375795	0.22655474543121915	HARPS-post
2457692.7533933436	-1.4025845514576534	0.2409222664922308	HARPS-post
2457694.7370920638	-0.18276903866548255	0.19536309805037108	HARPS-post
2457695.709848076	-0.998868872869328	0.18961380874093195	HARPS-post
2457697.733725434	-1.0086474008684132	0.2460343087544	HARPS-post
2457714.704754399	-0.94980351453658	0.5947230625625787	HARPS-post
2457716.6381711233	-1.3557106325552888	0.25626688191359764	HARPS-post
2457719.652819261	-1.2036057300426295	0.24849312868548704	HARPS-post
2457721.6528157666	-0.21842900808226545	0.19657886310307549	HARPS-post
2457728.5291145	-1.404256	1.037116	HARPS-post
2457730.518675605	-0.5647872565864194	0.20343306861578628	HARPS-post
2457733.5203963257	-1.2673245092111889	0.30390656946424016	HARPS-post
2457735.516278108	-1.4471080893856556	0.26047452846769475	HARPS-post
2457751.6137459683	-1.27692747701331	0.22386543785508037	HARPS-post
2457753.596006649	-1.4219892696620353	0.17725052446162776	HARPS-post
2457755.6043810747	-1.9822557450162819	0.27059919733162646	HARPS-post
2457782.528969827	-0.7607029854395666	0.24292382608787147	HARPS-post
2457784.5299870116	-0.9403663682320048	0.21219100617023515	HARPS-post
2457923.9048757097	-0.24941715102628798	0.1767979460036066	HARPS-post
2457945.869835408	-0.8701338310901935	0.33647873255138566	HARPS-post
2457948.9473272194	-2.5760349328924868	0.20425715804321015	HARPS-post
2457951.9311574	-1.245812	0.730308	HARPS-post
2457954.9309628587	0.1747551228703278	0.32576241566296915	HARPS-post
2457960.9411642	-0.735042	0.469882	HARPS-post
2457962.8554642955	-1.4025591457726099	0.5099696620243697	HARPS-post
2457965.876504097	-1.4548367263693578	0.6315818207606418	HARPS-post
2457968.8458486022	-1.477569056243031	0.3501139269295234	HARPS-post
2457970.88202458	0.08307957594816266	0.31124441337403513	HARPS-post
2457972.882061232	-1.0951664596356994	0.38732895280557045	HARPS-post
2457974.8246959127	0.5317044965176103	0.2721795363438447	HARPS-post
2457993.828256078	-0.50315676700542	0.31723675648669725	HARPS-post
2457995.8725835746	-0.6669601495113016	0.6316191523352298	HARPS-post
2457997.793944049	-0.36732933682788965	0.5639895613984905	HARPS-post
2457999.913639186	-4.177398069218238	0.39578141503191927	HARPS-post
2458000.923386867	-2.5950467070379184	0.4493888361216158	HARPS-post
2458002.907289128	-2.6783957735168613	0.5133017590062585	HARPS-post
2458086.627158582	0.006494656193130609	0.1260999247831941	HARPS-post
2458409.6725985	-0.096759	1.132164	HARPS-post
2458412.7234303	-0.557171	0.951615	HARPS-post
2458441.6429564087	-3.5700715886085135	0.21036668581999465	HARPS-post
2458767.6731348573	-1.3873630237275918	0.32843303246737926	HARPS-post
2458768.682611522	-0.5507814311060093	0.3105666614116105	HARPS-post
2458801.6594585082	-3.7799456527824926	0.18133927151453552	HARPS-post
2458818.6336715296	2.2957083463544974	0.07791326976293106	HARPS-post
2458819.510035591	3.3171004300844644	0.13908123607328501	HARPS-post
2458820.551697169	-0.7193547889747458	0.2776686082208287	HARPS-post
2458824.573470471	-0.5743554171796059	0.2689445684525793	HARPS-post
2458826.6144483676	-1.1404495810666155	0.3990836307357509	HARPS-post
2458857.630831811	-1.2722224912431728	0.40277741015985713	HARPS-post
2458892.541550091	-2.4865736773358806	0.4029011166623172	HARPS-post
2459159.6883383254	-0.0467949081209246	0.31163231729288215	HARPS-post
2459160.5666457345	1.637835765905727	0.4012802500840281	HARPS-post
2459162.7591165816	0.39846625298864585	0.4025492740900792	HARPS-post
2459172.6579159	0.856196	1.261062	HARPS-post
2459215.6168263573	-1.390869849452391	0.4033460274159149	HARPS-post
2459220.5234977	-0.525927	1.04182	HARPS-post
2459223.5320196	-1.83368	1.016506	HARPS-post
2459242.552173092	-0.3186662898994547	0.4028146847748936	HARPS-post
2459270.504975097	-1.2963186434675695	0.4064127016598999	HARPS-post
2459363.881571759	-1.1305498787339987	0.3677536170119672	HARPS-post
2459409.9422953	0.395871	0.855731	HARPS-post
2459410.9244271	-0.009233	0.829905	HARPS-post
2459433.8780246	0.087891	1.127709	HARPS-post
2459444.8731352	-0.780638	0.9745410000000001	HARPS-post
2459507.580261727	-0.11625242448717006	0.40481263325521494	HARPS-post
2459526.796883163	-0.08019285799369949	0.34244826743100876	HARPS-post
2459527.6008026386	-0.1685060226643464	0.3532251987703422	HARPS-post
2459567.5697006565	-2.4275639254244528	0.401897866137137	HARPS-post
2456515.9242920554	0.9162907757496807	1.2933882288886924	Levy
2456516.9451402174	-3.1521803653767657	1.5669040669583896	Levy
2456518.874651676	-1.5012776195664252	1.4833723332446032	Levy
2456525.871798	-0.14	2.218334	Levy
2456526.839721	-0.63	2.594533	Levy
2456530.908338	2.2	2.282914	Levy
2456534.8613694245	3.155165815897427	1.5128465794482824	Levy
2456535.8730964893	1.4611853284729526	1.6950072278890327	Levy
2456539.866020618	-2.7713456785826542	0.6290875714639106	Levy
2456540.8990367837	-1.671827366799027	0.6223274051961155	Levy
2456573.827082786	-1.3476181504899372	1.5905267185232537	Levy
2456574.927109	-2.41	3.179924	Levy
2456577.872244	-0.32	2.972418	Levy
2456582.892852815	-1.1480634000397407	1.2738196442729885	Levy
2456583.8322468204	0.2507087844171832	1.2466558754335006	Levy
2456588.8169197715	-1.6757647027871982	1.241590464005164	Levy
2456590.8270817064	1.0866411950452748	1.2896594164798008	Levy
2456591.8162091104	0.26081222962611583	1.2741555690137736	Levy
2456597.8568337476	-2.456225395525124	1.2100055557944198	Levy
2456606.7569098948	4.881141274540165	1.2379848544672127	Levy
2456607.8135946784	1.1017584941141136	1.2944986915077328	Levy
2456610.8502189675	-2.5441379176350813	1.193126823569056	Levy
2456611.811676048	-0.16071854212178294	1.2762373443444033	Levy
2456614.7657214804	0.598096140356333	1.3087382886266523	Levy
2456618.7848169385	-1.4749117424169935	1.1072338749670803	Levy
2456619.7607367644	0.6260988603838251	1.079334604933954	Levy
2456622.7489371886	3.4938253301558135	1.163995720005084	Levy
2456624.7485558353	0.19806396460342768	1.2471257758855254	Levy
2456626.727233519	3.5513732194074104	1.289949133751445	Levy
2456628.7250984767	1.687531262526925	1.1490384216558962	Levy
2456631.6875494774	-2.816839790668757	1.5992649393023137	Levy
2456632.7150268424	3.7776988103822227	1.207674288699025	Levy
2456644.6737881023	-0.6468527259282684	2.341602880146307	Levy
2456648.656640184	1.5529893210470014	1.2046452949393742	Levy
2456662.6574461316	0.41582659368633523	1.137327118838837	Levy
2456663.6621064236	-0.7422843770692209	1.244947433234496	Levy
2456671.7250752742	0.8853796692685107	1.287319136894215	Levy
2456674.720343968	-0.1937313247282888	1.303538738955611	Levy
2456675.6377445557	-3.3754913322718094	1.1803982027333426	Levy
2456678.707022951	-3.4834603448368937	1.2415694912909636	Levy
2456682.6173309465	-1.6426746664285081	1.2916933200399103	Levy
2456683.6545927953	-0.19865347060508318	1.2930291199874462	Levy
2456870.9970378303	-0.6294428853207465	1.4293835056129656	Levy
2456882.9977798243	-2.1257130504399098	1.48035786699776	Levy
2456886.9720515003	0.6731610602125981	1.4114761430211273	Levy
2456891.9700583867	-1.9723721976756576	1.6296906902372308	Levy
2456892.9337132294	-1.6923515327698386	1.5281667475619098	Levy
2456894.9398081247	0.45176102168207244	1.549830288753	Levy
2456895.954100061	-1.263728791665956	1.5905821502450672	Levy
2456898.960553085	-1.1727506818131626	1.491082721615362	Levy
2456900.978755676	-0.5611614983929161	1.5782976572287624	Levy
2456903.990467823	-1.0760718437770735	1.318145963474762	Levy
2456905.984481675	-4.093275484326451	1.3723122889059733	Levy
2456906.9764898014	-2.90410961168344	1.3828345711428218	Levy
2456908.954818951	-0.3373682361389456	1.4424850076024465	Levy
2456913.9202674096	-3.122265598234671	1.6337095166859386	Levy
2456915.9497338873	-7.693777206776296	1.784778759609778	Levy
2456917.944078545	-4.468385160194745	1.6286501376105595	Levy
2456924.930896945	1.0439196783976665	1.5553121915804924	Levy
2456933.8683903543	1.8773602094521136	1.4695006969803224	Levy
2456935.849411573	-1.9156556779805005	1.5295759390184362	Levy
2456937.8324392857	-3.4036671551210342	1.4826996221881041	Levy
2456941.8941699434	-1.3248187612892057	1.4854011894567491	Levy
2456949.8087923424	1.284110963991889	1.5040618358746602	Levy
2456967.806937677	0.39692532969460886	0.5345343186760982	Levy
2456970.7788477507	-1.7806552703598066	1.544490528278067	Levy
2456972.7665164974	0.664558419394616	1.3915766412748576	Levy
2456985.7195217106	0.08379507961572141	1.5515532703654975	Levy
2457015.6112518096	-1.2972973086454813	1.5440743251939522	Levy
2457026.6406954527	-0.49194089828507387	1.5159463865455811	Levy
2457034.6548895543	1.7364404012021617	1.5243165845408038	Levy
2457042.6544886366	-1.691590087085761	1.5795576531858813	Levy
2457044.6490709246	0.5116146646897968	1.5889124131639947	Levy
2457047.627509662	1.5516013818503125	1.570370325795999	Levy
2457049.618208	-2.01	3.5848219999999995	Levy
2457052.662235199	-2.356769588156786	1.5082809317709571	Levy
2457058.6001331364	-1.7171497953546042	1.5790344498951066	Levy
2457217.986793972	-0.09741268637763717	1.4532988534257574	Levy
2457219.00484775	1.1727753449132723	1.3478370699427478	Levy
2457221.9885382922	-0.4977278251326521	1.4679237726743872	Levy
2457222.9636760303	-0.12953540612498138	1.7277158860884545	Levy
2457227.9374766587	-1.5972540448770465	1.4183181558660896	Levy
2457229.9689764716	-1.3824246896030892	1.5103318128809213	Levy
2457232.942744872	-1.2105675100195463	1.4835531019026995	Levy
2457233.9318081327	0.7540888114251709	1.6478389452489584	Levy
2457235.9871402443	-1.360597118322518	1.601832312217892	Levy
2457238.944877412	-0.3914344439223236	1.458736956829797	Levy
2457243.9637433374	-0.6457176647874164	1.408917443409856	Levy
2457246.002849854	0.21904889287574453	1.4485214373109279	Levy
2457248.026775992	-2.9430704911143453	1.3603850900145975	Levy
2457256.9880232797	-4.579421665756636	1.646038177751354	Levy
2457259.0170730976	3.3838951416101377	1.495833718585525	Levy
2457260.986584131	0.6891574166669607	1.6506317297233084	Levy
2457262.996324526	-0.7545651436108676	1.6595082792851457	Levy
2457265.9754529535	-1.6670495240883643	1.308480609600876	Levy
2457268.014773133	1.2396515264307166	1.3695566370258159	Levy
2457269.9678890565	-2.3124681954145023	1.3714639215133368	Levy
2457271.9459354742	-3.776398588369464	1.3644946817536887	Levy
2457274.937429982	-4.848743525606306	1.42085490391642	Levy
2457283.9326610817	-3.367128532991816	1.6481373698912591	Levy
2457286.927735934	-6.212986991242192	1.5513185866689894	Levy
2457290.922471541	-2.010237342630099	1.4893060324040193	Levy
2457305.8368703034	-0.9236767114317139	1.3818943870103977	Levy
2457308.843983367	-4.811184404477723	1.538703422295877	Levy
2457318.769900025	-0.8613605297676156	1.441503902973949	Levy
2457321.7717470694	-0.5548884467938041	1.459761744420567	Levy
2457325.7941221306	-1.3285388090402552	1.437449491149803	Levy
2457332.767712187	-0.4195713720325024	1.0512863764948317	Levy
2457334.7507704212	1.070059084061616	1.41833132312597	Levy
2457337.7239828575	-1.755521592615652	1.0940507992569732	Levy
2457340.732543152	0.689974369995245	1.4102605540885733	Levy
2457347.6984123364	-1.9251875823747941	1.37849991458697	Levy
2457348.733019498	4.10979016243613	1.467841827469356	Levy
2457350.6870636	0.8844865595623712	1.0732354977504424	Levy
2457354.664203993	-1.160247359617113	1.6433297705313512	Levy
2457361.684428117	-1.7366120568036283	1.56982603425958	Levy
2457364.6910085217	-2.913032529808395	1.3578913599128308	Levy
2457365.685125702	-1.71919889632582	1.5465703217265354	Levy
2457407.7122533694	-1.8897566981511051	1.7806382395746294	Levy
2457415.6599671687	-1.2452811266206716	1.4173187770601794	Levy
2457424.654493159	0.007590100964494417	1.4551478119046506	Levy
2457426.626597317	-1.3559728092192507	1.55417326668985	Levy
2457427.62252884	-1.4387958977897382	1.826425007138762	Levy
2457443.6100342097	-1.2460796144462614	1.4584468390808514	Levy
2457581.982847998	-0.6370038026422011	1.435757371929387	Levy
2457583.0029981104	1.323525240064771	1.4552918866458346	Levy
2457584.9991832864	-0.5832942164373975	1.3272222248582208	Levy
2457603.987825932	-2.9189688466770773	1.3834155792559863	Levy
2457605.9549791487	-2.5841647089333386	1.7262231342550052	Levy
2457608.980050641	-2.1523651509781203	1.3770731342126694	Levy
2457613.9819698855	-3.488523565185999	1.4462320333307341	Levy
2457615.015099134	0.8787999022871475	1.4913462594659819	Levy
2457617.030911	-2.61	2.452052	Levy
2457618.0002100836	-0.2632524913011867	1.8735363557890985	Levy
2457621.9693967295	-4.348491904992617	1.6150994138881998	Levy
2457625.9784806115	-3.7626443850335294	1.4955762664232102	Levy
2457627.9823538745	-1.270367063681447	1.5617736642063884	Levy
2457629.9717035186	0.7900756351486811	1.4955105955017072	Levy
2457632.9860327803	-1.8132322199699837	1.324880801248175	Levy
2457641.9313354874	-4.6401761787163	1.6095706462018404	Levy
2457647.983322566	-4.289925310453685	1.5089288862813686	Levy
2457648.907742204	-1.4134387447665557	1.4711440538924603	Levy
2457649.9031593436	-0.7303724464207999	1.5020716671020413	Levy
2457668.859596673	-1.8646705415335199	1.4241349664275933	Levy
2457669.8470186517	-0.7507660857013536	1.4038207283403152	Levy
2457670.8174180156	-4.590889985203917	1.4647128855206704	Levy
2457674.79541659	-7.420515596402382	1.3822906350048303	Levy
2457682.7846653205	-1.262795877557251	1.3808058804193915	Levy
2457684.84006428	-3.7903164317048095	1.522170807001232	Levy
2457687.7787925065	1.5376882706059591	1.470165168968606	Levy
2457694.7126055635	-3.3462288610082345	1.2955976837814456	Levy
2457696.80029662	-2.946801541828532	1.3055451443735766	Levy
2457698.798333683	-4.194170866146348	1.3512680659315817	Levy
2457700.7712266427	-3.454435162589151	1.4818492198090294	Levy
2457702.76390235	-1.3460568909677237	1.4381539273905637	Levy
2457703.7481540698	-3.9437979154360976	1.515876898367682	Levy
2457705.738330658	-0.253918994629162	1.329667506860323	Levy
2457707.7091891356	0.2692108851613967	1.360999224803178	Levy
2457711.711593024	-2.268382941492633	1.2903292093049596	Levy
2457717.7206002995	-0.8936302201801821	1.3084873976124396	Levy
2457722.7278135223	-0.5306718722739014	1.3778875490158868	Levy
2457727.6790527985	1.7504190678543181	1.7030724742716548	Levy
2457741.7275386634	-2.9437810615141347	1.3859940403740127	Levy
2457743.7315177023	1.5249117751426133	1.4628156371631869	Levy
2457745.623661493	-0.12555949858755344	1.7274232122728752	Levy
2457749.677541535	-1.1526454223246914	1.030980604327984	Levy
2457751.635770964	-0.21688473750363269	1.3273646371702272	Levy
2457753.6882281457	-4.612750811328474	1.339416913445003	Levy
2457937.9914447623	-0.017315631290844596	1.4058388590672786	Levy
2457948.986889624	-5.897876110218969	1.5671673460129822	Levy
2457956.9739317195	-0.27885902187836153	1.774357238230131	Levy
2457961.934477371	-3.228787917695656	1.5647438728766472	Levy
2457962.953854963	-3.322073303338616	1.5043429810264166	Levy
2457964.9634913597	-3.4266463877405062	1.8481877884461517	Levy
2457966.9607359986	-0.257389669057993	1.5196005366860477	Levy
2457971.9577417728	-1.1772614031160655	1.5186169382051848	Levy
2457972.9634893755	-1.0868428901335534	1.4894818939932397	Levy
2457981.9909664444	-3.5770827662586777	1.302512368590286	Levy
2457982.9997879723	-2.462483715327978	1.6157886504125436	Levy
2457991.979245421	-1.8255458782868261	1.4375591192195918	Levy
2457995.974922795	2.3797858231276017	1.722487207142012	Levy
2457996.997942963	-0.7803473876255675	1.3154638450187908	Levy
2457997.957017448	-1.4819769490521881	1.3932645954565397	Levy
2458011.829820244	-1.0088498806514834	1.9923982585340434	Levy
2458022.9359775763	-2.463425192136996	1.4253435566372623	Levy
2458024.8919568546	-3.5709226411457538	1.4208308649546832	Levy
2458025.9326650957	-3.9007877308033656	1.452362210125405	Levy
2458027.783720064	-2.1620983054944096	1.818032377162601	Levy
2458031.876046352	-0.7780410471795248	1.314209391451664	Levy
2458032.860956795	-0.06251857965591479	1.3492686897565735	Levy
2458039.772275856	-4.985217026695716	1.3078533205385836	Levy
2458040.963655761	-2.6286211298947233	1.5116715231111872	Levy
2458041.899211322	-5.873160872203485	1.4055094394094403	Levy
2458042.9493417838	-1.8655245833069731	1.3956673001819067	Levy
2458045.817280148	-4.492245559734702	1.356307390922813	Levy
2458051.7082251324	-0.7483514556363329	1.7577315479659663	Levy
2458052.801507009	1.099413982166131	1.3711048814397597	Levy
2458053.778520417	1.4469339723782244	1.375253299214815	Levy
2458086.6882831706	-2.2582856388980286	1.87608304743961	Levy
2458088.6537203738	-2.0132782205508075	1.799067700140704	Levy
2458094.665680539	-1.1945746949713827	1.5318811053456112	Levy
2458109.712464893	0.6258138310731443	1.6240284439125992	Levy
2458110.733477	-3.28	2.257466	Levy
2458115.6315512424	0.2973620677891039	1.8192519703293402	Levy
2458119.7088872856	-3.360424433973172	1.6667502786783306	Levy
2458131.6596738365	-1.8676440022697547	2.08409044669026	Levy
2458152.5970703615	-0.4863359251525353	2.0115023268426366	Levy
2458155.599772585	1.746939373294662	1.5894037729117534	Levy
2458156.601131288	-1.1740803696339648	1.819455508966711	Levy
2458162.6064453777	-1.480663850148379	1.8171339660003212	Levy
2458165.605024777	-1.5422543082436349	1.3877844861980644	Levy
2458323.956685615	-3.0523166193067053	1.5388958564215252	Levy
2458329.982688	-0.73	2.429458	Levy
2458330.9463131377	-3.1309589071292585	1.5392391089286137	Levy
2458332.971539624	-3.66686761892913	1.5154313080997703	Levy
2458368.949964129	-8.20013093584864	1.3757424174964994	Levy
2458369.9652426317	-4.017848583508198	1.3860973809101604	Levy
2458372.922040009	-3.8271472663751664	1.4401068469445542	Levy
2458379.9157796553	-5.587570632970833	1.4904027656083634	Levy
2458389.916740599	-1.523904721130061	1.4986743588924203	Levy
2458390.9171296107	0.8794482735460591	1.4724399084699547	Levy
2458398.8674468077	-0.6066460488467962	1.301073993463157	Levy
2458399.866579258	-2.3979545704694702	1.46943587071132	Levy
2458400.8617596924	-3.157824828529262	1.3907170211426294	Levy
2458405.8526962083	-5.186159905305256	1.4715762095549185	Levy
2458410.8837024393	-2.3347836661867976	1.381183532932724	Levy
2458414.819257187	1.9594789461964854	1.3517695156610952	Levy
2458418.9010627978	-2.255466986696445	1.6739398870088191	Levy
2458419.805158251	-4.248089113293705	1.4373246638910915	Levy
2458448.7344486145	0.014744501082115585	1.3719493231953344	Levy
2458480.7038199576	-0.3255522506571922	1.526637440732994	Levy
2458488.622022102	-3.173707123620533	1.525976656919106	Levy
2458509.637730242	1.1100958732949298	1.2495212545636765	Levy
2458677.982079924	-2.1293780170056507	1.3285214359130695	Levy
2458681.982675579	-0.709304037825718	1.3867731521261173	Levy
2458719.982866522	-1.6203638507985128	1.471425798921808	Levy
2458752.8892216	-2.0499812819863488	1.3764750914837152	Levy
2458775.855652643	-1.089347623997106	1.4982800922435886	Levy
2458790.9174404247	-1.3495968227309587	1.0227741697507242	Levy
2458793.8874419644	-1.4363700652936229	1.18860213341535	Levy
2458794.8283744236	0.41569252974914783	1.1552412333305835	Levy
2458795.8018472935	1.3468035929422095	1.6037207050259406	Levy
2458798.8020669557	-2.2402135090666366	1.9914565725686633	Levy
2458799.7589791114	1.9359358578825545	1.500424629290416	Levy
2458800.739178906	-5.3260306796808425	2.185659193484317	Levy
2458804.8915732787	-2.8567952279786293	2.8813708385073364	Levy
2458805.7937379023	-4.618221216341031	1.726815435650584	Levy
2458806.7336671925	1.772298964119765	1.3295034167390187	Levy
2458808.819670091	1.8706646747130438	1.3931444089970382	Levy
2458809.878139194	0.12484856573018183	1.3642556738615552	Levy
2458813.8064092463	0.8568219948707974	1.2628188915111629	Levy
2449680.777142116	4.441843289499774	4.715047542961095	Hamilton
2449716.6554474146	8.079175637498334	2.47853473779805	Hamilton
2449750.6050718743	-1.14679042037114	3.6075865980062143	Hamilton
2449769.6244980874	2.0886898215563776	2.481908883608497	Hamilton
2449914.000408924	5.277095627754456	3.179277248691848	Hamilton
2449942.020508	-2.79	4.347601	Hamilton
2449943.025447184	-2.490424807687159	3.6856440065221165	Hamilton
2449944.018555	-0.42	4.669686	Hamilton
2449957.025391	14.46	3.9074259999999996	Hamilton
2449958.020508	4.65	3.9869399999999997	Hamilton
2449970.0200182004	6.865617721527632	2.5920964582917247	Hamilton
2449971.013957629	5.838701033130002	2.589207106001121	Hamilton
2449984.956055	-1.55	4.2093	Hamilton
2450002.9330735854	-9.458782251366806	2.213973741421108	Hamilton
2450003.9367845855	-11.409188297481833	3.3332703703997915	Hamilton
2450004.938477	-4.49	4.082805	Hamilton
2450011.874023	-2.13	3.88643	Hamilton
2450012.825195	6.93	4.324676	Hamilton
2450013.879883	8.92	3.643812	Hamilton
2450021.828125	0.81	3.7990390000000005	Hamilton
2450023.776367	4.64	4.0081	Hamilton
2450024.933369872	1.9858174199671266	3.679974252171973	Hamilton
2450025.794922	10.8	3.877	Hamilton
2450026.766602	11.6	4.155444	Hamilton
2450027.793945	10.25	3.926698	Hamilton
2450028.803711	5.86	4.453696	Hamilton
2450029.780273	8.03	4.095142	Hamilton
2450030.773438	5.71	4.340062	Hamilton
2450031.786133	1.48	4.318727	Hamilton
2450032.774414	1.94	3.9143309999999993	Hamilton
2450033.804688	-1.11	4.102632	Hamilton
2450041.774414	-1.19	4.161218	Hamilton
2450043.710938	-0.48	4.394315	Hamilton
2450044.74707	-4.72	4.011971	Hamilton
2450045.692383	-0.94	4.18895	Hamilton
2450046.763672	3.16	4.534467	Hamilton
2450048.802708	1.26	4.659092	Hamilton
2450073.686523	5.37	5.938513	Hamilton
2450087.695312	1.39	4.978994	Hamilton
2450088.731445	-1.2	4.664922000000001	Hamilton
2450089.716797	3.74	4.206001	Hamilton
2450091.640625	-21.68	5.155414	Hamilton
2450325.8615250615	7.619276890268608	3.7505420742765496	Hamilton
2450326.9273833055	4.532217580063248	3.514668434029353	Hamilton
2450327.932617	-3.21	5.32675	Hamilton
2450421.763672	9.09	4.729228	Hamilton
2450437.6934818258	2.2300737393827896	3.594994426966194	Hamilton
2450441.72245669	0.48737962892340936	4.24791106230507	Hamilton
2450641.0	9.79	4.678966	Hamilton
2450656.008841028	3.7023013951448487	3.675018172922718	Hamilton
2450656.993441901	5.353237043963674	3.2428319572555315	Hamilton
2450682.001076904	-1.4807728230006305	3.5992166352185695	Hamilton
2450767.744141	-2.47	5.554096	Hamilton
2450793.734992875	4.2908229872410315	3.932812351458408	Hamilton
2450794.757812	-0.42	5.192366	Hamilton
2451025.975586	5.89	5.606284	Hamilton
2451026.9795205346	-0.4752401140848306	4.130852241388868	Hamilton
2451028.003906	1.87	5.071506	Hamilton
2451045.029297	1.48	5.375867	Hamilton
2451046.993164	5.17	5.748431000000001	Hamilton
2451047.982422	8.43	5.959888	Hamilton
2451074.9361672103	-7.594011593206643	3.5457199068632788	Hamilton
2451100.922243105	-11.234984991736617	3.708797956675664	Hamilton
2451101.8989039036	-1.5402309097251285	3.4238967194435657	Hamilton
2451131.833984	1.71	5.730351	Hamilton
2451132.746040019	-2.9013382157579066	4.289369966084601	Hamilton
2451174.682617	0.98	6.372116999999999	Hamilton
2451175.694847932	1.7050944526074425	3.8137429440995567	Hamilton
2451206.6316560716	-3.545422594739111	4.3956140570829945	Hamilton
2451419.0122996843	4.814620470575969	3.609783693582602	Hamilton
2451420.0155138792	3.005105650095123	3.808794695040067	Hamilton
2451439.897606346	2.499024590838691	4.1600411279860765	Hamilton
2451440.883402242	0.19212355756429667	4.739692465420634	Hamilton
2451444.988205489	-3.53755486895162	4.848886206125056	Hamilton
2451445.9159446456	4.275402486976489	3.9362591815393264	Hamilton
2451446.9599287817	-2.298351152481093	4.1308236067025055	Hamilton
2451447.952646367	-5.322896171787305	4.0968859540245015	Hamilton
2451453.88766362	5.097397615978843	3.732656387544285	Hamilton
2451454.8303295556	6.34524120908583	4.584182615601532	Hamilton
2451467.896857693	-8.719595262979421	4.319894275463581	Hamilton
2451468.863028274	-7.499695057621283	3.465672435769643	Hamilton
2451482.878957838	-4.5142771229314915	4.954927115851951	Hamilton
2451496.7668071347	-3.4718115435874797	4.789726781255273	Hamilton
2451498.819336	-0.09	5.859585999999999	Hamilton
2451501.717773	-10.1	5.966577	Hamilton
2451533.746094	-13.05	7.176046	Hamilton
2451536.6673206626	-7.846291421861327	2.7810377105168094	Hamilton
2451539.6967294933	-4.579597816716529	1.7397688638705233	Hamilton
2451542.654297	-4.41	6.076126	Hamilton
2451543.647461	-8.93	5.933502	Hamilton
2451746.987305	7.5	5.500199	Hamilton
2451750.9627128714	1.2621652841400683	2.8451856902012613	Hamilton
2451751.993263046	4.958963551808557	2.4144128187432203	Hamilton
2451752.9636827726	4.953327164929595	2.921966529123584	Hamilton
2451775.0133640463	-1.2220999890331226	2.129021662810692	Hamilton
2451776.0192146744	1.9655444426354367	3.6692396011784494	Hamilton
2451780.0129469903	6.861407960073693	2.981359789961633	Hamilton
2451781.9193230984	3.6911339160106094	3.098876608266431	Hamilton
2451783.997524051	3.3501418767698308	3.068420462727361	Hamilton
2451798.9647548515	-0.563021034670773	3.8898168461831872	Hamilton
2451802.9895378817	2.8576220975166895	2.9290341681065217	Hamilton
2451803.9960093303	1.695613137419554	2.394006947674831	Hamilton
2451804.9737684745	-2.904320158040255	2.7740068144937364	Hamilton
2451805.896043321	-1.9576863293747437	3.5943408644349666	Hamilton
2451806.8630795297	-1.2496885866053402	3.019509771831641	Hamilton
2451807.895006125	-5.427192842567069	4.359155326198383	Hamilton
2451808.826603153	-6.254591580960783	4.32098685184192	Hamilton
2451811.8588007027	-2.8998476350177302	3.6579873573761006	Hamilton
2451812.9134696918	1.1281391783924748	3.752882478654103	Hamilton
2451813.868942019	-3.108622084009504	2.581196038426464	Hamilton
2451814.9232722083	-0.6873816738759178	2.4858311857676054	Hamilton
2451815.875227118	1.08187172298372	2.4491237585857366	Hamilton
2451816.9085531863	1.1824062157748203	2.6747230447348294	Hamilton
2451822.8536473634	2.9372508718973465	2.1431146892665396	Hamilton
2451823.8353135954	1.3642109192060328	2.236600370295401	Hamilton
2451824.8630732414	-4.222181759043547	1.8194215698189928	Hamilton
2451825.844835649	-3.4690845972444606	2.1295297066670007	Hamilton
2451826.842768985	-6.5150414019902225	2.1479813207355427	Hamilton
2451830.792467394	-8.667495202178564	3.8388392303178187	Hamilton
2451831.8252479555	-9.251726090222459	2.4920916596485063	Hamilton
2451833.8102991213	-2.8193309005896183	2.908960198648554	Hamilton
2451834.8172613946	-3.0715940062647045	2.0877090412943646	Hamilton
2451836.8173389216	-6.6494041748692005	2.2610256383216	Hamilton
2451837.7999049565	-7.8059042679141815	2.074301434659863	Hamilton
2451839.7563535925	-5.088831675576894	2.308999800167535	Hamilton
2450830.993477489	-8.442422275852278	1.5685829704016847	UCLES
2451118.076	-0.07	2.17	UCLES
2451121.078	3.23	2.23	UCLES
2451212.938	-2.14	1.9399999999999997	UCLES
2451235.904722951	-4.949229508196721	1.6580170360413307	UCLES
2451236.904	-0.49	2.3	UCLES
2451383.3370140838	-3.909998016364988	1.0040169370673857	UCLES
2451385.3411289556	-1.8082476033398618	2.441781665355834	UCLES
2451386.336592755	-1.0012952164626914	1.1933542462543383	UCLES
2451387.338	-3.91	1.37	UCLES
2451413.162	-6.2	1.67	UCLES
2451414.319	-0.53	1.56	UCLES
2451473.109	-3.11	1.86	UCLES
2451526.966	-0.5	1.91	UCLES
2451527.93	0.48	1.9000000000000001	UCLES
2451743.343	0.56	1.4599999999999997	UCLES
2451767.2877081325	-2.750858500727758	1.2074484612530776	UCLES
2451768.2911857124	-5.981499930111696	1.3782490241030954	UCLES
2451828.097	-3.32	2.0500000000000003	UCLES
2451829.009	-8.67	2.02	UCLES
2451829.985	-4.84	2.11	UCLES
2451856.095	-4.73	2.06	UCLES
2451856.928	-24.18	5.58	UCLES
2451918.986	-4.82	2.17	UCLES
2451919.978	-5.09	1.8200000000000003	UCLES
2452061.344	-5.65	2.42	UCLES
2452092.276	0.6	1.49	UCLES
2452093.3578894227	-1.1551482843189531	0.8810753653427121	UCLES
2452125.2384184045	-4.164664621066776	0.672573265031514	UCLES
2452126.1152138817	-2.758374717391579	0.6590550605483291	UCLES
2452128.352596338	-6.718667741782841	1.0764117318451314	UCLES
2452130.3521451456	-7.973565569662691	1.1228905009839056	UCLES
2452151.322923489	-4.017190439173713	1.3094974647337245	UCLES
2452190.1901833112	-2.149176191633942	1.2582869099668403	UCLES
2452421.340510101	-6.667912481578053	1.0500357139482586	UCLES
2452422.338113744	-5.392275415730338	1.1715944568134296	UCLES
2452423.3385320185	-5.671477977094536	1.101387820502956	UCLES
2452424.3435483715	-5.444175675180476	1.1626177443260297	UCLES
2452425.3404967636	-3.264951299721413	1.0924628142521184	UCLES
2452454.348513829	-1.7830750821967862	0.9949835218254519	UCLES
2452455.3494963367	2.911904736347779	0.9651813304612098	UCLES
2452456.344	2.63	1.62	UCLES
2452477.313	-0.41	1.66	UCLES
2452510.2802490275	-2.1890661478599225	1.1247567830476388	UCLES
2452511.1414766144	-2.5872571405904	0.8482298056942627	UCLES
2452591.9979898855	0.9267138088944245	1.0625040114763065	UCLES
2452593.057064493	0.8755666737310732	0.5909559324228383	UCLES
2452594.0290075666	0.2764920031282011	1.0635017336438362	UCLES
2452595.024249337	-2.652397446420159	1.140900855643071	UCLES
2452598.086632191	-0.5764406700781519	0.9658253029794961	UCLES
2452599.0702423165	-1.7128141893719766	0.6972399301900636	UCLES
2452600.1179592065	1.5856027437295634	0.9921868928150595	UCLES
2452654.9104521363	-1.1074985995824211	1.3974379629939069	UCLES
2452708.8869901216	8.071889109954503	3.014570343322663	UCLES
2452710.8769844957	-1.5920988715409115	0.9929081924764244	UCLES
2452711.884357158	3.4281258468933276	0.8735567745472231	UCLES
2452784.3375079986	-0.5026852842949747	0.8305272856637818	UCLES
2452785.3381001605	-4.665122062390797	2.0773651188942557	UCLES
2452857.2897546887	-4.709503669198453	0.9454170256881077	UCLES
2452858.232372647	-2.7275144641416156	0.8868315137563038	UCLES
2452859.261106364	-2.9378771494415883	1.056142180589134	UCLES
2452860.3429445056	0.7723794551682273	0.6777884724513276	UCLES
2452861.341961553	2.249839186691312	1.102474791292019	UCLES
2452943.1194743756	0.6140604467805517	1.2397490314464474	UCLES
2452943.9830927737	1.744130668056535	2.607283390096502	UCLES
2452945.13154253	3.8207582920559284	1.4068408523259754	UCLES
2452946.0773299984	8.693284117364586	1.907189704761663	UCLES
2452947.0736659886	13.334282485113274	1.6240022924220505	UCLES
2453003.959467601	-1.987615802224103	1.3060848232229907	UCLES
2453007.0575054055	-0.24759481096242617	1.3080902131900196	UCLES
2453007.9942295775	-3.717736844794799	0.8773024889668302	UCLES
2453040.946494382	-1.8197751301877862	1.258590483958994	UCLES
2453042.9359882358	-0.4072945572817548	1.2020191375016356	UCLES
2453044.903464847	2.53342335322676	1.7044919708259536	UCLES
2453214.253124061	-2.064118589791507	0.8081471727761002	UCLES
2453215.3419167246	-5.172970859944355	0.635255228223108	UCLES
2453216.2825386515	-0.7448919413158221	1.0935541928133201	UCLES
2453217.348478471	-0.49679221000435286	1.1482491611323007	UCLES
2453218.3012272157	-2.112068154918566	0.6788648119177271	UCLES
2453243.3205411066	0.5999884279249714	1.199027350727382	UCLES
2453245.316011195	-0.2982136734157268	1.0911509126389065	UCLES
2453246.1097988687	-2.5069869239838822	1.5052956007571097	UCLES
2453281.155529308	2.7594843192701752	1.3241148746289098	UCLES
2453282.199571943	3.734930030561364	1.4066605063347408	UCLES
2453283.166533516	0.3006206896551725	1.26548413654995	UCLES
2453398.9289997113	-0.001764824147453048	0.6803324274700465	UCLES
2453399.985417561	-0.7466142460991323	0.6390292938807939	UCLES
2453400.9229947235	0.2090748174855885	0.6994793218971135	UCLES
2453402.937274805	-1.0892394878550065	0.8271896771427758	UCLES
2453403.933517472	-0.1880852296943979	0.7774663060047482	UCLES
2453404.9677915084	-3.6042225064760984	0.7384241331904796	UCLES
2453508.3389591114	-0.30504899978428246	1.012974040608827	UCLES
2453516.344384943	-4.8945138480654276	0.9480673654332531	UCLES
2453517.3485794114	-3.7836191259153353	0.8380443738198717	UCLES
2453520.347898971	-3.4732965879010336	0.8499293873433003	UCLES
2453522.3453261713	-4.016019716007152	0.9198272153122875	UCLES
2453523.351691094	-2.1034939586643864	0.5667617536603501	UCLES
2453569.3450113293	-1.6202076417571203	1.0278240742017781	UCLES
2453570.3494817764	-0.23065845220056952	0.7579939115070611	UCLES
2453571.346001014	-2.4426956899957846	0.8377117495639271	UCLES
2453572.347336727	0.38996587591506343	0.7942891507493085	UCLES
2453573.243974505	0.6433757120854796	0.7114116950242391	UCLES
2453574.303712965	-0.5852463137822983	0.7323994776609767	UCLES
2453576.2440472166	-0.7390689806376634	0.7565065825697925	UCLES
2453577.243505407	-0.2742602189315154	0.7932229617069623	UCLES
2453579.2634841544	-2.5058585593810165	0.7823707042554792	UCLES
2453615.16566559	-1.9931389227933045	0.6423439195395328	UCLES
2453619.168332481	-0.0835478511564271	0.5853178668905556	UCLES
2453620.1414860515	0.09491237212010228	0.5930012662958334	UCLES
2453621.1376626235	3.3642242395418718	0.5552961207766097	UCLES
2453622.138685895	1.8526392973639172	0.5460268541340024	UCLES
2453623.156416069	0.9018805912140646	0.5531012543022059	UCLES
2453626.2529816087	-5.3145272840101025	0.8170608461211005	UCLES
2453628.2191930003	-3.6449709020797383	1.1172122704191154	UCLES
2453629.1588403126	-0.8706288541445231	0.91077398001024	UCLES
2453632.2209532447	0.03292297947263556	0.9345660567400801	UCLES
2453665.1392300846	-1.2917936897429954	0.9034711815925882	UCLES
2453666.1367942616	-1.2335820905758679	0.9078493229239657	UCLES
2453668.168497406	-2.968277421640881	0.9665574296502095	UCLES
2453669.164675353	-3.1945941611205337	0.9558400105467689	UCLES
2453670.1484227246	-3.065939074757258	1.0552631591525317	UCLES
2453671.19120728	-3.9451692125802147	0.99796483179262	UCLES
2453698.0741272876	-1.0215189177808068	0.934430990345055	UCLES
2453700.080882367	-1.8629241753786758	0.9551294590102432	UCLES
2453702.101539308	-2.238797604606372	0.9834393563781111	UCLES
2453703.1116999667	-0.8504235308677318	0.9379081909694299	UCLES
2453749.971476992	0.6939866740127711	0.8590284378227552	UCLES
2453938.34850997	0.6376857088577299	0.9377611066950742	UCLES
2453942.348924456	-2.1732690097485166	0.7517990280141615	UCLES
2453945.339358344	-2.020587036062071	0.7094111802949411	UCLES
2454008.206068761	-1.5823556055723458	0.8679475193051343	UCLES
2454009.165	2.95	1.9399999999999997	UCLES
2454011.1797472136	1.9917505685905665	0.9395756961726767	UCLES
2454012.159548385	3.1936985820001267	0.9264654180246867	UCLES
2454014.216981698	-0.3489300628261318	0.8840169914005843	UCLES
2454015.1629203707	0.3125198487499474	0.9279970315750626	UCLES
2454018.182712797	-1.5664783532273832	1.0054857192692943	UCLES
2454038.1451367605	5.965823868218325	0.8634403753636536	UCLES
2454039.11328278	7.335335015679899	1.048403682391136	UCLES
2454041.095579861	2.1522295131048703	0.9304169932831861	UCLES
2454110.935987699	-4.339260449449712	0.8674852702216518	UCLES
2454111.92400774	-2.0026489746615104	0.6168858184886468	UCLES
2454113.010060819	-4.764186744997522	0.7296181946695919	UCLES
2454113.919086539	-3.821296545572815	0.7981860480273086	UCLES
2454114.915965834	-2.1216633675621726	0.8946491269864295	UCLES
2454118.9450188098	0.03798734648377723	0.5271009228649127	UCLES
2454120.980009868	-0.6018621745802476	0.441388715174698	UCLES
2454125.9742403743	1.9789911202912869	0.502961404474478	UCLES
2454126.9700737055	0.5902363716528322	0.4925824301581481	UCLES
2454127.9777248628	-1.125546395047357	0.502016862876929	UCLES
2454128.972231215	-1.0107277662661598	0.46299736194607644	UCLES
2454129.9945772802	1.042785929327033	0.5941620856197236	UCLES
2454130.972169104	-1.9711735149114915	0.5006490601683121	UCLES
2454131.9878027206	-1.5992715088348786	0.5613179619296292	UCLES
2454133.9847500916	-2.846816975741119	0.5425634929456811	UCLES
2454136.9236261225	-1.1619008778486548	0.4603261635762567	UCLES
2454137.957121524	-4.466560270613194	0.5926756780654779	UCLES
2454139.910352322	-3.121562427667418	0.5720355086499196	UCLES
2454140.973990509	-1.5822040463614007	0.6078334729596339	UCLES
2454142.9232423897	-2.3830859067060475	0.5781007548288177	UCLES
2454145.93664623	-1.5917631617180523	0.5547378534020292	UCLES
2454146.9067747705	0.026065912245331908	0.7845920962257915	UCLES
2454149.919661803	-1.1710611916357234	0.5522620902509152	UCLES
2454154.8985216864	-2.946544953289093	0.6737910811368596	UCLES
2454255.327014439	-2.5722418879056046	1.0775539701606187	UCLES
2454334.2249847106	-5.708023362265106	0.8728942833672575	UCLES
2454337.061884861	-8.363679344425403	0.9412795108995382	UCLES
2454338.3376086173	-5.871918112832799	0.9687109738493026	UCLES
2454369.172420639	4.947837943430953	0.7318334731537545	UCLES
2454372.1558653465	3.555486718025014	0.8897278099536631	UCLES
2454425.120080617	-5.318274423714884	0.8991894729977679	UCLES
2454427.035	-8.41	3.82	UCLES
2454429.9954421334	-2.839278418713133	0.8245411454287278	UCLES
2454431.021560052	-3.6100099181140397	0.8199839675584961	UCLES
2454432.012030398	-3.698289083083473	1.2827479213398656	UCLES
2454755.131810652	-5.668547652291	0.9574963685887556	UCLES
2454776.0917680184	0.8148286167220223	0.9263339120654471	UCLES
2454840.916	-5.23	1.38	UCLES
2454845.924	-5.68	1.35	UCLES
2454897.900253445	-1.926750589686121	1.1404016009362181	UCLES
2455014.25371815	-4.64462223583461	1.4137862727848416	UCLES
2455020.3419343564	-2.4119296929503546	0.9074918911856024	UCLES
2455021.338016041	-1.3773422915484623	0.6887860724354791	UCLES
2455024.34656634	-2.7642612768725554	1.1576004696571818	UCLES
2455029.327653183	-2.5885875180524303	0.9197532253886644	UCLES
2455030.287039773	-2.529662685031228	0.6373749914395958	UCLES
2455031.2460575635	-3.4155124686160527	0.7558546536105073	UCLES
2455032.2931873817	-4.852186778881092	0.6502216967029307	UCLES
2455033.2833637292	-1.2621761806681095	0.7704376399612324	UCLES
2455035.3569916724	-7.601063956148038	0.9802721454002686	UCLES
2455036.3429718325	-3.8749293330027275	1.0040169370673857	UCLES
2455037.291561568	-2.5593831000124925	0.5932134379977582	UCLES
2455040.2672113026	-5.7717859656887045	0.8952370487925888	UCLES
2455041.292696231	-5.795808275297009	1.4794190927893933	UCLES
2455042.2276147422	-4.437442336650031	1.0676001527854537	UCLES
2455043.2435695753	-5.984337923986569	1.4035126722994606	UCLES
2455044.3380571883	-4.566780486969451	0.9271029340396528	UCLES
2455045.2943169326	-7.9479274091196555	0.9079622064349538	UCLES
2455046.3353572134	-5.272376457785216	0.8002987428854417	UCLES
2455048.2293274286	-4.06825563215432	0.6864326939158867	UCLES
2455049.3388775573	-3.819766078762409	0.7284450385240311	UCLES
2455050.335805059	-4.23721867219652	0.6769647722130079	UCLES
2455051.2969106464	-5.211371275779575	0.6383566929610652	UCLES
2455052.2886251844	-3.0807195199643638	0.6179198821383907	UCLES
2455053.2461274727	-5.124698042651876	0.5534206506250268	UCLES
2455056.335847731	-3.0255518150539644	0.6798819309908155	UCLES
2455058.3220004356	-4.9517531342424075	0.6412320216415197	UCLES
2455060.2213221714	-7.288946523032342	0.5765076861367407	UCLES
2455077.1516225133	-7.206095237960905	0.8546436710414353	UCLES
2455101.136092286	-1.9264741798822649	1.1050389545095596	UCLES
2455102.210027232	-2.3017351232472496	0.9969936985367476	UCLES
2455104.2097770423	-0.14673751843624605	0.881047869212196	UCLES
2455106.219507428	-2.1205536300649164	1.1108015264016753	UCLES
2455107.194924517	2.8573449565573137	0.9153676038491093	UCLES
2455108.226709872	1.3228455047882082	1.177146923287557	UCLES
2455109.290993164	-2.247110461611373	1.10839223336301	UCLES
2455110.2865243386	-3.5526517993305804	0.972908649961683	UCLES
2455170.025518518	-3.50913564488474	1.1454475141273384	UCLES
2455201.015760289	-1.4839281888722822	0.9850892442178201	UCLES
2455203.9665227607	-4.385004225647701	1.164429757859584	UCLES
2455207.985374642	-3.121456098085779	0.9488677618570378	UCLES
2455208.9736586353	-4.004080656159932	0.946819236968137	UCLES
2455229.909267249	5.972046287999239	3.860176785330336	UCLES
2455426.2539819195	-8.237422106899714	0.899652714141837	UCLES
2455461.144306712	-4.274324912740756	1.0596862155950666	UCLES
2455463.2214789223	2.258408706565419	1.019172786596435	UCLES
2455492.202019914	-4.621403348300133	1.1738217793008114	UCLES
2455520.0259353793	2.240128647353672	0.9342576764378246	UCLES
2455521.0518645355	7.290562773597305	1.0250956849799961	UCLES
2455521.9785724864	8.144660439878574	0.946609529294685	UCLES
2455585.9405690264	4.514475798977838	1.1080756868444077	UCLES
2455602.9083086723	2.4703824730253388	1.0606597161521223	UCLES
2455603.9167984957	2.2394244163839123	0.9577040111682631	UCLES
2455751.3379293596	8.07115943728644	0.8716459615367126	UCLES
2455754.341240464	6.326618534028034	0.6360572760539116	UCLES
