time	mnvel	errvel	tel
2455110.97566	-8.35	1.18	HIRES-post
2455171.90373	-3.67	1.2	HIRES-post
2455188.78474	7.34	1.12	HIRES-post
2455231.75904	-13.07	1.07	HIRES-post
2455255.70994	3.24	0.99	HIRES-post
2455255.71057	2.36	1.12	HIRES-post
2455260.71455	7.49	1.06	HIRES-post
2455261.72057	1.66	1.38	HIRES-post
2455426.1442	-15.62	1.01	HIRES-post
2455427.14748	-17.83	0.97	HIRES-post
2455434.14679	9.93	0.9	HIRES-post
2455435.14572	5.52	0.93	HIRES-post
2455436.14394	-1.49	1.01	HIRES-post
2455437.14855	-3.78	1.05	HIRES-post
2455438.15014	-10.02	0.88	HIRES-post
2455439.14764	-12.77	0.9	HIRES-post
2455439.14816	-8.83	0.87	HIRES-post
2455439.14869	-11.15	0.98	HIRES-post
2455440.15013	-16.07	0.94	HIRES-post
2455441.14849	-16.73	0.97	HIRES-post
2455456.01336	5.48	1.05	HIRES-post
2455465.07044	-10.52	1.02	HIRES-post
2455469.12459	8.43	0.95	HIRES-post
2455486.99949	-11.29	1.09	HIRES-post
2455500.98188	0.95	0.96	HIRES-post
2455521.88821	-12.6	0.98	HIRES-post
2455542.94698	-12.52	1.14	HIRES-post
2455613.70484	-0.15	0.97	HIRES-post
2455791.1383	3.34	0.89	HIRES-post
2455792.134	-12.31	1.01	HIRES-post
2455793.13786	-17.59	0.86	HIRES-post
2455795.13964	-7.73	0.87	HIRES-post
2455797.13722	-2.02	0.81	HIRES-post
2455798.14081	-3.27	0.87	HIRES-post
2455807.10971	-3.42	0.99	HIRES-post
2455809.13465	-0.02	1.0	HIRES-post
2455870.98515	4.78	1.19	HIRES-post
2455902.89679	1.2	1.31	HIRES-post
2455902.89854	2.21	1.27	HIRES-post
2455902.8995	2.44	1.23	HIRES-post
2455960.69892	-7.09	1.24	HIRES-post
2456138.13079	0.69	0.98	HIRES-post
2456149.13228	-0.84	1.21	HIRES-post
2456149.1328	0.49	0.87	HIRES-post
2456149.13333	0.02	0.84	HIRES-post
2456173.12962	4.25	1.04	HIRES-post
2456202.99351	21.96	1.17	HIRES-post
2456202.99423	20.91	1.09	HIRES-post
2456202.99498	17.69	1.04	HIRES-post
2456327.70149	18.31	1.07	HIRES-post
2456343.70377	14.36	1.04	HIRES-post
2456530.11637	9.59	1.01	HIRES-post
2456532.12074	9.93	0.95	HIRES-post
2456587.96188	18.93	1.08	HIRES-post
2456613.90524	10.55	1.03	HIRES-post
2456637.81061	22.28	1.08	HIRES-post
2456638.78691	28.91	1.05	HIRES-post
2456674.8042	13.1	1.11	HIRES-post
2456708.78373	3.76	0.92	HIRES-post
2456884.13063	12.91	1.04	HIRES-post
2456889.14604	21.35	0.8	HIRES-post
2456890.1462	13.97	0.87	HIRES-post
2456894.13882	9.62	0.87	HIRES-post
2456896.10998	16.77	0.84	HIRES-post
2456911.01977	12.49	1.04	HIRES-post
2456911.02031	15.35	1.15	HIRES-post
2456911.02087	13.48	1.04	HIRES-post
2457234.13935	11.0	0.87	HIRES-post
2457241.13738	9.2	0.93	HIRES-post
2457241.13792	8.44	0.98	HIRES-post
2457241.13846	8.78	0.89	HIRES-post
2457243.14321	3.39	0.89	HIRES-post
2457245.14538	5.26	0.9	HIRES-post
2457246.1424	4.32	1.08	HIRES-post
2457247.14667	-2.18	0.93	HIRES-post
2457254.14817	11.92	0.86	HIRES-post
2457255.15163	9.21	0.89	HIRES-post
2457256.15079	8.49	0.87	HIRES-post
2457291.04329	9.93	0.99	HIRES-post
2457326.97811	7.24	1.15	HIRES-post
2457353.87669	-1.58	1.16	HIRES-post
2457378.78618	1.86	1.15	HIRES-post
2457384.77807	12.16	1.14	HIRES-post
2457401.74895	11.53	1.09	HIRES-post
2457672.99051	0.0	1.12	HIRES-post
2457678.97507	-11.73	1.13	HIRES-post
2457703.95522	-22.95	1.4	HIRES-post
2457703.95574	-8.71	1.14	HIRES-post
2457703.9563	-14.87	1.01	HIRES-post
2457712.98787	-6.46	1.12	HIRES-post
2457789.74972	-15.25	1.2	HIRES-post
2457790.73693	-8.37	1.07	HIRES-post
2457803.70515	-2.63	1.12	HIRES-post
2457804.70835	-5.78	1.19	HIRES-post
2457806.79336	-12.07	1.13	HIRES-post
2457828.75759	-13.71	1.12	HIRES-post
2457829.72191	-20.16	1.02	HIRES-post
2457830.72302	-11.47	1.13	HIRES-post
2458000.15153	-2.54	0.85	HIRES-post
2458001.14963	-1.08	0.98	HIRES-post
2458003.14906	-10.19	0.92	HIRES-post
2458029.93422	-9.5	0.97	HIRES-post
2458065.89895	-9.1	1.26	HIRES-post
2458091.90487	-15.56	1.26	HIRES-post
2458124.85244	7.88	1.08	HIRES-post
2458125.68778	-4.68	1.03	HIRES-post
2458150.70119	-26.74	1.42	HIRES-post
2458154.70197	-8.88	1.08	HIRES-post
2458181.74754	4.19	1.31	HIRES-post
2458346.14351	-4.13	0.89	HIRES-post
2458350.1433	-10.71	0.91	HIRES-post
2458367.04366	10.14	1.08	HIRES-post
2458384.0569	-14.49	0.97	HIRES-post
2458386.02112	-6.5	0.97	HIRES-post
2458387.01296	0.6	1.05	HIRES-post
2458387.9895	2.9	1.06	HIRES-post
2458390.04337	10.69	1.0	HIRES-post
2458392.05486	5.81	1.06	HIRES-post
2458394.07252	-6.6	1.08	HIRES-post
2458396.02999	-9.88	1.13	HIRES-post
2458396.96433	-3.51	1.25	HIRES-post
2458426.91644	12.93	1.03	HIRES-post
2458439.00289	5.48	1.28	HIRES-post
2458443.87632	-9.39	1.05	HIRES-post
2458443.87686	-7.02	1.08	HIRES-post
2458443.87738	-7.44	1.23	HIRES-post
2458462.84862	-3.87	1.16	HIRES-post
2458462.84917	-4.31	1.08	HIRES-post
2458462.84971	-3.18	1.08	HIRES-post
2458476.76721	-2.38	1.12	HIRES-post
2458476.76772	-1.32	1.12	HIRES-post
2458476.76828	-0.11	1.02	HIRES-post
2458490.75365	2.35	1.08	HIRES-post
2458490.7542	1.48	1.18	HIRES-post
2458490.75477	1.01	1.04	HIRES-post
2458532.72009	-3.35	1.11	HIRES-post
2458568.71354	-6.12	1.13	HIRES-post
2458568.7141	-8.72	1.1	HIRES-post
2458568.71464	-6.83	1.15	HIRES-post
2458569.71469	-7.26	1.04	HIRES-post
2458569.71523	-6.93	1.08	HIRES-post
2458569.71577	-8.54	1.13	HIRES-post
2458714.1478	-7.2	1.07	HIRES-post
2458715.14927	-1.1	0.89	HIRES-post
2458716.14824	-1.3	0.91	HIRES-post
2458723.15265	11.17	0.95	HIRES-post
2458724.15271	4.37	0.96	HIRES-post
2458733.14987	3.35	0.97	HIRES-post
2458744.1534	-2.36	1.04	HIRES-post
2458776.93294	-1.02	1.13	HIRES-post
2458794.90804	10.64	1.18	HIRES-post
2458795.96598	12.58	0.95	HIRES-post
2458796.96721	10.75	1.07	HIRES-post
2458797.97003	6.36	1.04	HIRES-post
2458798.91964	12.6	1.13	HIRES-post
2458802.90152	-0.29	1.04	HIRES-post
2458819.92169	-0.85	1.08	HIRES-post
2458819.92234	1.71	1.15	HIRES-post
2458819.92297	-2.07	1.09	HIRES-post
2458880.77539	13.91	1.09	HIRES-post
2458905.7053	8.27	0.93	HIRES-post
2458906.70572	13.13	1.07	HIRES-post
2458907.70588	12.63	1.04	HIRES-post
2452949.789557	-22.380712	0.907697	HARPS-pre
2452949.7904678	-21.867578	0.904965	HARPS-pre
2452949.7913657	-22.893235	0.903774	HARPS-pre
2453001.5982762	-11.7353	0.831164	HARPS-pre
2453039.5955468	-10.830455	0.914953	HARPS-pre
2453039.5970117	-11.418737	0.908943	HARPS-pre
2453039.5983761	-10.989094	0.908074	HARPS-pre
2453261.8440195	-16.853164	0.936376	HARPS-pre
2453261.8450268	-15.146707	0.948745	HARPS-pre
2453261.8460819	-18.845449	0.927661	HARPS-pre
2453279.8244686	-1.896858	0.900342	HARPS-pre
2453279.8264717	-3.000661	0.901866	HARPS-pre
2453287.7960767	-22.778011	0.923426	HARPS-pre
2453287.7967758	-21.884721	0.93129	HARPS-pre
2453287.7974674	-22.35857	0.94924	HARPS-pre
2453287.7981709	-22.361376	0.944744	HARPS-pre
2453287.7988849	-22.671639	0.956627	HARPS-pre
2453287.7995671	-22.411823	0.96253	HARPS-pre
2453287.8002616	-22.285107	0.951483	HARPS-pre
2453287.800998	-20.624145	0.95538	HARPS-pre
2453287.801669	-21.687883	0.961159	HARPS-pre
2453287.8024082	-23.23486	0.981639	HARPS-pre
2453304.6964648	8.972834	1.472811	HARPS-pre
2453304.6972646	6.430661	1.225472	HARPS-pre
2453304.697984	6.356782	1.030946	HARPS-pre
2453304.6987454	7.850456	1.049627	HARPS-pre
2453304.6995351	6.15108	0.967815	HARPS-pre
2453304.7002662	6.830033	1.042506	HARPS-pre
2453304.7010913	9.022258	1.105864	HARPS-pre
2453304.7018484	8.52959	1.044503	HARPS-pre
2453304.7026148	7.488804	1.072739	HARPS-pre
2453304.7033806	7.322771	0.929164	HARPS-pre
2453304.7041626	7.12406	0.928715	HARPS-pre
2453304.7049299	7.920104	0.927594	HARPS-pre
2453304.7057184	7.358981	0.933187	HARPS-pre
2453304.7064709	7.043615	0.977003	HARPS-pre
2453304.707239	6.894553	1.004509	HARPS-pre
2453304.708036	7.661625	0.99177	HARPS-pre
2453304.7088029	6.531719	1.140933	HARPS-pre
2453304.7095834	6.325989	1.392204	HARPS-pre
2453304.7103512	7.622473	4.953595	HARPS-pre
2453304.7110807	1.12117	2.383545	HARPS-pre
2453304.7118661	5.710993	5.326102	HARPS-pre
2453304.7126508	8.292432	3.855694	HARPS-pre
2453304.7134311	5.717294	2.434303	HARPS-pre
2453304.7142071	5.028589	1.839708	HARPS-pre
2453304.7149577	7.324855	1.379694	HARPS-pre
2453304.7156953	6.383281	1.334665	HARPS-pre
2453304.7164635	8.760367	1.320051	HARPS-pre
2453304.7172268	6.880916	1.243897	HARPS-pre
2453304.7180071	6.563566	1.074507	HARPS-pre
2453304.7187501	6.323817	1.048541	HARPS-pre
2453304.7195087	6.075864	1.185398	HARPS-pre
2453304.7202933	7.970216	1.108011	HARPS-pre
2453304.7210363	5.892146	1.158945	HARPS-pre
2453304.7218363	6.665915	1.132159	HARPS-pre
2453304.7226212	6.695866	1.120551	HARPS-pre
2453304.72334	7.492515	0.999015	HARPS-pre
2453304.7241054	6.315984	0.976074	HARPS-pre
2453304.7248699	7.986094	0.99181	HARPS-pre
2453304.7256415	6.973746	0.954011	HARPS-pre
2453304.7263994	6.814754	1.012886	HARPS-pre
2453304.7271754	6.770698	1.003039	HARPS-pre
2453304.7279223	6.620664	0.981595	HARPS-pre
2453304.7287391	7.941921	0.955945	HARPS-pre
2453304.7294933	6.824784	0.94956	HARPS-pre
2453304.7302544	6.7452	0.961609	HARPS-pre
2453304.7310334	7.711097	0.9724	HARPS-pre
2453304.7318172	6.705052	0.957643	HARPS-pre
2453304.7325561	7.544958	0.966464	HARPS-pre
2453304.7333172	7.67212	0.952717	HARPS-pre
2453304.734137	6.872879	0.945835	HARPS-pre
2453304.7349067	7.176654	0.94103	HARPS-pre
2453304.7356624	7.509558	0.936047	HARPS-pre
2453304.7364325	5.685105	0.951742	HARPS-pre
2453304.7372121	6.004622	0.940032	HARPS-pre
2453304.7379627	7.060855	0.92627	HARPS-pre
2453304.7387155	6.997846	0.926598	HARPS-pre
2453304.7394914	6.841446	0.936994	HARPS-pre
2453304.7402616	6.618975	0.934446	HARPS-pre
2453304.7410458	6.806436	0.968377	HARPS-pre
2453304.7418227	6.904226	0.957695	HARPS-pre
2453304.7426116	7.342054	0.930376	HARPS-pre
2453304.7433733	5.984121	0.948185	HARPS-pre
2453304.7441507	7.006238	0.950029	HARPS-pre
2453304.7449207	6.779758	0.977311	HARPS-pre
2453304.74568	6.100122	0.993507	HARPS-pre
2453304.7464533	6.864481	1.001204	HARPS-pre
2453304.7472247	7.256194	1.094875	HARPS-pre
2453304.7479833	6.73533	1.10139	HARPS-pre
2453304.7487695	5.666241	1.019812	HARPS-pre
2453304.7495086	6.674707	0.970346	HARPS-pre
2453304.7502986	5.74932	0.963301	HARPS-pre
2453304.7510364	5.441887	1.012785	HARPS-pre
2453304.7518258	7.435393	0.919389	HARPS-pre
2453304.7526017	6.70419	0.923463	HARPS-pre
2453304.7533805	6.958879	0.926127	HARPS-pre
2453304.7541729	7.259131	0.913808	HARPS-pre
2453304.7549306	6.700672	0.896453	HARPS-pre
2453304.7556909	7.035113	0.898577	HARPS-pre
2453304.7564644	6.029225	0.898783	HARPS-pre
2453304.7572269	6.505942	0.899008	HARPS-pre
2453304.757995	7.142199	0.904721	HARPS-pre
2453304.7587706	6.109176	0.904071	HARPS-pre
2453304.7595065	6.5481	0.912147	HARPS-pre
2453304.7602664	5.963864	0.928781	HARPS-pre
2453304.7610821	5.311147	0.930767	HARPS-pre
2453304.7618469	6.30816	0.932865	HARPS-pre
2453304.7626201	6.136241	0.924667	HARPS-pre
2453304.7633846	6.475526	0.922571	HARPS-pre
2453304.7641611	6.744453	0.904637	HARPS-pre
2453304.764921	4.459142	0.912208	HARPS-pre
2453304.7657142	6.095934	0.915605	HARPS-pre
2453304.7665107	6.724072	0.903547	HARPS-pre
2453304.7672946	6.606589	0.897706	HARPS-pre
2453304.768048	5.08909	0.901702	HARPS-pre
2453304.7688325	5.17774	0.902633	HARPS-pre
2453304.769599	5.411326	0.901567	HARPS-pre
2453304.7703711	7.526396	0.90336	HARPS-pre
2453304.771117	5.120688	0.911666	HARPS-pre
2453304.7719046	5.783007	0.912736	HARPS-pre
2453304.7726767	5.520824	0.913802	HARPS-pre
2453304.773468	5.166913	0.91107	HARPS-pre
2453304.7742218	5.877913	0.91024	HARPS-pre
2453304.7750363	4.765777	0.940491	HARPS-pre
2453304.7757454	6.667076	0.963171	HARPS-pre
2453304.776574	5.889253	0.928755	HARPS-pre
2453304.7773048	6.329039	0.923516	HARPS-pre
2453304.778089	5.498326	0.90749	HARPS-pre
2453304.7788207	6.612203	0.926586	HARPS-pre
2453304.7796242	5.780023	0.927225	HARPS-pre
2453304.7803853	5.305354	0.946624	HARPS-pre
2453304.7811635	5.414949	0.923399	HARPS-pre
2453304.7819476	7.022765	0.931696	HARPS-pre
2453304.7827028	5.585332	0.927386	HARPS-pre
2453304.7834499	6.077889	0.910695	HARPS-pre
2453304.7842471	7.665004	0.913765	HARPS-pre
2453304.7850061	6.083041	0.911331	HARPS-pre
2453304.7857617	6.114022	0.905322	HARPS-pre
2453304.7865312	5.678752	0.901584	HARPS-pre
2453304.7873362	6.555202	0.892655	HARPS-pre
2453304.7881196	6.412073	0.893673	HARPS-pre
2453304.7888641	6.4448	0.892347	HARPS-pre
2453304.7896448	4.918809	0.898463	HARPS-pre
2453304.7904118	6.598929	0.893169	HARPS-pre
2453304.791189	6.428437	0.894747	HARPS-pre
2453304.7919346	5.264172	0.902158	HARPS-pre
2453304.7927454	5.355383	0.906908	HARPS-pre
2453304.7935175	6.397999	0.902521	HARPS-pre
2453304.7943064	8.010774	0.904623	HARPS-pre
2453304.7950651	5.130061	0.90054	HARPS-pre
2453304.7958244	6.740405	0.896914	HARPS-pre
2453304.7965837	6.590909	0.899617	HARPS-pre
2453304.7973198	5.614497	0.919539	HARPS-pre
2453304.7981181	7.05926	0.920416	HARPS-pre
2453304.7988747	5.683298	0.907145	HARPS-pre
2453304.7996775	6.183036	0.906504	HARPS-pre
2453304.8004284	7.125482	0.905088	HARPS-pre
2453304.801192	5.269295	0.901805	HARPS-pre
2453304.8019726	7.5907	0.90017	HARPS-pre
2453304.8027443	6.038729	0.90031	HARPS-pre
2453304.8035077	6.371717	0.910325	HARPS-pre
2453304.8042802	6.092409	0.89792	HARPS-pre
2453304.8050429	5.08266	0.901441	HARPS-pre
2453304.8057869	5.063522	0.905468	HARPS-pre
2453304.8065737	6.984333	0.906232	HARPS-pre
2453304.8073356	6.181794	0.900145	HARPS-pre
2453304.8081052	5.632186	0.903032	HARPS-pre
2453304.8088729	4.892993	0.901304	HARPS-pre
2453304.8096333	3.895337	0.907482	HARPS-pre
2453304.8104121	6.386891	0.899963	HARPS-pre
2453304.8111909	6.08144	0.90596	HARPS-pre
2453304.8119393	6.709964	0.899505	HARPS-pre
2453304.8127179	6.116598	0.894799	HARPS-pre
2453304.8134811	5.65379	0.899706	HARPS-pre
2453304.8143143	5.453838	0.897372	HARPS-pre
2453304.8150902	6.252698	0.903252	HARPS-pre
2453304.8158478	7.105972	0.902591	HARPS-pre
2453304.8166226	5.641374	0.89945	HARPS-pre
2453304.8174031	4.643245	0.907277	HARPS-pre
2453304.8181517	5.61472	0.89763	HARPS-pre
2453304.818925	6.212561	0.895802	HARPS-pre
2453304.8196817	6.704499	0.896174	HARPS-pre
2453304.8204788	4.122693	0.895708	HARPS-pre
2453304.8212366	4.79457	0.899049	HARPS-pre
2453304.8220195	5.847542	0.900012	HARPS-pre
2453304.8227725	4.800631	0.89678	HARPS-pre
2453304.8235131	6.365311	0.898964	HARPS-pre
2453304.8243057	5.299658	0.896042	HARPS-pre
2453304.8250722	6.422617	0.899162	HARPS-pre
2453304.8258313	5.625899	0.896217	HARPS-pre
2453304.8266062	4.823566	0.903233	HARPS-pre
2453304.8273726	5.548231	0.898132	HARPS-pre
2453304.8282072	5.082139	0.902833	HARPS-pre
2453304.8289696	4.765755	0.907832	HARPS-pre
2453304.829734	5.577291	0.906707	HARPS-pre
2453304.8304901	6.450644	0.906121	HARPS-pre
2453304.8312645	4.853508	0.900089	HARPS-pre
2453304.8320315	6.261862	0.904297	HARPS-pre
2453304.832798	4.644702	0.896899	HARPS-pre
2453304.8335721	6.194783	0.906662	HARPS-pre
2453304.8343345	5.181626	0.900708	HARPS-pre
2453304.8351128	6.642629	0.905206	HARPS-pre
2453304.8358971	5.217303	0.900617	HARPS-pre
2453304.8366546	6.477954	0.908702	HARPS-pre
2453304.8374187	6.388934	0.901504	HARPS-pre
2453304.8381834	6.113083	0.909052	HARPS-pre
2453304.8389556	4.695464	0.90693	HARPS-pre
2453304.8397226	4.982935	0.906841	HARPS-pre
2453304.8404937	5.268672	0.905021	HARPS-pre
2453304.8412577	6.069021	0.900932	HARPS-pre
2453304.8420957	4.678906	0.905747	HARPS-pre
2453304.8428534	5.810885	0.904989	HARPS-pre
2453304.8436256	5.519855	0.906683	HARPS-pre
2453304.8444155	4.703134	0.902364	HARPS-pre
2453304.8451747	4.287293	0.905289	HARPS-pre
2453304.8459447	5.68011	0.903402	HARPS-pre
2453304.8467144	4.826017	0.908406	HARPS-pre
2453304.8474765	5.581826	0.905377	HARPS-pre
2453304.8482689	5.342781	0.912561	HARPS-pre
2453304.8490506	4.841474	0.907281	HARPS-pre
2453304.8498525	5.096212	0.913378	HARPS-pre
2453304.8506282	4.315301	0.920507	HARPS-pre
2453304.8513888	4.837625	0.909675	HARPS-pre
2453304.8521589	5.274218	0.912336	HARPS-pre
2453304.8529151	4.889576	0.914883	HARPS-pre
2453304.8536875	5.051139	0.915582	HARPS-pre
2453304.8544864	4.890929	0.915517	HARPS-pre
2453304.8552352	4.942675	0.914687	HARPS-pre
2453304.856014	5.151172	0.911755	HARPS-pre
2453304.8568068	3.991368	0.912168	HARPS-pre
2453304.857582	3.914316	0.920502	HARPS-pre
2453304.858346	5.416315	0.918082	HARPS-pre
2453304.8591182	4.656244	0.915955	HARPS-pre
2453304.8598992	6.084229	0.915274	HARPS-pre
2453304.8606594	5.263893	0.909591	HARPS-pre
2453304.8614278	3.946946	0.931353	HARPS-pre
2453304.8621953	5.470923	0.914618	HARPS-pre
2453304.8629517	4.600999	0.910531	HARPS-pre
2453304.8637382	4.641737	0.918729	HARPS-pre
2453304.8644999	4.540717	0.916876	HARPS-pre
2453304.8652763	5.93292	0.929996	HARPS-pre
2453304.8660552	5.098695	0.924633	HARPS-pre
2453304.8668009	4.344785	0.924909	HARPS-pre
2453304.8675835	5.145867	0.920338	HARPS-pre
2453304.8683586	3.870435	0.915675	HARPS-pre
2453304.8691334	5.233046	0.933508	HARPS-pre
2453304.8699254	4.620005	0.923808	HARPS-pre
2453304.8707143	4.618216	0.920485	HARPS-pre
2453304.8714909	5.417104	0.924222	HARPS-pre
2453304.8722744	4.054937	0.9258	HARPS-pre
2453304.8730386	4.441514	0.9308	HARPS-pre
2453304.8738009	4.768673	0.926335	HARPS-pre
2453304.8745407	3.766049	0.936923	HARPS-pre
2453304.8753097	5.485627	0.925731	HARPS-pre
2453304.8761014	4.210288	0.926972	HARPS-pre
2453304.8768668	5.761416	0.918538	HARPS-pre
2453304.8776434	4.752283	0.918104	HARPS-pre
2453304.8784256	3.906085	0.926489	HARPS-pre
2453304.8791987	5.032432	0.918743	HARPS-pre
2453304.8799463	4.087014	0.927204	HARPS-pre
2453304.8807249	4.940693	0.924036	HARPS-pre
2453304.8814701	4.526205	0.931093	HARPS-pre
2453304.8822472	3.783276	0.9198	HARPS-pre
2453304.8830273	4.62862	0.919322	HARPS-pre
2453304.883804	4.43042	0.935465	HARPS-pre
2453304.8845587	3.5397	0.926593	HARPS-pre
2453304.885322	6.01587	0.923771	HARPS-pre
2453304.8860786	4.214769	0.932284	HARPS-pre
2453304.8868463	4.953482	0.92566	HARPS-pre
2453304.8876262	4.654966	0.931755	HARPS-pre
2453304.8883824	3.447713	0.941288	HARPS-pre
2453304.8891646	5.37505	0.932605	HARPS-pre
2453304.889951	4.366501	0.920077	HARPS-pre
2453304.8907144	5.052524	0.931238	HARPS-pre
2453304.8914852	4.445487	0.938386	HARPS-pre
2453304.892247	5.101819	0.946298	HARPS-pre
2453304.8930218	4.87681	0.936694	HARPS-pre
2453304.8937656	3.924418	0.956017	HARPS-pre
2453304.89454	5.062926	0.971282	HARPS-pre
2453304.8952915	5.14609	0.949628	HARPS-pre
2453304.8960745	4.733067	0.938206	HARPS-pre
2453304.8968302	4.262886	0.944174	HARPS-pre
2453304.8976478	4.335092	0.949085	HARPS-pre
2453304.8984239	3.968241	0.955285	HARPS-pre
2453304.8991933	3.690732	0.942296	HARPS-pre
2453305.6733844	-1.070096	0.889672	HARPS-pre
2453305.6741551	-0.557571	0.891259	HARPS-pre
2453305.6749183	-0.497344	0.886828	HARPS-pre
2453305.6756933	-0.876704	0.88749	HARPS-pre
2453305.6764517	-0.74788	0.888021	HARPS-pre
2453305.6772085	-0.152328	0.8885	HARPS-pre
2453305.6779918	-1.261499	0.886874	HARPS-pre
2453305.678735	-0.669095	0.886101	HARPS-pre
2453305.679532	0.118857	0.887495	HARPS-pre
2453305.6802694	-0.276287	0.884959	HARPS-pre
2453305.6810235	-0.300503	0.886588	HARPS-pre
2453305.6817795	-1.188926	0.886063	HARPS-pre
2453305.6825398	-0.41002	0.886961	HARPS-pre
2453305.6833145	0.225242	0.884652	HARPS-pre
2453305.6840906	-0.693683	0.885235	HARPS-pre
2453305.6848356	0.108935	0.887503	HARPS-pre
2453305.6856081	-0.868343	0.888156	HARPS-pre
2453305.6863635	-0.511965	0.887153	HARPS-pre
2453305.6871379	-0.228177	0.884735	HARPS-pre
2453305.6878869	-0.166647	0.885575	HARPS-pre
2453305.6886602	-1.019407	0.885941	HARPS-pre
2453305.6894378	-0.203149	0.888796	HARPS-pre
2453305.6901979	-0.339865	0.886438	HARPS-pre
2453305.6909609	0.26149	0.885649	HARPS-pre
2453305.6917182	0.841197	0.884651	HARPS-pre
2453305.6924813	0.455932	0.886598	HARPS-pre
2453305.6932503	0.206233	0.888329	HARPS-pre
2453305.6940136	0.496275	0.886081	HARPS-pre
2453305.6947725	0.337093	0.885879	HARPS-pre
2453305.6955375	-0.423496	0.885862	HARPS-pre
2453305.6963091	0.315483	0.884799	HARPS-pre
2453305.6970696	0.076999	0.887863	HARPS-pre
2453305.6978321	0.5135	0.885621	HARPS-pre
2453305.698597	0.363366	0.887671	HARPS-pre
2453305.6993618	-0.368808	0.885973	HARPS-pre
2453305.7001292	0.185072	0.886599	HARPS-pre
2453305.7008851	0.339385	0.888514	HARPS-pre
2453305.7016548	1.563103	0.89026	HARPS-pre
2453305.7024111	-0.455302	0.886309	HARPS-pre
2453305.7031831	-0.223376	0.886422	HARPS-pre
2453305.7039513	-0.665397	0.889875	HARPS-pre
2453305.7047235	-0.486716	0.886407	HARPS-pre
2453305.7054887	-0.438633	0.885953	HARPS-pre
2453305.7062456	-0.835292	0.88658	HARPS-pre
2453305.7070075	-1.5014	0.886827	HARPS-pre
2453305.7077762	-0.239007	0.885303	HARPS-pre
2453305.7085601	-1.452207	0.889516	HARPS-pre
2453305.7093113	0.358648	0.884383	HARPS-pre
2453305.7100817	0.033052	0.884831	HARPS-pre
2453305.7108345	-3.403878	0.89768	HARPS-pre
2453305.7116018	-0.82954	0.884136	HARPS-pre
2453305.7123749	-0.78056	0.886503	HARPS-pre
2453305.713126	-1.621211	0.884949	HARPS-pre
2453305.7138842	-0.756719	0.883101	HARPS-pre
2453305.7146529	-0.491987	0.883092	HARPS-pre
2453305.715417	-1.340323	0.884577	HARPS-pre
2453305.7161582	-0.420538	0.885699	HARPS-pre
2453305.7169306	-0.647796	0.886623	HARPS-pre
2453305.717694	-1.308647	0.886924	HARPS-pre
2453305.7184495	-1.687355	0.888167	HARPS-pre
2453305.7192229	-1.389863	0.889536	HARPS-pre
2453305.7199827	-1.235302	0.891979	HARPS-pre
2453305.7207583	-0.539636	0.889107	HARPS-pre
2453305.7214985	-1.600993	0.892547	HARPS-pre
2453305.722275	-2.175815	0.891455	HARPS-pre
2453305.7230459	-1.282425	0.893671	HARPS-pre
2453305.7238068	-1.170298	0.891036	HARPS-pre
2453305.7245724	-1.824431	0.889598	HARPS-pre
2453305.725341	-1.884702	0.887206	HARPS-pre
2453305.7261006	-1.58632	0.888056	HARPS-pre
2453305.7268519	-1.945522	0.895294	HARPS-pre
2453305.7276294	-2.346822	0.888645	HARPS-pre
2453305.7284183	-0.673354	0.887832	HARPS-pre
2453305.729179	-2.326518	0.887899	HARPS-pre
2453305.7299464	-1.141088	0.887545	HARPS-pre
2453305.7307158	-2.504405	0.887542	HARPS-pre
2453305.7314654	-1.960497	0.885518	HARPS-pre
2453305.7322286	-2.05426	0.887775	HARPS-pre
2453305.7329919	-1.896062	0.885511	HARPS-pre
2453305.733779	-1.782708	0.88663	HARPS-pre
2453305.7345184	-1.665802	0.887429	HARPS-pre
2453305.7352898	-1.741851	0.889255	HARPS-pre
2453305.7360967	-3.446771	0.887684	HARPS-pre
2453305.7368438	-1.919077	0.88672	HARPS-pre
2453305.737626	-2.629332	0.886367	HARPS-pre
2453305.7384046	-2.783639	0.887308	HARPS-pre
2453305.7391718	-2.699023	0.893848	HARPS-pre
2453305.7399427	-3.449604	0.888878	HARPS-pre
2453305.7407002	-1.995441	0.885586	HARPS-pre
2453305.741464	-2.030615	0.88702	HARPS-pre
2453305.742237	-2.015922	0.88667	HARPS-pre
2453305.7430186	-1.90344	0.893424	HARPS-pre
2453305.7437798	-2.724223	0.890999	HARPS-pre
2453305.7445535	-2.928935	0.891793	HARPS-pre
2453305.7453281	-2.349703	0.888637	HARPS-pre
2453305.7460709	-2.844195	0.892771	HARPS-pre
2453305.7468865	-1.740474	0.893199	HARPS-pre
2453305.747649	-2.489064	0.889426	HARPS-pre
2453305.7484135	-3.699367	0.890844	HARPS-pre
2453305.7491925	-2.22549	0.887921	HARPS-pre
2453305.7499524	-2.842244	0.889636	HARPS-pre
2453305.7507066	-2.4825	0.892129	HARPS-pre
2453305.7514758	-3.530336	0.890645	HARPS-pre
2453305.7522323	-2.768582	0.892731	HARPS-pre
2453305.7530014	-3.237093	0.891708	HARPS-pre
2453305.7537887	-3.121777	0.893029	HARPS-pre
2453305.7545413	-2.925016	0.889531	HARPS-pre
2453305.7552957	-3.558489	0.890702	HARPS-pre
2453305.7560717	-3.737063	0.888052	HARPS-pre
2453305.7568431	-3.132028	0.889115	HARPS-pre
2453305.7575904	-3.756706	0.890754	HARPS-pre
2453305.7583689	-2.910986	0.893674	HARPS-pre
2453305.7591443	-3.579652	0.890024	HARPS-pre
2453305.7599098	-3.685044	0.887085	HARPS-pre
2453305.7606696	-3.03699	0.892577	HARPS-pre
2453305.761445	-1.789625	0.891928	HARPS-pre
2453305.7622249	-3.117282	0.892403	HARPS-pre
2453305.7629811	-3.005738	0.889344	HARPS-pre
2453305.7637492	-3.734296	0.888808	HARPS-pre
2453305.7645211	-2.927369	0.893331	HARPS-pre
2453305.7652913	-3.887088	0.894511	HARPS-pre
2453305.7660458	-3.755615	0.891014	HARPS-pre
2453305.7668209	-2.86544	0.894725	HARPS-pre
2453305.7675859	-2.780296	0.8918	HARPS-pre
2453305.7683699	-4.055208	0.892814	HARPS-pre
2453305.7691343	-3.576201	0.890314	HARPS-pre
2453305.7698945	-3.326254	0.890549	HARPS-pre
2453305.7706749	-3.319815	0.89515	HARPS-pre
2453305.7714432	-4.439843	0.89289	HARPS-pre
2453305.7721935	-4.519939	0.887999	HARPS-pre
2453305.7729869	-3.751853	0.893845	HARPS-pre
2453305.7737139	-3.171644	0.889838	HARPS-pre
2453305.774478	-5.162961	0.890125	HARPS-pre
2453305.7752452	-5.273588	0.893932	HARPS-pre
2453305.7760137	-4.433114	0.89074	HARPS-pre
2453305.7768046	-4.622665	0.900318	HARPS-pre
2453305.7775696	-2.138553	0.898127	HARPS-pre
2453305.7783082	-4.218604	0.899097	HARPS-pre
2453305.7790885	-4.38637	0.895928	HARPS-pre
2453305.7798454	-5.411121	0.889897	HARPS-pre
2453305.7806286	-3.97342	0.889281	HARPS-pre
2453305.7814001	-2.931341	0.888851	HARPS-pre
2453305.7821559	-5.654329	0.888576	HARPS-pre
2453305.7829173	-5.169832	0.890117	HARPS-pre
2453305.7836895	-5.552183	0.89701	HARPS-pre
2453305.78445	-4.692722	0.88738	HARPS-pre
2453305.7852193	-3.999601	0.88868	HARPS-pre
2453305.7859794	-4.066031	0.889579	HARPS-pre
2453305.786772	-4.524196	0.890678	HARPS-pre
2453305.7875412	-4.808971	0.893783	HARPS-pre
2453305.7883014	-3.968619	0.891781	HARPS-pre
2453305.7890789	-3.649797	0.89076	HARPS-pre
2453305.7898489	-4.040074	0.890888	HARPS-pre
2453305.7905962	-5.413762	0.891647	HARPS-pre
2453305.7913828	-3.962848	0.893813	HARPS-pre
2453305.7921459	-3.605103	0.892064	HARPS-pre
2453305.7929046	-3.446094	0.889087	HARPS-pre
2453305.7936974	-3.563007	0.887225	HARPS-pre
2453305.7944907	-4.737991	0.889441	HARPS-pre
2453305.7952556	-6.92353	0.890029	HARPS-pre
2453305.7960195	-3.914359	0.886462	HARPS-pre
2453305.796814	-3.148537	0.887358	HARPS-pre
2453305.7975771	-3.158812	0.888015	HARPS-pre
2453305.7983543	-5.252056	0.885846	HARPS-pre
2453305.7991232	-4.626418	0.886227	HARPS-pre
2453305.7998724	-3.911638	0.885181	HARPS-pre
2453306.7534293	-9.698051	0.886239	HARPS-pre
2453306.7543286	-8.981896	0.884934	HARPS-pre
2453306.7552004	-8.411346	0.884022	HARPS-pre
2453309.7967919	-10.383284	0.731499	HARPS-pre
2453309.797505	-5.305811	0.741507	HARPS-pre
2453309.7982053	-7.406907	0.736578	HARPS-pre
2453332.675886	-10.838104	0.90855	HARPS-pre
2453412.5599001	-5.280488	0.719649	HARPS-pre
2453412.5619956	-6.192632	0.716884	HARPS-pre
2453412.5641322	-5.922901	0.720243	HARPS-pre
2453430.5733445	-10.454773	0.889762	HARPS-pre
2453430.5746987	-12.236092	0.887548	HARPS-pre
2453430.5761108	-13.638429	0.889499	HARPS-pre
2453600.9312863	2.350774	0.898112	HARPS-pre
2453600.9325061	4.940148	0.900306	HARPS-pre
2453600.933874	5.438999	1.004056	HARPS-pre
2453604.8325421	-16.921162	0.884756	HARPS-pre
2453604.8397683	-15.631842	0.883181	HARPS-pre
2453604.8469209	-16.512893	0.883505	HARPS-pre
2453666.8435185	-12.134725	0.739489	HARPS-pre
2453666.8448976	-12.942896	0.739097	HARPS-pre
2453666.8462902	-12.664395	0.739071	HARPS-pre
2453690.7974965	-0.863887	0.602928	HARPS-pre
2453690.798225	-1.745663	0.629694	HARPS-pre
2453690.7989198	-2.265661	0.61927	HARPS-pre
2453732.6829865	-10.604932	0.574729	HARPS-pre
2453732.6843843	-10.845644	0.57569	HARPS-pre
2453732.6866345	-8.602386	0.594748	HARPS-pre
2453732.6875113	-9.811017	0.595519	HARPS-pre
2453732.6883753	-10.660894	0.593882	HARPS-pre
2453933.9006807	-7.982647	0.62157	HARPS-pre
2453933.9014385	-8.497531	0.620485	HARPS-pre
2453933.9022101	-7.470022	0.623842	HARPS-pre
2453933.9030015	-8.426376	0.634173	HARPS-pre
2453933.9037556	-9.155475	0.631915	HARPS-pre
2453933.9045004	-8.628111	0.627534	HARPS-pre
2453964.85619	-2.611306	0.918279	HARPS-pre
2453964.8569338	-2.592063	0.913324	HARPS-pre
2453964.8577215	-1.996413	0.912554	HARPS-pre
2453964.8585	-2.428545	0.911888	HARPS-pre
2453964.8592451	-0.844567	0.912773	HARPS-pre
2453964.8599794	-2.884603	0.911765	HARPS-pre
2454056.6214168	-5.514455	0.796916	HARPS-pre
2454056.622181	-5.679306	0.792588	HARPS-pre
2454056.6229509	-6.031239	0.788573	HARPS-pre
2454056.6237303	-4.924197	0.802226	HARPS-pre
2454056.6244995	-4.872151	0.794778	HARPS-pre
2454056.6252781	-4.668879	0.815405	HARPS-pre
2454098.5978505	0.336975	0.909324	HARPS-pre
2454098.5985648	1.619928	0.913196	HARPS-pre
2454098.599274	0.70059	0.902727	HARPS-pre
2454098.6000022	1.408749	0.907341	HARPS-pre
2454098.6006942	1.368316	0.909394	HARPS-pre
2454098.6014108	0.226325	0.92323	HARPS-pre
2454125.5541889	-2.212132	0.902768	HARPS-pre
2454125.5548947	-1.079896	0.903075	HARPS-pre
2454125.5556009	-0.630922	0.9038	HARPS-pre
2454125.55631	-1.091868	0.903799	HARPS-pre
2454125.5570127	-2.415831	0.902416	HARPS-pre
2454125.5577219	-1.798227	0.904515	HARPS-pre
2454133.6096359	-14.970701	0.925507	HARPS-pre
2454133.6103416	-14.842979	0.922463	HARPS-pre
2454133.6110472	-14.553813	0.922683	HARPS-pre
2454133.6117529	-15.947783	0.925531	HARPS-pre
2454133.6124591	-14.397862	0.923471	HARPS-pre
2454133.6131651	-15.612257	0.930052	HARPS-pre
2454310.9405209	-7.102513	0.904118	HARPS-pre
2454310.9412224	-7.347379	0.906881	HARPS-pre
2454310.9419281	-6.242143	0.907639	HARPS-pre
2454310.942637	-6.415503	0.905125	HARPS-pre
2454310.9433381	-6.726996	0.906713	HARPS-pre
2454310.9440426	-6.221343	0.906899	HARPS-pre
2454339.8071814	-1.052826	0.965691	HARPS-pre
2454339.8078835	-0.478786	0.922387	HARPS-pre
2454339.8086007	-0.937424	0.924508	HARPS-pre
2454339.809308	-1.726402	0.907479	HARPS-pre
2454339.8100053	-0.408814	0.918477	HARPS-pre
2454339.8107329	-0.65765	0.916842	HARPS-pre
2457248.9427055	-5.304119	0.695207	HARPS-post
2457248.9448358	-5.994548	0.700338	HARPS-post
2457248.9469162	-4.829091	0.69234	HARPS-post
2457248.9490104	-5.395717	0.694748	HARPS-post
2457249.9353395	-1.234945	0.587073	HARPS-post
2457249.9376126	-0.679961	0.626012	HARPS-post
2457249.9396568	-1.542592	0.58649	HARPS-post
2457249.9417795	-0.376285	0.746321	HARPS-post
2457251.9341815	1.738919	1.097074	HARPS-post
2457251.9362291	1.536984	1.095477	HARPS-post
2457251.9383416	1.632024	1.096721	HARPS-post
2457251.9403845	1.714379	1.094441	HARPS-post
2457252.9324948	4.398174	0.431848	HARPS-post
2457252.9345048	4.400473	0.423699	HARPS-post
2457252.9366162	4.778478	0.424484	HARPS-post
2457252.9386776	4.783304	0.425277	HARPS-post
2457253.9291184	7.816212	0.505683	HARPS-post
2457253.9301939	7.234603	0.548976	HARPS-post
2457253.9312608	7.730281	0.528187	HARPS-post
2457253.9322869	7.532142	0.504154	HARPS-post
2457253.9332381	7.44144	0.589161	HARPS-post
2457253.9343865	6.539436	0.616332	HARPS-post
2457253.9354689	7.073761	0.747075	HARPS-post
2457253.9365988	6.792372	0.572924	HARPS-post
2457253.9375461	7.268778	0.516233	HARPS-post
2457253.9386004	7.270792	0.512369	HARPS-post
2458761.856797	2.792994	1.151096	HARPS-post
2458761.857505	2.850256	1.146324	HARPS-post
2458761.858211	2.851826	1.147877	HARPS-post
2458762.8613213	-4.870778	1.280775	HARPS-post
2458762.8620319	-4.448315	1.283119	HARPS-post
2458762.862731	-4.760225	1.286099	HARPS-post
2458763.8661636	-9.25345	1.291121	HARPS-post
2458763.8668578	-8.910514	1.294752	HARPS-post
2458763.8675574	-9.17738	1.290991	HARPS-post
2458764.8801219	-11.835873	1.288948	HARPS-post
2458764.8808233	-12.012113	1.29023	HARPS-post
2458764.8815402	-12.230799	1.285518	HARPS-post
2458765.8498007	-5.950196	1.424917	HARPS-post
2458765.8505225	-6.260138	1.451425	HARPS-post
2458765.8512216	-5.998943	1.550767	HARPS-post
2458766.8446139	-2.918497	1.294135	HARPS-post
2458766.8453365	-3.032256	1.290056	HARPS-post
2458766.8460285	-2.608766	1.287962	HARPS-post
2458767.7088391	-2.832231	1.057193	HARPS-post
2458767.7095464	-2.569188	1.034437	HARPS-post
2458767.7102171	-2.799535	1.12371	HARPS-post
2458768.7379202	-5.969278	0.951543	HARPS-post
2458768.7385967	-6.815208	1.01382	HARPS-post
2458768.7393452	-6.625199	0.976559	HARPS-post
2458773.8594915	3.85485	1.296541	HARPS-post
2458773.860196	3.867033	1.295594	HARPS-post
2458773.8609054	3.985116	1.293878	HARPS-post
2458774.8502301	-4.948246	1.28972	HARPS-post
2458774.8509264	-4.92644	1.292274	HARPS-post
2458774.851643	-5.245315	1.290272	HARPS-post
2458775.8329801	-7.877899	1.3225	HARPS-post
2458775.8336757	-8.94691	1.339223	HARPS-post
2458775.8343909	-8.483379	1.340346	HARPS-post
2458776.8453409	-7.802988	1.380215	HARPS-post
2458776.846061	-7.587139	1.38293	HARPS-post
2458776.8467635	-6.26307	1.384048	HARPS-post
2458777.8552826	-5.08579	1.341941	HARPS-post
2458777.8559969	-5.781856	1.322103	HARPS-post
2458777.8566889	-5.216795	1.318891	HARPS-post
2458780.8764889	-11.964863	1.71834	HARPS-post
2458780.8771986	-9.47322	1.725383	HARPS-post
2458780.8779012	-11.450677	1.730625	HARPS-post
2458781.642399	-7.229283	1.289847	HARPS-post
2458781.6431178	-6.470219	1.292016	HARPS-post
2458781.6438116	-6.217108	1.288857	HARPS-post
2458782.8388558	-3.218438	1.343082	HARPS-post
2458782.8395525	-2.802631	1.328048	HARPS-post
2458782.8402659	-4.075553	1.332599	HARPS-post
2458783.85038	3.935069	1.288031	HARPS-post
2458783.8511015	3.247685	1.284868	HARPS-post
2458783.8518009	2.915527	1.290026	HARPS-post
2458784.6616583	5.599965	1.328262	HARPS-post
2458784.6623651	6.161613	1.306986	HARPS-post
2458784.6630675	6.146975	1.298917	HARPS-post
2458785.6526608	2.974763	1.332218	HARPS-post
2458785.6533377	2.799222	1.334136	HARPS-post
2458785.6540359	3.475609	1.335888	HARPS-post
2458786.861134	-6.527046	0.976159	HARPS-post
2458786.8622466	-5.96265	0.999195	HARPS-post
2458786.8629425	-5.294246	1.011164	HARPS-post
2458791.6712083	-7.77877	1.28148	HARPS-post
2458791.6719318	-7.919717	1.296264	HARPS-post
2458791.6726235	-7.719662	1.285271	HARPS-post
2458792.6607759	-3.036812	1.304263	HARPS-post
2458792.6615001	-3.66433	1.288839	HARPS-post
2458792.6621892	-4.385412	1.29464	HARPS-post
2458793.6669822	-1.690654	1.354992	HARPS-post
2458793.6676961	-1.904474	1.358176	HARPS-post
2458793.6683885	-1.820804	1.347775	HARPS-post
2458794.6810699	-1.030092	1.365333	HARPS-post
2458794.6817653	-0.793066	1.377472	HARPS-post
2458794.6824779	-0.744869	1.375626	HARPS-post
2458795.6458643	4.167016	1.349088	HARPS-post
2458795.646568	3.712454	1.349521	HARPS-post
2458795.6472741	3.546809	1.360488	HARPS-post
2458796.6812689	2.033355	1.343741	HARPS-post
2458796.6819838	1.049804	1.340797	HARPS-post
2458796.6827002	3.031382	1.32921	HARPS-post
2458797.639266	1.339818	1.356963	HARPS-post
2458797.6399674	1.208226	1.331274	HARPS-post
2458797.64068	1.359479	1.340963	HARPS-post
2458798.6439576	5.37077	1.348894	HARPS-post
2458798.6446573	5.005943	1.363495	HARPS-post
2458798.6453634	5.011717	1.341731	HARPS-post
2458799.6781143	4.870685	1.332815	HARPS-post
2458799.6788181	4.915027	1.340931	HARPS-post
2458799.6795199	3.970995	1.338878	HARPS-post
2458801.5905033	-6.877468	1.229325	HARPS-post
2458801.5911923	-7.884747	1.225683	HARPS-post
2458801.5919087	-7.063039	1.231619	HARPS-post
2458802.5688796	-11.007471	1.279945	HARPS-post
2458802.5695875	-10.470357	1.280553	HARPS-post
2458802.5703041	-9.584311	1.285255	HARPS-post
2458803.5817077	-5.819922	1.303051	HARPS-post
2458803.5824341	-6.378259	1.318688	HARPS-post
2458803.5831255	-6.012721	1.288368	HARPS-post
2458804.6338951	-4.885306	1.350781	HARPS-post
2458804.6346059	-3.636935	1.323859	HARPS-post
2458804.635311	-4.184148	1.316827	HARPS-post
2458805.6410476	-2.46727	1.283979	HARPS-post
2458805.6417632	-1.49249	1.28797	HARPS-post
2458805.6424694	-2.219869	1.285265	HARPS-post
2458806.6272815	-1.367991	1.270401	HARPS-post
2458806.6279863	-2.043587	1.262917	HARPS-post
2458806.6286891	-2.442097	1.262332	HARPS-post
2458807.6020966	-0.741189	1.0822	HARPS-post
2458807.6028072	-0.530222	1.07938	HARPS-post
2458807.6035097	-0.50533	1.078103	HARPS-post
2458808.5586759	-3.739284	1.364967	HARPS-post
2458808.5593849	-2.435053	1.33102	HARPS-post
2458808.5600859	-2.194065	1.31259	HARPS-post
2458810.6029239	10.516609	1.3202	HARPS-post
2458810.6036301	10.383651	1.323313	HARPS-post
2458810.6043328	10.352045	1.321725	HARPS-post
2458811.6091794	5.325096	1.312595	HARPS-post
2458811.6098945	5.086113	1.313119	HARPS-post
2458811.6106041	4.471961	1.307422	HARPS-post
2458813.604072	-8.138162	1.306691	HARPS-post
2458813.6047882	-7.750102	1.305229	HARPS-post
2458813.6054944	-8.032959	1.315037	HARPS-post
2458818.7872353	-0.832079	0.750126	HARPS-post
2458818.7879497	-1.409392	0.749863	HARPS-post
2458818.7886523	-0.707758	0.751158	HARPS-post
2458819.7241563	-2.792521	0.881535	HARPS-post
2458819.7248637	-2.722997	0.881975	HARPS-post
2458819.7255696	-1.96431	0.889982	HARPS-post
2458826.5908964	-5.856225	1.276639	HARPS-post
2458826.5916072	-6.095016	1.277577	HARPS-post
2458826.5923017	-6.191501	1.277593	HARPS-post
2458827.6050533	1.407652	1.316369	HARPS-post
2458827.6057564	0.572424	1.322567	HARPS-post
2458827.6064694	1.645117	1.324111	HARPS-post
2458828.5852577	1.643199	1.32094	HARPS-post
2458828.5859533	0.204437	1.371563	HARPS-post
2458828.5866808	0.815654	1.400566	HARPS-post
2458829.604507	-0.635649	1.333321	HARPS-post
2458829.6051853	-1.090425	1.326198	HARPS-post
2458829.6058945	0.474621	1.303522	HARPS-post
2458830.5784708	-3.772594	1.334473	HARPS-post
2458830.5791353	-3.786164	1.279174	HARPS-post
2458830.5798449	-3.777429	1.280124	HARPS-post
2458831.5876136	-2.498915	1.585512	HARPS-post
2458831.588469	-0.185709	1.3183	HARPS-post
2458831.5891509	-0.357031	1.289063	HARPS-post
2458831.5901431	-0.893042	1.286568	HARPS-post
2458831.5908404	-0.281833	1.28674	HARPS-post
2458831.5915464	-0.382363	1.287884	HARPS-post
2458832.5652322	3.028356	1.346373	HARPS-post
2458832.5659302	2.056264	1.339534	HARPS-post
2458832.5666396	2.167122	1.310802	HARPS-post
2458833.5744635	1.943894	1.310977	HARPS-post
2458833.5751827	2.61323	1.310449	HARPS-post
2458833.5758854	2.423072	1.310395	HARPS-post
2458834.5745188	1.836848	1.317796	HARPS-post
2458834.5751821	1.933071	1.291929	HARPS-post
2458834.5758883	2.207648	1.298983	HARPS-post
2458835.5753998	-3.242661	1.286165	HARPS-post
2458835.5761026	-2.771433	1.277314	HARPS-post
2458835.5768017	-3.143879	1.277882	HARPS-post
2458836.600431	-5.947284	1.314864	HARPS-post
2458836.6011447	-6.227347	1.314474	HARPS-post
2458836.6018367	-6.963573	1.302099	HARPS-post
2458837.6697547	-4.084067	1.325157	HARPS-post
2458837.6704532	-3.478006	1.325215	HARPS-post
2458837.6711557	-4.602934	1.31691	HARPS-post
2458838.6826683	-1.877444	1.35305	HARPS-post
2458838.6833728	-1.952552	1.355144	HARPS-post
2458838.6840757	-2.455643	1.359812	HARPS-post
2458839.5882608	-0.231033	1.313128	HARPS-post
2458839.5889236	-0.499055	1.284723	HARPS-post
2458839.5896251	-0.269634	1.285567	HARPS-post
2458840.6930469	-4.076324	1.28956	HARPS-post
2458840.6937553	-4.369432	1.291104	HARPS-post
2458840.6944613	-4.319131	1.290865	HARPS-post
2458841.5517738	-5.409125	1.319919	HARPS-post
2458841.5524854	-5.744975	1.313202	HARPS-post
2458841.5531867	-5.860198	1.328335	HARPS-post
2458842.5536329	-6.052715	1.3498	HARPS-post
2458842.554328	-6.478118	1.336981	HARPS-post
2458842.5550375	-5.633941	1.33047	HARPS-post
2458843.547477	-3.654748	1.377671	HARPS-post
2458843.5481802	-4.275851	1.362346	HARPS-post
2458843.5488794	-4.05687	1.30935	HARPS-post
2458844.575989	-1.123201	1.285555	HARPS-post
2458844.5766984	-0.098115	1.292656	HARPS-post
2458844.5774116	-1.083304	1.287828	HARPS-post
2458845.5778623	0.742259	1.5644	HARPS-post
2458845.5785624	3.016133	1.325633	HARPS-post
2458845.5792618	2.840614	1.338389	HARPS-post
2458845.5811676	3.220798	1.302867	HARPS-post
2458846.5821016	0.034959	1.294723	HARPS-post
2458846.5827865	0.761098	1.297662	HARPS-post
2458846.5835134	0.712885	1.304382	HARPS-post
2458847.5704657	-3.682932	1.337785	HARPS-post
2458847.5711334	-4.782956	1.278255	HARPS-post
2458847.5718393	-4.577131	1.278634	HARPS-post
2458848.5706295	-5.087543	1.692939	HARPS-post
2458848.5712936	-4.600371	1.356352	HARPS-post
2458848.5719835	-3.822343	1.326797	HARPS-post
2458848.5730566	-4.711417	1.269358	HARPS-post
2458848.5737647	-4.083305	1.269352	HARPS-post
2458848.5744708	-4.133927	1.270048	HARPS-post
2458849.5729286	0.924753	1.309677	HARPS-post
2458849.5736128	0.561302	1.295119	HARPS-post
2458849.5743259	0.443346	1.296565	HARPS-post
2456582.930344	26.5	2.654447	Levy
2456597.913678	6.89	2.279238	Levy
2456606.751012	19.03	1.820408	Levy
2456606.75195	21.67	1.989914	Levy
2456606.752864	14.64	1.865364	Levy
2456606.831672	17.09	1.788773	Levy
2456606.832575	14.58	1.88876	Levy
2456606.833466	16.0	1.800781	Levy
2456607.880258	6.83	1.944742	Levy
2456607.881138	6.15	1.998244	Levy
2456607.882017	4.93	1.824746	Levy
2456607.953869	3.44	1.815478	Levy
2456607.954806	7.26	1.778541	Levy
2456607.955756	2.95	1.891225	Levy
2456610.940672	13.37	2.055129	Levy
2456610.944642	13.4	2.347226	Levy
2456610.949445	19.36	1.724842	Levy
2456618.775823	0.6	1.858276	Levy
2456618.777872	-2.63	1.801681	Levy
2456618.779816	-3.68	1.914325	Levy
2456618.846227	-2.61	1.82747	Levy
2456618.848206	-0.31	1.83383	Levy
2456618.850405	-2.16	1.978162	Levy
2456624.865286	4.25	1.817189	Levy
2456624.866559	5.67	1.986635	Levy
2456624.867554	3.74	1.907097	Levy
2456626.797879	21.51	1.930719	Levy
2456626.798735	25.61	1.793796	Levy
2456626.79958	27.93	1.998698	Levy
2456626.897251	25.65	1.817562	Levy
2456626.898269	24.52	1.730713	Levy
2456626.899276	24.42	1.88864	Levy
2456628.823785	22.97	1.661071	Levy
2456628.825567	25.43	1.720506	Levy
2456628.827477	26.05	1.774333	Levy
2456628.927485	26.55	1.779673	Levy
2456628.929649	26.27	1.644453	Levy
2456628.932439	22.87	1.715967	Levy
2456631.693751	-3.9	2.381143	Levy
2456631.69485	3.57	2.523533	Levy
2456631.695903	-1.94	2.544688	Levy
2456631.766028	3.98	2.462881	Levy
2456631.767104	1.92	2.643444	Levy
2456631.768354	-0.87	2.710151	Levy
2456631.824035	-10.68	2.759091	Levy
2456631.824984	-11.28	2.64156	Levy
2456631.825979	-4.44	2.950881	Levy
2456632.722576	12.71	1.788964	Levy
2456632.723873	12.25	1.89619	Levy
2456632.72518	13.81	1.915912	Levy
2456632.774901	14.19	1.886398	Levy
2456632.775873	14.66	1.948906	Levy
2456632.776868	16.47	1.840758	Levy
2456632.869121	15.83	1.833102	Levy
2456632.870024	15.9	1.714939	Levy
2456632.870904	15.7	2.039947	Levy
2456644.756956	9.44	2.293894	Levy
2456647.700283	12.71	1.736015	Levy
2456647.702076	14.86	1.958075	Levy
2456647.703697	15.26	1.788722	Levy
2456647.737792	14.2	1.771794	Levy
2456647.739354	16.64	1.925924	Levy
2456647.741067	14.69	1.895291	Levy
2456647.839696	13.56	2.008672	Levy
2456647.841027	16.64	1.91727	Levy
2456647.842288	17.68	2.05878	Levy
2456648.737107	15.1	2.036142	Levy
2456648.738207	11.5	1.794614	Levy
2456648.739341	13.79	1.798811	Levy
2456662.70821	9.86	1.867072	Levy
2456662.709274	10.7	1.782102	Levy
2456662.710293	8.98	1.882294	Levy
2456662.780288	10.03	1.669771	Levy
2456662.781653	13.02	1.74394	Levy
2456662.782845	8.31	1.860696	Levy
2456663.68007	13.4	2.018848	Levy
2456663.680903	10.84	1.885949	Levy
2456663.681736	11.49	1.891679	Levy
2456667.679959	21.63	2.015147	Levy
2456667.681649	19.36	1.853846	Levy
2456667.683246	16.63	1.827435	Levy
2456667.812171	18.38	1.935638	Levy
2456667.813698	20.69	1.960181	Levy
2456667.815203	18.65	1.858115	Levy
2456671.758799	20.33	1.694279	Levy
2456671.760304	22.56	1.799392	Levy
2456671.761716	20.22	1.927257	Levy
2456675.755588	8.02	1.913522	Levy
2456675.756479	8.95	2.026253	Levy
2456675.757347	7.8	1.924622	Levy
2456679.762806	17.33	1.894152	Levy
2456679.764056	17.61	1.742733	Levy
2456679.765271	19.41	1.82942	Levy
2456682.668944	19.21	2.025926	Levy
2456682.670021	17.09	1.979579	Levy
2456682.671166	19.14	1.832508	Levy
2456682.757108	20.25	2.103857	Levy
2456682.758717	17.98	2.026814	Levy
2456682.760545	16.89	1.97075	Levy
2456689.646676	23.87	1.940182	Levy
2456689.648204	27.0	1.803444	Levy
2456689.649789	24.33	1.790363	Levy
2456689.738346	25.86	1.959234	Levy
2456689.740175	29.91	1.902387	Levy
2456689.742015	27.52	1.741921	Levy
2456875.020281	6.97	2.168896	Levy
2456895.025996	10.01	2.31194	Levy
2456895.026888	6.34	2.399776	Levy
2456895.027802	10.72	2.009674	Levy
2456900.98766	12.15	2.427041	Levy
2456900.988795	8.27	2.560517	Levy
2456900.989952	9.7	2.826565	Levy
2456909.028784	-6.27	1.88957	Levy
2456909.029653	-2.34	2.036283	Levy
2456909.030521	-2.71	2.134121	Levy
2456922.005619	8.68	3.611974	Levy
2456922.006313	12.63	3.602647	Levy
2456922.006996	14.57	3.573049	Levy
2456935.93932	0.25	2.145376	Levy
2456935.940223	-1.57	2.117997	Levy
2456935.941137	-3.58	2.263468	Levy
2456937.923041	-0.16	2.293204	Levy
2456937.924001	0.05	2.243731	Levy
2456937.924951	1.69	2.127166	Levy
2456949.963795	7.95	2.46341	Levy
2456949.964767	-1.18	2.503096	Levy
2456949.965739	3.71	2.449492	Levy
2456985.756761	3.85	3.319613	Levy
2456985.758207	-6.19	4.034544	Levy
2456988.776549	5.71	2.177847	Levy
2456988.777463	6.86	2.221581	Levy
2456988.778378	5.77	2.350927	Levy
2456999.76336	10.02	2.381064	Levy
2456999.764321	8.04	2.400558	Levy
2456999.765281	10.04	2.297235	Levy
2457015.727499	0.79	1.83587	Levy
2457015.729177	-3.15	1.905936	Levy
2457015.730901	-3.94	1.878141	Levy
2457026.706081	-2.99	2.184667	Levy
2457026.707018	-0.26	2.426212	Levy
2457026.707956	1.06	2.28949	Levy
2457058.605421	-8.51	3.41404	Levy
2457058.606173	-2.06	3.861088	Levy
2457058.607122	-0.0	2.680545	Levy
2457234.00825	7.47	2.46831	Levy
2457234.009129	8.11	2.276435	Levy
2457234.009986	8.53	2.447214	Levy
2457245.93459	-6.02	2.594389	Levy
2457245.935528	-1.93	2.435311	Levy
2457245.936442	-3.46	2.289775	Levy
2457250.002338	-3.48	2.419654	Levy
2457250.003253	-2.63	2.230998	Levy
2457250.004167	-5.13	2.194233	Levy
2457252.965199	4.05	2.299479	Levy
2457252.966101	4.39	2.337313	Levy
2457252.96697	8.35	2.264454	Levy
2457257.009897	2.88	1.976472	Levy
2457257.010661	-0.58	2.057685	Levy
2457257.011425	-3.27	1.891019	Levy
2457258.943615	-10.39	2.033773	Levy
2457258.944379	-11.7	2.144813	Levy
2457258.945131	-14.74	1.973458	Levy
2457260.948205	0.51	2.231447	Levy
2457260.948969	-4.41	2.325944	Levy
2457260.949744	-2.49	2.331968	Levy
2457262.944251	-7.31	2.180184	Levy
2457262.945085	-5.06	2.37629	Levy
2457262.945906	-9.5	2.361059	Levy
2457266.030142	10.75	2.210696	Levy
2457266.031022	7.93	2.101828	Levy
2457266.03189	11.82	2.137065	Levy
2457275.012254	0.83	2.078493	Levy
2457275.013064	-0.68	2.01818	Levy
2457275.01384	-4.2	2.106697	Levy
2457284.036107	1.22	2.117653	Levy
2457284.036951	1.58	2.118628	Levy
2457284.037877	3.38	2.403279	Levy
2457287.026471	0.44	2.377063	Levy
2457287.027305	0.85	2.235893	Levy
2457287.028138	-5.22	2.155554	Levy
2457290.955555	2.82	2.499813	Levy
2457290.956331	-1.17	2.468469	Levy
2457290.957071	6.57	2.301119	Levy
2457305.908989	-4.38	2.260501	Levy
2457305.909753	-3.33	2.129276	Levy
2457305.910517	-7.04	1.980638	Levy
2457308.907648	14.97	2.235059	Levy
2457308.908424	12.81	2.131865	Levy
2457308.909211	12.87	2.222243	Levy
2457318.906774	9.96	2.025195	Levy
2457318.907642	10.59	2.140576	Levy
2457318.908568	7.69	2.348418	Levy
2457321.864081	5.88	2.509586	Levy
2457321.864787	4.79	2.183091	Levy
2457321.865482	9.38	2.230016	Levy
2457325.915758	4.48	2.390451	Levy
2457325.916742	6.15	2.384692	Levy
2457325.91768	-0.88	2.329004	Levy
2457330.887003	11.09	2.333098	Levy
2457330.887941	13.1	2.367326	Levy
2457330.88889	9.91	2.391144	Levy
2457332.854738	12.15	2.333365	Levy
2457332.855548	6.66	2.183727	Levy
2457332.856359	11.79	2.091915	Levy
2457334.829319	7.77	2.21792	Levy
2457334.830013	6.21	2.216659	Levy
2457334.830708	4.04	2.255446	Levy
2457337.788291	4.54	2.68698	Levy
2457337.789102	8.27	2.866152	Levy
2457337.7899	5.82	2.671811	Levy
2457340.809241	4.56	2.248581	Levy
2457340.809923	-5.34	2.134159	Levy
2457340.810618	-3.03	1.96896	Levy
2457347.794866	6.8	2.363544	Levy
2457347.795676	3.99	2.224935	Levy
2457347.796475	3.75	2.13973	Levy
2457348.779108	1.98	2.312456	Levy
2457348.779872	5.33	2.103684	Levy
2457348.780647	9.51	2.108649	Levy
2457350.798524	6.1	2.077071	Levy
2457350.799357	8.54	2.111386	Levy
2457350.800191	4.73	2.111154	Levy
2457354.705281	-2.38	2.904449	Levy
2457354.706114	-0.05	2.858319	Levy
2457354.706924	0.05	2.714433	Levy
2457361.719081	16.92	2.316837	Levy
2457361.719834	19.49	2.384748	Levy
2457361.720598	18.74	2.541528	Levy
2457364.770303	-7.14	2.226363	Levy
2457364.771125	-8.13	2.22863	Levy
2457364.771958	-5.42	2.249355	Levy
2457365.777216	2.52	2.420071	Levy
2457365.778513	0.71	1.982722	Levy
2457365.780063	-0.82	2.069445	Levy
2457424.640004	-2.02	2.52866	Levy
2457424.641011	-0.57	2.405974	Levy
2457424.641983	-1.46	2.160946	Levy
2457426.631296	1.87	2.538106	Levy
2457426.632049	2.98	2.328549	Levy
2457426.632801	7.91	2.447008	Levy
2457427.633325	2.22	3.27001	Levy
2457427.634054	3.54	3.193844	Levy
2457427.634783	4.1	3.220275	Levy
2457427.680022	7.71	2.357736	Levy
2457427.680821	2.72	2.722044	Levy
2457427.681619	4.46	2.4025	Levy
2457429.645843	4.86	2.377913	Levy
2457429.64884	2.56	2.356972	Levy
2457429.651293	6.4	2.335111	Levy
2457429.658156	2.11	2.071798	Levy
2457429.658943	1.78	2.001331	Levy
2457429.65973	0.07	1.963408	Levy
2457432.675064	5.97	2.125463	Levy
2457432.676453	8.81	2.157253	Levy
2457432.67783	4.92	2.090807	Levy
2457443.659825	4.53	2.034407	Levy
2457443.660647	0.83	2.08525	Levy
2457443.661457	2.2	2.274683	Levy
2457446.628834	7.33	2.361508	Levy
2457446.629563	2.09	2.173451	Levy
2457446.630292	3.49	2.409356	Levy
2457471.629522	5.32	2.791529	Levy
2457471.630309	4.93	2.813259	Levy
2457471.631119	7.79	2.728477	Levy
2457600.005211	-6.26	2.644678	Levy
2457600.006032	-6.73	2.457265	Levy
2457600.006854	-5.91	2.449598	Levy
2457600.007827	-1.32	2.459035	Levy
2457600.00866	-7.6	2.460168	Levy
2457600.009505	-6.1	2.549016	Levy
2457600.010419	-6.71	2.503266	Levy
2457600.011253	-6.2	2.464348	Levy
2457600.012098	-1.8	2.556132	Levy
2457605.997531	-6.1	2.083029	Levy
2457605.99833	-2.2	2.31352	Levy
2457605.999105	-5.45	2.193332	Levy
2457608.000876	-28.6	2.260433	Levy
2457608.001802	-22.99	2.44899	Levy
2457608.00274	-20.83	2.499406	Levy
2457611.014725	-15.4	2.119717	Levy
2457611.015478	-19.65	2.296409	Levy
2457611.01623	-11.7	2.076661	Levy
2457613.940014	3.29	2.714967	Levy
2457613.940928	1.4	2.567714	Levy
2457613.941843	1.8	2.453393	Levy
2457614.969003	0.16	2.496559	Levy
2457614.969837	5.11	2.457717	Levy
2457614.97067	5.92	2.565451	Levy
2457617.007316	4.75	2.317904	Levy
2457617.008103	1.84	2.24681	Levy
2457617.008902	-1.61	2.047658	Levy
2457618.97987	-11.44	2.535769	Levy
2457618.980727	-13.56	2.471821	Levy
2457618.981572	-8.18	2.50991	Levy
2457621.943388	-17.15	2.577403	Levy
2457621.944256	-8.65	2.692946	Levy
2457621.945124	-11.71	2.848219	Levy
2457625.961425	2.04	2.277486	Levy
2457625.962235	2.2	2.287945	Levy
2457625.963068	1.08	2.276123	Levy
2457627.955457	-6.98	2.397789	Levy
2457627.956256	-4.0	2.336266	Levy
2457627.957043	-1.15	2.259128	Levy
2457634.040493	-7.76	2.431582	Levy
2457634.041222	-7.2	2.354348	Levy
2457636.011738	0.15	1.87406	Levy
2457636.013555	0.23	2.186758	Levy
2457636.015315	-0.82	1.966601	Levy
2457638.030889	-5.75	2.387212	Levy
2457638.031711	-8.96	2.459607	Levy
2457638.032545	-6.24	2.282433	Levy
2457643.997106	-16.37	2.172771	Levy
2457643.99787	-17.06	2.314694	Levy
2457643.998634	-8.2	2.405153	Levy
2457668.93237	0.35	2.338571	Levy
2457668.933122	-1.88	2.245984	Levy
2457668.933875	2.54	2.233783	Levy
2457669.904071	1.39	2.512373	Levy
2457669.904754	4.07	2.412469	Levy
2457669.905425	5.59	2.439308	Levy
2457670.881303	-10.39	2.702768	Levy
2457670.881986	-6.48	2.263349	Levy
2457670.882669	-8.33	2.439305	Levy
2457674.833069	-3.27	2.321892	Levy
2457674.83374	-7.6	2.565728	Levy
2457674.834423	-5.01	2.454861	Levy
2457679.906356	-8.42	2.943838	Levy
2457679.907062	-17.59	3.072184	Levy
2457679.907769	-11.71	3.121193	Levy
2457687.843854	1.97	2.492388	Levy
2457687.844572	2.78	2.23329	Levy
2457687.845266	0.01	2.210242	Levy
2457694.760415	-0.44	2.222218	Levy
2457694.76119	-3.8	2.26753	Levy
2457694.761966	-4.48	2.270291	Levy
2457696.820261	-4.47	2.19657	Levy
2457696.821037	-7.22	2.285365	Levy
2457696.821882	-3.42	2.403842	Levy
2457700.893534	-12.64	2.421294	Levy
2457700.894252	-6.12	2.397033	Levy
2457700.894958	-11.8	2.528585	Levy
2457701.847783	-7.5	2.41502	Levy
2457701.848454	-11.38	2.342452	Levy
2457701.849137	-12.4	2.266881	Levy
2457702.82394	-15.51	2.076833	Levy
2457702.824657	-12.86	2.011124	Levy
2457702.825386	-13.88	2.201049	Levy
2457703.825929	-20.73	2.081893	Levy
2457703.82653	-19.25	2.145314	Levy
2457703.827294	-16.92	2.127094	Levy
2457705.805353	-10.55	2.312835	Levy
2457705.806036	-6.45	2.241036	Levy
2457705.806719	-10.77	2.230431	Levy
2457707.783105	-7.34	2.086949	Levy
2457707.783788	-8.41	2.186574	Levy
2457707.784459	-9.64	2.100615	Levy
2457717.797489	-17.48	2.020406	Levy
2457717.798218	-13.12	2.173622	Levy
2457717.798947	-12.89	2.081778	Levy
2457722.798646	-11.77	2.020859	Levy
2457728.741929	1.04	3.033091	Levy
2457728.742624	-7.89	2.84546	Levy
2457728.743307	-13.96	2.641603	Levy
2457741.725187	-15.72	2.036657	Levy
2457741.726356	-15.83	1.992682	Levy
2457741.727443	-10.94	2.124667	Levy
2457743.719434	-18.29	2.10206	Levy
2457743.722501	-16.68	2.46273	Levy
2457743.726181	-16.09	2.31706	Levy
2457745.713908	-16.41	2.272346	Levy
2457745.714719	-22.01	2.182337	Levy
2457745.71554	-16.72	2.124072	Levy
2457749.712634	-7.0	2.354293	Levy
2457749.713445	-4.64	2.19793	Levy
2457749.714243	-6.2	2.394074	Levy
2457751.722257	-17.57	2.378013	Levy
2457751.722997	-13.9	2.282905	Levy
2457751.72375	-16.97	2.281387	Levy
2457753.696113	-12.02	2.345444	Levy
2457753.696923	-10.31	2.207818	Levy
2457753.697745	-15.38	2.31201	Levy
2457798.700216	-18.62	3.613523	Levy
2457798.701084	-10.22	4.032857	Levy
2457798.702126	-25.71	3.926879	Levy
2457821.655154	-5.4	2.769632	Levy
2457821.655837	-2.99	2.782531	Levy
2457821.656543	-4.77	2.959456	Levy
2457957.003361	-9.42	2.666161	Levy
2457957.004032	-18.75	2.721632	Levy
2457957.004692	-18.07	2.861142	Levy
2457971.979052	-19.64	2.609517	Levy
2457971.979793	-21.74	2.506127	Levy
2457971.980522	-20.58	2.52901	Levy
2457975.96963	-29.9	2.50077	Levy
2457975.970417	-26.6	2.551032	Levy
2457975.971204	-26.59	2.447181	Levy
2457983.002044	-25.13	2.355556	Levy
2457983.002785	-28.48	2.19163	Levy
2457983.003526	-23.69	2.334755	Levy
2457991.932515	-19.97	2.543822	Levy
2457991.933337	-19.61	2.365724	Levy
2457991.934147	-20.31	2.418004	Levy
2457993.014226	-23.62	2.13404	Levy
2457993.01499	-30.11	2.318572	Levy
2457993.015754	-21.83	2.051771	Levy
2458011.864297	-6.39	3.200573	Levy
2458011.865003	-14.24	3.063727	Levy
2458011.865709	-8.81	2.975717	Levy
2458011.97647	-3.93	2.687405	Levy
2458011.977118	-9.78	2.719376	Levy
2458011.977789	-13.28	2.598668	Levy
2458024.974749	-9.99	2.197702	Levy
2458024.975432	-10.66	2.225408	Levy
2458024.976127	-9.56	2.459964	Levy
2458027.814518	-18.68	3.083764	Levy
2458027.816439	-16.81	3.074426	Levy
2458027.818314	-19.4	2.785898	Levy
2458027.94111	-18.22	4.213447	Levy
2458027.941874	-18.13	2.924648	Levy
2458027.942603	-18.38	3.450935	Levy
2458031.946079	-16.01	2.186435	Levy
2458031.946866	-15.41	2.337772	Levy
2458031.947653	-17.23	2.21769	Levy
2458032.937518	-9.09	2.279069	Levy
2458032.938339	-6.62	2.199855	Levy
2458032.939184	-10.73	2.247608	Levy
2458039.828521	-12.02	2.288061	Levy
2458039.82932	-12.76	2.254598	Levy
2458039.830107	-10.73	2.374495	Levy
2458040.958786	-14.86	2.283245	Levy
2458040.959608	-15.63	2.275293	Levy
2458040.960418	-15.16	2.302664	Levy
2458041.900304	-17.38	2.267325	Levy
2458041.901068	-20.79	2.029046	Levy
2458041.901832	-20.04	2.098538	Levy
2458051.733766	-9.28	3.285109	Levy
2458051.734472	-13.6	3.339096	Levy
2458051.735178	-10.66	3.230547	Levy
2458063.830875	-9.47	3.216592	Levy
2458063.831604	-18.04	3.187265	Levy
2458063.832333	-11.1	3.485289	Levy
2458080.849471	-28.17	2.219044	Levy
2458080.850247	-28.91	2.423884	Levy
2458080.851057	-23.24	2.280855	Levy
2458086.734694	-10.09	2.623601	Levy
2458086.735377	-17.91	2.749368	Levy
2458086.736059	-13.81	2.645745	Levy
2458088.695628	-8.24	2.746152	Levy
2458088.696288	-8.44	2.702553	Levy
2458088.696948	-6.73	2.928108	Levy
2458088.809259	-3.59	2.285168	Levy
2458088.81	-7.83	2.235029	Levy
2458088.810752	-3.13	2.324176	Levy
2458115.681059	-32.5	2.886759	Levy
2458115.681742	-37.07	2.70783	Levy
2458115.682402	-38.8	2.761456	Levy
2458119.722309	-11.88	3.305682	Levy
2458119.722992	-9.47	2.803021	Levy
2458119.723675	-8.95	3.070523	Levy
2458131.666807	-15.23	2.808085	Levy
2458131.667501	-3.72	2.91827	Levy
2458131.668207	-9.99	2.987586	Levy
2458156.699114	-6.81	2.396741	Levy
2458156.700052	-6.12	2.386171	Levy
2458156.700943	-2.55	2.399831	Levy
2458175.619703	-4.6	2.537026	Levy
2458175.621415	-9.71	2.26212	Levy
2458175.622735	-5.39	2.21403	Levy
2458343.000004	-3.22	2.546557	Levy
2458343.000825	-4.83	2.481924	Levy
2458343.001647	-5.67	2.54212	Levy
2458356.914645	-1.36	2.229423	Levy
2458356.915409	-4.72	2.166622	Levy
2458356.916185	2.84	2.08409	Levy
2458357.924255	-12.01	2.489594	Levy
2458357.925007	-16.35	2.316431	Levy
2458357.92576	-17.44	2.347639	Levy
2458359.901804	-19.24	2.443514	Levy
2458359.90266	-25.73	2.49573	Levy
2458359.903494	-20.22	2.512422	Levy
2458369.03587	-8.97	2.192206	Levy
2458369.036622	-7.22	2.229497	Levy
2458369.037386	-6.04	2.135281	Levy
2458370.041445	-18.25	2.272461	Levy
2458370.042151	-18.08	2.260754	Levy
2458370.042846	-20.25	2.406303	Levy
2458379.017441	-4.8	2.392436	Levy
2458379.018112	-5.5	2.498543	Levy
2458379.018784	-7.38	2.286192	Levy
2458387.962148	3.39	2.259562	Levy
2458387.962912	1.27	2.421143	Levy
2458387.963687	-0.11	2.227218	Levy
2458390.002039	1.72	2.497093	Levy
2458390.003405	2.69	2.370191	Levy
2458390.003405	-2.89	2.46669	Levy
2458390.977593	-3.06	2.261389	Levy
2458390.978415	3.35	2.414907	Levy
2458390.97926	2.41	2.37665	Levy
2458398.84829	4.51	3.296919	Levy
2458398.849031	-2.61	3.375449	Levy
2458398.84976	-2.75	3.018177	Levy
2458398.919544	0.82	2.902654	Levy
2458398.920227	4.59	3.023768	Levy
2458398.920921	-5.49	2.891796	Levy
2458399.984919	-0.15	2.553375	Levy
2458399.985729	1.95	2.510467	Levy
2458399.986539	1.36	2.436646	Levy
2458400.972997	0.34	2.457318	Levy
2458400.973749	-0.6	2.36973	Levy
2458400.97449	0.62	2.406391	Levy
2458410.923862	-12.64	2.462468	Levy
2458410.924545	-7.35	2.314389	Levy
2458410.925239	-8.92	2.350722	Levy
2458414.888585	9.86	2.174323	Levy
2458414.889326	4.71	2.099911	Levy
2458414.890044	1.61	2.286612	Levy
2458418.893391	-21.68	2.424185	Levy
2458418.894178	-25.37	2.402035	Levy
2458418.894965	-20.21	2.348437	Levy
2458419.902706	-13.62	2.985253	Levy
2458419.903701	-11.57	2.792271	Levy
2458419.905889	-11.59	2.071826	Levy
2458480.711989	-4.31	2.476139	Levy
2458480.713054	2.18	2.595692	Levy
2458480.714188	-0.89	2.540105	Levy
2458487.641215	-4.39	2.372384	Levy
2458487.641909	-4.97	2.27941	Levy
2458487.642603	-6.74	2.405068	Levy
2458488.629556	-16.61	2.835097	Levy
2458488.630227	-17.42	2.531946	Levy
2458488.630887	-15.66	2.404557	Levy
2458732.019593	-7.99	2.405201	Levy
2458732.022209	-9.53	2.273048	Levy
2458732.024339	-7.23	2.32271	Levy
2458746.875166	-2.41	2.333435	Levy
2458746.875999	3.22	2.401675	Levy
2458746.876832	1.49	2.391411	Levy
2458746.877666	2.54	2.259021	Levy
2458747.837394	6.14	2.723847	Levy
2458747.838309	0.56	2.661699	Levy
2458747.839235	2.39	2.840678	Levy
2458747.840184	5.68	2.693099	Levy
2458749.879403	1.21	2.640738	Levy
2458749.880364	5.31	2.524722	Levy
2458749.881336	3.23	2.644246	Levy
2458752.98277	-15.6	2.065182	Levy
2458752.98358	-11.82	2.238616	Levy
2458752.984379	-10.04	2.218408	Levy
2458752.985201	-12.86	2.273582	Levy
2458765.850619	0.59	2.508318	Levy
2458765.85151	-1.54	2.253398	Levy
2458765.852436	-5.55	2.65111	Levy
2458798.882412	15.73	3.198848	Levy
2447046.9634	8.14	7.727691	Hamilton
2447046.9672	6.47	6.802651	Hamilton
2447046.9709	5.18	7.463584	Hamilton
2447046.9736	8.4	6.642499	Hamilton
2447047.9299	21.5	8.402184	Hamilton
2447048.9113	5.11	8.339944	Hamilton
2447048.914	4.34	7.686019	Hamilton
2447093.8471	-24.53	8.73261	Hamilton
2447093.8619	-9.43	9.912696	Hamilton
2447149.8269	-1.77	11.767899	Hamilton
2447149.8413	11.63	11.551557	Hamilton
2447149.8537	21.42	12.547954	Hamilton
2447181.6829	-39.93	24.02862	Hamilton
2447181.7034	-30.8	17.02852	Hamilton
2447181.7161	-48.7	16.746506	Hamilton
2447181.7287	-16.81	17.715805	Hamilton
2447182.7241	-11.76	23.69484	Hamilton
2447182.7389	6.98	24.31483	Hamilton
2447182.7536	-30.22	25.089048	Hamilton
2447182.7685	4.99	28.245985	Hamilton
2447193.6659	-4.91	8.290956	Hamilton
2447193.6701	-26.29	6.628775	Hamilton
2447193.6743	-24.2	7.431914	Hamilton
2447193.6787	-16.32	7.263466	Hamilton
2447193.6829	-11.03	6.591197	Hamilton
2447194.6696	-17.62	8.583955	Hamilton
2447194.6737	-14.94	9.190423	Hamilton
2447194.6778	-2.63	10.429771	Hamilton
2447194.6818	-27.65	8.883215	Hamilton
2447223.6385	-11.0	5.604172	Hamilton
2447223.644	-14.49	5.963427	Hamilton
2447223.648	-13.97	7.28494	Hamilton
2447223.6525	-11.45	7.101669	Hamilton
2447374.9801	22.28	7.132146	Hamilton
2447374.9823	19.32	8.505125	Hamilton
2447389.9831	-7.44	7.086042	Hamilton
2447392.0074	-19.82	6.882835	Hamilton
2447430.9645	11.92	6.900922	Hamilton
2447430.9679	4.21	6.800732	Hamilton
2447430.9713	2.92	7.399039	Hamilton
2447431.8322	20.0	8.539471	Hamilton
2447578.6356	2.41	6.344391	Hamilton
2447578.6412	-21.33	6.046548	Hamilton
2447578.6461	1.79	5.614222	Hamilton
2447793.0239	23.93	10.870317	Hamilton
2447793.9745	4.0	9.538012	Hamilton
2447794.9337	18.54	9.079875	Hamilton
2447845.8065	-27.72	9.184496	Hamilton
2447845.819	-22.74	8.95342	Hamilton
2447846.9252	-11.48	8.333195	Hamilton
2447919.6767	-19.29	10.420707	Hamilton
2447964.64	33.9	15.019916	Hamilton
2447964.6507	63.57	24.454319	Hamilton
2448114.0053	4.03	12.107287	Hamilton
2448114.0085	-15.7	11.981067	Hamilton
2448114.0117	-5.38	11.565298	Hamilton
2448115.0089	-0.07	13.471602	Hamilton
2448115.0111	17.21	14.100534	Hamilton
2448115.0134	15.88	14.941846	Hamilton
2448199.8778	-18.22	8.651372	Hamilton
2448199.8818	-24.23	8.57076	Hamilton
2448200.8273	-3.74	11.468832	Hamilton
2448200.8325	3.12	10.129598	Hamilton
2448200.8392	-10.85	9.743494	Hamilton
2448648.6776	-4.1	7.33458	Hamilton
2448648.6808	4.17	7.583689	Hamilton
2448648.6839	-3.75	7.117182	Hamilton
2448848.0204	33.02	8.692424	Hamilton
2448848.0226	26.0	8.479832	Hamilton
2448848.0247	23.65	8.924314	Hamilton
2448857.9797	31.81	6.996276	Hamilton
2448858.0015	32.16	7.653647	Hamilton
2448893.9169	35.33	7.828252	Hamilton
2448893.9387	27.81	9.406754	Hamilton
2448894.9834	43.95	7.502311	Hamilton
2448895.9854	49.98	7.780976	Hamilton
2448899.9767	30.7	7.81108	Hamilton
2448900.9611	27.84	9.322685	Hamilton
2448902.008	18.29	8.924949	Hamilton
2448903.0094	24.38	8.02392	Hamilton
2448905.016	22.56	8.024275	Hamilton
2448935.9134	20.48	11.574022	Hamilton
2448935.9322	22.52	10.241555	Hamilton
2448991.8098	15.35	8.469829	Hamilton
2448991.8141	24.73	8.873731	Hamilton
2448992.7184	24.47	6.352899	Hamilton
2448992.7208	25.86	7.995769	Hamilton
2448992.7233	26.08	6.915226	Hamilton
2449256.0154	17.71	10.35607	Hamilton
2449299.8643	-14.78	10.589447	Hamilton
2449299.8733	0.92	9.784762	Hamilton
2449350.822	3.26	13.070751	Hamilton
2449350.8244	10.29	8.337978	Hamilton
2449569.9832	6.36	7.916664	Hamilton
2449572.962	-0.98	9.170011	Hamilton
2449574.9639	-1.03	7.851317	Hamilton
2449621.973	1.15	9.224339	Hamilton
2449621.9745	4.0	9.415951	Hamilton
2449622.8881	13.49	8.545407	Hamilton
2449622.8895	9.07	9.940899	Hamilton
2449679.8068	-5.61	4.084949	Hamilton
2449679.810547	-8.41	4.823561	Hamilton
2449679.814453	0.45	5.544282	Hamilton
2449679.818359	-3.25	5.155403	Hamilton
2449679.821289	-2.81	4.546598	Hamilton
2449769.670898	2.03	3.638646	Hamilton
2449769.676758	7.7	3.98983	Hamilton
2449769.682617	-0.27	3.677531	Hamilton
2449769.6875	-3.0	3.811174	Hamilton
2450005.003906	-14.68	3.966312	Hamilton
2450005.006836	-9.24	3.644252	Hamilton
2450090.727539	-8.88	3.304818	Hamilton
2450090.732422	-11.24	3.332715	Hamilton
2450326.951172	2.21	3.564438	Hamilton
2450504.647461	11.25	4.765837	Hamilton
2450682.004883	14.6	3.796151	Hamilton
2450793.787109	14.04	5.18403	Hamilton
2451101.97168	20.17	4.43818	Hamilton
2451130.892578	16.43	5.870521	Hamilton
2451174.757812	15.48	5.08921	Hamilton
2451799.001953	1.42	5.570321	Hamilton
2451799.012695	3.37	5.271721	Hamilton
2451803.022461	4.41	5.074818	Hamilton
2451806.003906	13.48	4.742109	Hamilton
2451806.956055	12.44	5.166058	Hamilton
2451808.933594	14.49	5.432184	Hamilton
2451811.935547	19.17	5.558206	Hamilton
2451816.932617	13.92	4.884328	Hamilton
2451822.948242	24.15	5.152546	Hamilton
2451824.958008	30.63	5.000194	Hamilton
2451824.969727	39.81	5.164712	Hamilton
2451825.981445	31.0	5.396303	Hamilton
2451825.990234	23.39	5.559508	Hamilton
2451826.979492	8.91	9.87551	Hamilton
2451826.988281	14.07	6.171791	Hamilton
2451831.907227	4.49	5.224078	Hamilton
2451831.916016	-1.04	5.528464	Hamilton
2451865.822266	4.46	5.089579	Hamilton
2451865.833984	3.25	4.707484	Hamilton
2451866.835938	4.05	5.758084	Hamilton
2451866.848633	5.0	4.711122	Hamilton
2451867.828125	3.05	8.228488	Hamilton
2451867.848633	6.99	5.330514	Hamilton
2451867.874023	0.09	5.482682	Hamilton
2451868.839844	10.9	5.074934	Hamilton
2451868.849609	-1.92	4.974897	Hamilton
2452142.015625	20.61	5.123643	Hamilton
2452143.000977	14.12	5.00347	Hamilton
2452143.016602	17.56	4.977355	Hamilton
2452144.021484	7.75	5.453723	Hamilton
2452145.985352	4.12	5.142078	Hamilton
2452145.998047	-0.13	4.871854	Hamilton
2452184.928711	11.72	5.295114	Hamilton
2452195.973633	0.79	5.521767	Hamilton
2452203.898438	11.78	5.384397	Hamilton
2452203.911133	7.65	5.325147	Hamilton
2452215.836914	13.13	5.241763	Hamilton
2452228.861328	-5.26	5.421636	Hamilton
2452228.876953	-3.73	5.276127	Hamilton
2452267.735352	-2.52	4.13291	Hamilton
2452292.763672	-13.31	5.893086	Hamilton
2452292.791016	-11.25	6.206694	Hamilton
2452293.745117	0.41	5.59638	Hamilton
2452293.765625	-8.16	5.464022	Hamilton
2452294.729492	-0.4	5.834226	Hamilton
2452294.758789	-1.07	5.692337	Hamilton
2452494.009766	-3.66	4.301357	Hamilton
2452509.025391	-10.11	3.971896	Hamilton
2452509.02832	-9.48	3.773245	Hamilton
2452509.921875	-4.7	4.373138	Hamilton
2452513.024414	-0.93	3.791732	Hamilton
2452513.02832	-2.43	3.856617	Hamilton
2452515.995117	-2.14	3.778048	Hamilton
2452516.009766	-6.21	3.757046	Hamilton
2452516.024414	-3.92	3.818931	Hamilton
2452520.99707	-3.1	4.033167	Hamilton
2452521.008789	-6.48	3.816356	Hamilton
2452521.025391	-10.99	4.149599	Hamilton
2452523.979492	-14.56	4.909459	Hamilton
2452523.99707	-15.3	3.689732	Hamilton
2452524.017578	-11.91	3.624862	Hamilton
2452535.958008	-2.21	4.054227	Hamilton
2452535.963867	-9.85	4.099413	Hamilton
2452535.96875	-5.46	3.915206	Hamilton
2452541.010742	-7.81	4.292703	Hamilton
2452541.023438	-1.5	4.368577	Hamilton
2452541.036133	-5.75	4.778649	Hamilton
2452542.989258	7.01	5.260436	Hamilton
2452553.915039	2.24	3.968799	Hamilton
2452553.930664	-0.97	4.080084	Hamilton
2452554.897461	-2.22	4.039844	Hamilton
2452554.90918	-4.83	4.113372	Hamilton
2452562.964844	-3.84	4.015419	Hamilton
2452574.933594	5.9	4.784687	Hamilton
2452574.951172	0.41	4.790695	Hamilton
2452577.893555	-22.17	4.402043	Hamilton
2452577.902344	-24.24	4.527846	Hamilton
2452598.880859	1.78	3.524388	Hamilton
2452598.896484	-0.59	3.694924	Hamilton
2452599.854492	-11.76	4.557505	Hamilton
2452599.866211	0.42	5.639596	Hamilton
2452600.90625	-10.35	3.779847	Hamilton
2452600.916992	-6.87	3.718816	Hamilton
2452606.837891	-15.05	3.441657	Hamilton
2452606.848633	-5.95	3.371252	Hamilton
2452608.874023	-3.09	3.488254	Hamilton
2452608.888672	0.7	3.873414	Hamilton
2452631.739258	-2.35	4.240041	Hamilton
2452631.753906	-9.46	4.067018	Hamilton
2452893.990234	-5.9	3.715079	Hamilton
2452896.003906	1.01	3.924639	Hamilton
2452898.001953	-0.2	3.860586	Hamilton
2452910.977539	10.09	3.89478	Hamilton
2452910.987305	8.11	3.744778	Hamilton
2452910.99707	14.68	3.995256	Hamilton
2452926.90625	10.19	4.189212	Hamilton
2452926.917969	10.12	3.96181	Hamilton
2452926.930664	2.31	4.162573	Hamilton
2452937.839844	0.86	3.743144	Hamilton
2452937.850586	1.65	3.817316	Hamilton
2452937.862305	-3.89	4.09581	Hamilton
2452968.821289	6.39	3.480438	Hamilton
2452968.833984	3.37	3.76929	Hamilton
2452968.845703	2.16	3.995101	Hamilton
2452970.785156	12.13	3.577781	Hamilton
2452970.795898	15.63	3.447291	Hamilton
2452970.807617	20.34	3.794929	Hamilton
2453010.786133	2.29	4.337865	Hamilton
2453020.743164	-7.31	4.348794	Hamilton
2453048.68985	13.53	3.461096	Hamilton
2453250.994141	3.53	3.8577	Hamilton
2453250.998047	-1.47	4.495766	Hamilton
2453252.017578	2.54	4.30123	Hamilton
2453280.979492	13.91	4.226218	Hamilton
2453315.867188	17.24	4.105932	Hamilton
2453315.884766	13.44	4.271949	Hamilton
2453336.814453	14.96	5.19423	Hamilton
2453336.821289	13.26	6.584757	Hamilton
2453338.723633	26.7	4.285033	Hamilton
2453341.808484	9.53	4.128868	Hamilton
2453341.821956	9.38	3.718902	Hamilton
2453361.747928	3.98	4.667638	Hamilton
2453362.785266	2.23	4.393849	Hamilton
2453362.790833	4.22	4.505454	Hamilton
2453363.751944	0.79	4.522703	Hamilton
2453363.755741	-0.73	4.46404	Hamilton
2453402.674688	11.88	4.18905	Hamilton
2453402.684549	8.98	4.118758	Hamilton
2453403.682789	9.64	3.854552	Hamilton
2453403.69044	13.32	4.066912	Hamilton
2453405.663021	7.47	3.970291	Hamilton
2453405.66941	1.83	4.253571	Hamilton
2453636.966632	11.04	4.505815	Hamilton
2453636.969572	16.39	3.942997	Hamilton
2453637.943137	12.77	4.592878	Hamilton
2453637.952072	2.92	4.499565	Hamilton
2453742.758067	9.08	4.741485	Hamilton
2453742.763623	10.43	3.973952	Hamilton
2453755.65838	-5.92	3.864848	Hamilton
2453755.662616	1.18	3.974472	Hamilton
2453756.7025	-3.38	4.073035	Hamilton
2453756.706528	-1.62	4.082446	Hamilton
2453773.684815	14.95	4.611235	Hamilton
2453773.689109	18.28	4.326732	Hamilton
2453962.998461	14.51	4.242425	Hamilton
2453963.004896	5.69	4.461587	Hamilton
2453988.867488	11.05	5.073382	Hamilton
2453988.870012	17.01	4.837348	Hamilton
2453989.95706	14.31	3.840547	Hamilton
2453989.960174	15.42	3.68087	Hamilton
2454071.876632	40.27	4.437365	Hamilton
2454071.880278	37.82	4.23989	Hamilton
2454072.780868	36.34	4.403695	Hamilton
2454072.783403	40.55	4.217871	Hamilton
2454073.726481	37.69	3.977694	Hamilton
2454097.764583	25.3	4.812986	Hamilton
2454098.702199	13.59	5.679221	Hamilton
2454102.720081	4.94	4.053957	Hamilton
2454102.723819	10.43	4.039044	Hamilton
2454103.69853	6.47	3.927558	Hamilton
2454103.702396	9.35	4.164924	Hamilton
2454133.734201	-3.73	4.160096	Hamilton
2454133.737812	-4.46	4.186793	Hamilton
2454135.702095	8.3	4.442244	Hamilton
2454135.705	2.92	5.141312	Hamilton
2454337.96684	17.73	4.006213	Hamilton
2454337.969479	18.86	3.599927	Hamilton
2454340.976227	12.61	4.216556	Hamilton
2454340.979676	14.5	4.155596	Hamilton
2454340.982141	13.64	3.953458	Hamilton
2454340.984572	15.94	3.595912	Hamilton
2454340.986991	15.98	4.020752	Hamilton
2454373.960625	29.55	3.892452	Hamilton
2454373.963113	24.38	3.744124	Hamilton
2454383.030891	17.94	4.661714	Hamilton
2454383.039838	9.34	5.043169	Hamilton
2454425.86912	5.48	4.341519	Hamilton
2454425.875856	-2.39	4.141079	Hamilton
2454427.799155	10.46	3.991963	Hamilton
2454427.803264	7.77	4.26824	Hamilton
2454723.007037	2.32	4.29525	Hamilton
2454723.009468	0.54	3.634807	Hamilton
2454723.989387	8.66	4.017542	Hamilton
2454723.992512	7.69	4.343524	Hamilton
2454725.016354	3.79	3.542497	Hamilton
2454725.018877	9.58	3.8181	Hamilton
2454726.006771	-0.89	3.727937	Hamilton
2454726.009398	1.69	4.109486	Hamilton
2454753.945255	4.64	4.649254	Hamilton
2454753.951204	2.94	4.370873	Hamilton
2454753.957141	2.51	4.405964	Hamilton
2454756.902234	2.07	4.446956	Hamilton
2454783.774826	2.72	4.620818	Hamilton
2454783.777419	0.45	4.451307	Hamilton
2454783.780208	-2.96	4.684212	Hamilton
2454784.78669	-9.45	4.245616	Hamilton
2454784.78978	-12.96	4.465763	Hamilton
2454784.793113	-0.77	4.611352	Hamilton
2454785.885197	-16.42	4.556426	Hamilton
2454785.887616	-16.65	4.337805	Hamilton
2454785.890035	-13.4	4.810814	Hamilton
2454845.699444	-0.82	4.716022	Hamilton
2454845.701181	-8.64	5.008718	Hamilton
2454845.703021	2.43	4.324479	Hamilton
2454845.704861	-7.13	5.29645	Hamilton
2454863.672697	-10.9	6.222418	Hamilton
2454863.674109	-6.09	6.461377	Hamilton
2455108.025718	5.43	5.670105	Hamilton
2455114.002975	16.87	5.920042	Hamilton
2455114.004468	26.01	6.017182	Hamilton
2455114.006007	24.89	6.138467	Hamilton
2455114.997257	20.21	5.93405	Hamilton
2455114.999225	18.39	5.870283	Hamilton
2455115.000602	16.82	5.681415	Hamilton
2455115.97787	4.08	5.761972	Hamilton
2455115.979201	4.02	5.915197	Hamilton
2455115.980532	4.28	5.868115	Hamilton
2455171.849051	6.41	6.361545	Hamilton
2455171.851181	13.26	6.614523	Hamilton
2455199.734664	-1.01	8.380462	Hamilton
2455199.740185	-9.08	8.231146	Hamilton
2455199.745509	8.41	7.909607	Hamilton
2455199.749942	2.87	8.290956	Hamilton
2455199.754225	0.23	8.221346	Hamilton
2455200.704375	-15.49	8.608055	Hamilton
2455200.706481	-6.07	8.084073	Hamilton
2455200.708669	-6.66	8.225333	Hamilton
2455200.710787	-14.6	8.265842	Hamilton
2455200.71294	-16.12	8.454366	Hamilton
2455201.785046	-0.03	5.316244	Hamilton
2455201.786539	-1.5	5.565241	Hamilton
2455201.788021	2.39	5.934569	Hamilton
2455201.789537	-0.86	5.766336	Hamilton
2455201.791053	2.3	6.003636	Hamilton
2455228.680752	5.55	5.609792	Hamilton
2455228.682731	7.94	5.877936	Hamilton
2455228.684687	12.92	5.745424	Hamilton
2451066.9339	-3.6	6.4	Tull
2451212.6671	13.6	5.0	Tull
2451239.6133	1.7	8.6	Tull
2451449.9333	6.5	5.0	Tull
2451503.8574	14.7	5.1	Tull
2451529.6986	-3.5	7.4	Tull
2451555.6645	-0.2	5.2	Tull
2451775.9643	1.3	5.9	Tull
2451809.9033	-2.7	4.8	Tull
2451917.726	2.9	5.5	Tull
2451984.574	-2.8	5.0	Tull
2452142.9227	-0.7	6.2	Tull
2452142.9264	-0.4	6.1	Tull
2452248.7921	-14.0	5.9	Tull
2452303.6266	-16.1	7.7	Tull
2452328.6208	2.1	5.6	Tull
2452330.6064	-0.9	5.7	Tull
2452539.9226	-16.4	6.4	Tull
2452576.9378	2.0	5.5	Tull
2452661.6445	-11.8	5.2	Tull
2452931.8912	-13.9	6.4	Tull
2452958.7449	-0.4	5.4	Tull
2452958.7481	0.0	6.0	Tull
2453016.7424	2.9	6.0	Tull
2453016.7456	2.1	6.0	Tull
2453035.6757	-5.2	5.6	Tull
2453075.594	3.0	5.7	Tull
2453318.8124	-10.1	6.6	Tull
2453632.952	-1.2	5.3	Tull
2453632.955	0.4	5.5	Tull
2453689.89	-3.0	5.2	Tull
2453745.711	6.3	5.1	Tull
2453809.585	9.0	5.5	Tull
2450145.5272427	16437.35	8.89	CES-LC
2449683.78483284	16448.85	13.68	CES-LC
2450145.53298265	16443.05	9.75	CES-LC
2449683.79022853	16453.25	13.32	CES-LC
2450417.78222169	16459.45	8.4	CES-LC
2450323.91686341	16444.15	8.83	CES-LC
2450417.78762569	16456.75	9.12	CES-LC
2448929.7551739	16442.05	12.8	CES-LC
2448929.76023228	16448.15	10.84	CES-LC
2449906.94799497	16435.85	12.35	CES-LC
2450819.66508371	16441.25	8.21	CES-LC
2450819.6705333	16439.15	6.88	CES-LC
2449358.64860706	16438.75	8.23	CES-LC
2449358.65089022	16429.05	9.04	CES-LC
2449358.65324837	16434.65	9.0	CES-LC
2449358.65620232	16428.55	7.05	CES-LC
2449358.65849381	16435.65	9.93	CES-LC
2449358.66077281	16444.55	9.93	CES-LC
2449358.6630518	16440.65	6.48	CES-LC
2449358.66543496	16446.45	6.43	CES-LC
2449358.66770562	16433.95	10.4	CES-LC
2449358.66998461	16440.45	8.44	CES-LC
2449358.67226361	16443.25	8.5	CES-LC
2449358.67480925	16434.05	9.22	CES-LC
2449358.67709241	16438.35	7.31	CES-LC
2449358.6793714	16447.65	9.15	CES-LC
2449358.6816379	16427.95	6.51	CES-LC
2449358.6839169	16433.65	4.64	CES-LC
2449358.68620006	16426.55	7.44	CES-LC
2449358.68847905	16434.25	6.47	CES-LC
2449358.69074555	16445.35	10.02	CES-LC
2449358.69302871	16437.75	11.36	CES-LC
2449549.92446117	16440.25	8.58	CES-LC
2449549.92971159	16446.15	7.48	CES-LC
2449907.8962605	16437.25	8.98	CES-LC
2449907.94435989	16425.75	10.45	CES-LC
2450704.87762378	16451.75	11.03	CES-LC
2450704.88282416	16439.75	12.56	CES-LC
2448972.69467382	16494.55	11.36	CES-LC
2448972.69988187	16492.65	10.87	CES-LC
2450304.89117464	16433.75	10.83	CES-LC
2450086.71521535	16440.75	10.56	CES-LC
2450648.92522659	16453.15	11.59	CES-LC
2450648.93186602	16448.05	12.79	CES-LC
2450752.78946252	16444.95	8.9	CES-LC
2450752.79465842	16445.45	8.74	CES-LC
2450752.79985433	16454.75	6.55	CES-LC
2450313.90845898	16434.95	11.51	CES-LC
2449413.53797949	16463.55	7.97	CES-LC
2449413.54321197	16454.05	10.24	CES-LC
2449309.7682759	16458.45	10.26	CES-LC
2449309.77330917	16432.65	13.74	CES-LC
2449310.74146646	16419.45	12.19	CES-LC
2449310.74653722	16422.75	10.95	CES-LC
2449601.79709781	16433.85	7.9	CES-LC
2449601.80237322	16433.15	9.93	CES-LC
2450357.90177187	16423.45	10.04	CES-LC
2450359.88137821	16440.25	7.98	CES-LC
2450385.88836471	16481.55	12.14	CES-LC
2450330.91541645	16436.35	11.93	CES-LC
2450524.51466705	16444.65	10.35	CES-LC
2450524.52008334	16436.55	9.29	CES-LC
2450478.62866258	16437.35	9.32	CES-LC
2450478.63337466	16447.85	9.61	CES-LC
2449731.60277086	16437.65	13.82	CES-LC
2449731.60961197	16444.15	11.64	CES-LC
2451504.6299885	16453.99	8.06	CES-VLC
2451504.6341667	16454.62	6.94	CES-VLC
2451504.6383332	16455.05	6.23	CES-VLC
2451542.7547643	16468.2	6.99	CES-VLC
2451542.7582595	16462.18	7.46	CES-VLC
2451542.7617546	16465.26	6.77	CES-VLC
2451597.5480055	16458.38	6.21	CES-VLC
2451597.550783	16463.18	6.82	CES-VLC
2451597.5535837	16460.2	6.73	CES-VLC
2451777.9313683	16440.7	9.24	CES-VLC
2451777.9341927	16442.83	9.66	CES-VLC
2451777.937017	16443.37	10.03	CES-VLC
2451832.8080208	16444.04	8.12	CES-VLC
2451832.8108103	16443.04	8.23	CES-VLC
2451832.8136113	16444.44	8.35	CES-VLC
2451833.8387761	16443.8	8.07	CES-VLC
2451833.8405354	16445.63	7.73	CES-VLC
2451833.8422832	16447.06	8.19	CES-VLC
2451834.7866336	16456.04	9.14	CES-VLC
2451834.7883929	16452.92	9.86	CES-VLC
2451834.7901406	16456.06	9.75	CES-VLC
2451839.8028078	16454.75	6.88	CES-VLC
2451839.8049027	16457.91	7.76	CES-VLC
2451839.8069977	16455.19	6.76	CES-VLC
2451949.5587664	16443.63	8.79	CES-VLC
2451949.5605255	16439.03	9.07	CES-VLC
2451949.5622846	16443.01	9.28	CES-VLC
2451950.5951672	16442.46	10.58	CES-VLC
2451950.5969263	16441.23	9.55	CES-VLC
2451950.5986739	16441.53	10.08	CES-VLC
2452159.9128719	16439.11	10.36	CES-VLC
2452159.9170273	16441.83	10.69	CES-VLC
2452159.9211943	16439.76	10.7	CES-VLC
2452160.7999542	16441.07	11.01	CES-VLC
2452160.8023734	16436.12	10.69	CES-VLC
2452160.8048041	16435.78	10.14	CES-VLC
2452259.7294652	16456.19	8.53	CES-VLC
2452259.7336317	16449.92	10.82	CES-VLC
2452259.7377865	16444.96	8.76	CES-VLC
2452364.4757609	16446.76	6.88	CES-VLC
2452364.477497	16441.81	9.45	CES-VLC
2452364.479233	16444.74	11.8	CES-VLC
2452535.8978848	16429.24	9.4	CES-VLC
2452535.8996095	16419.05	10.02	CES-VLC
2452535.9013457	16422.97	10.8	CES-VLC
2452651.5959078	16447.1	10.4	CES-VLC
2452651.5976669	16442.98	7.09	CES-VLC
2452651.5994029	16442.82	7.13	CES-VLC
2452658.6459897	16448.58	5.77	CES-VLC
2452658.6477372	16448.89	5.88	CES-VLC
2452658.6494732	16446.92	6.7	CES-VLC
2452861.9256503	16429.97	7.94	CES-VLC
2452861.9284399	16427.84	7.51	CES-VLC
2452861.9312411	16430.28	7.49	CES-VLC
2452921.7986162	16448.27	8.29	CES-VLC
2452921.8003755	16449.4	8.64	CES-VLC
2452921.8021349	16448.21	8.15	CES-VLC
2453042.6035137	16454.26	7.36	CES-VLC
2453042.60665	16453.48	7.89	CES-VLC
2453042.6097863	16451.75	7.01	CES-VLC
2453260.8403045	16437.24	9.66	CES-VLC
2453260.8424111	16440.41	12.75	CES-VLC
2453260.8445062	16440.48	9.86	CES-VLC
2453309.7900095	16440.76	8.18	CES-VLC
2453309.7917919	16445.0	8.88	CES-VLC
2453309.7935743	16439.71	9.2	CES-VLC
2453690.7924705	16460.6	7.36	CES-VLC
2453690.794276	16462.44	6.72	CES-VLC
2453690.7960468	16463.8	6.36	CES-VLC
