time	mnvel	errvel	tel
2455110.97566	-8.35	1.18	HIRES-post
2455171.90373	-3.67	1.2	HIRES-post
2455188.78474	7.34	1.12	HIRES-post
2455231.75904	-13.07	1.07	HIRES-post
2455255.7102163313	2.8540129782949206	0.741759364333183	HIRES-post
2455260.71455	7.49	1.06	HIRES-post
2455261.72057	1.66	1.38	HIRES-post
2455426.1442	-15.62	1.01	HIRES-post
2455427.14748	-17.83	0.9699999999999999	HIRES-post
2455434.14679	9.93	0.8999999999999999	HIRES-post
2455435.14572	5.52	0.93	HIRES-post
2455436.14394	-1.49	1.01	HIRES-post
2455437.14855	-3.78	1.05	HIRES-post
2455438.15014	-10.02	0.8799999999999999	HIRES-post
2455439.148134945	-10.853880940976339	0.5272675402596138	HIRES-post
2455440.15013	-16.07	0.9400000000000001	HIRES-post
2455441.14849	-16.73	0.9699999999999999	HIRES-post
2455456.01336	5.48	1.05	HIRES-post
2455465.07044	-10.52	1.02	HIRES-post
2455469.12459	8.43	0.9500000000000001	HIRES-post
2455486.99949	-11.29	1.09	HIRES-post
2455500.98188	0.95	0.96	HIRES-post
2455521.88821	-12.6	0.98	HIRES-post
2455542.94698	-12.52	1.14	HIRES-post
2455613.70484	-0.15	0.9699999999999999	HIRES-post
2455791.1383	3.34	0.8900000000000001	HIRES-post
2455792.134	-12.31	1.01	HIRES-post
2455793.13786	-17.59	0.86	HIRES-post
2455795.13964	-7.73	0.8700000000000001	HIRES-post
2455797.13722	-2.02	0.81	HIRES-post
2455798.14081	-3.27	0.8700000000000001	HIRES-post
2455807.10971	-3.42	0.99	HIRES-post
2455809.13465	-0.02	1.0	HIRES-post
2455870.98515	4.78	1.19	HIRES-post
2455902.8983333083	1.9757789017208074	0.7325073513134583	HIRES-post
2455960.69892	-7.09	1.24	HIRES-post
2456138.13079	0.69	0.98	HIRES-post
2456149.1329157315	0.029809454916164983	0.5406254118333785	HIRES-post
2456173.12962	4.25	1.04	HIRES-post
2456202.994297066	20.024836490574067	0.632867060140907	HIRES-post
2456327.70149	18.31	1.07	HIRES-post
2456343.70377	14.36	1.04	HIRES-post
2456530.11637	9.59	1.01	HIRES-post
2456532.12074	9.93	0.9500000000000001	HIRES-post
2456587.96188	18.93	1.08	HIRES-post
2456613.90524	10.55	1.03	HIRES-post
2456637.81061	22.28	1.08	HIRES-post
2456638.78691	28.91	1.05	HIRES-post
2456674.8042	13.1	1.11	HIRES-post
2456708.78373	3.76	0.92	HIRES-post
2456884.13063	12.91	1.04	HIRES-post
2456889.14604	21.35	0.8	HIRES-post
2456890.1462	13.97	0.8700000000000001	HIRES-post
2456894.13882	9.62	0.8700000000000001	HIRES-post
2456896.10998	16.77	0.84	HIRES-post
2456911.0203170977	13.67141227928943	0.6195477581887041	HIRES-post
2457234.13935	11.0	0.8700000000000001	HIRES-post
2457241.1379365856	8.81803173807568	0.5376108890943423	HIRES-post
2457243.14321	3.39	0.8900000000000001	HIRES-post
2457245.14538	5.26	0.8999999999999999	HIRES-post
2457246.1424	4.32	1.08	HIRES-post
2457247.14667	-2.18	0.93	HIRES-post
2457254.14817	11.92	0.86	HIRES-post
2457255.15163	9.21	0.8900000000000001	HIRES-post
2457256.15079	8.49	0.8700000000000001	HIRES-post
2457291.04329	9.93	0.99	HIRES-post
2457326.97811	7.24	1.15	HIRES-post
2457353.87669	-1.58	1.16	HIRES-post
2457378.78618	1.86	1.15	HIRES-post
2457384.77807	12.16	1.14	HIRES-post
2457401.74895	11.53	1.09	HIRES-post
2457672.99051	0.0	1.12	HIRES-post
2457678.97507	-11.73	1.13	HIRES-post
2457703.955865515	-14.596778835446205	0.6651948647078537	HIRES-post
2457712.98787	-6.46	1.12	HIRES-post
2457789.74972	-15.25	1.2	HIRES-post
2457790.73693	-8.37	1.07	HIRES-post
2457803.70515	-2.63	1.12	HIRES-post
2457804.70835	-5.78	1.19	HIRES-post
2457806.79336	-12.07	1.13	HIRES-post
2457828.75759	-13.71	1.12	HIRES-post
2457829.72191	-20.16	1.02	HIRES-post
2457830.72302	-11.47	1.13	HIRES-post
2458000.15153	-2.54	0.85	HIRES-post
2458001.14963	-1.08	0.98	HIRES-post
2458003.14906	-10.19	0.92	HIRES-post
2458029.93422	-9.5	0.9699999999999999	HIRES-post
2458065.89895	-9.1	1.26	HIRES-post
2458091.90487	-15.56	1.26	HIRES-post
2458124.85244	7.88	1.08	HIRES-post
2458125.68778	-4.68	1.03	HIRES-post
2458150.70119	-26.74	1.4200000000000002	HIRES-post
2458154.70197	-8.88	1.08	HIRES-post
2458181.74754	4.19	1.31	HIRES-post
2458346.14351	-4.13	0.8900000000000001	HIRES-post
2458350.1433	-10.71	0.9100000000000001	HIRES-post
2458367.04366	10.14	1.08	HIRES-post
2458384.0569	-14.49	0.9699999999999999	HIRES-post
2458386.02112	-6.5	0.9699999999999999	HIRES-post
2458387.01296	0.6	1.05	HIRES-post
2458387.9895	2.9	1.06	HIRES-post
2458390.04337	10.69	1.0	HIRES-post
2458392.05486	5.81	1.06	HIRES-post
2458394.07252	-6.6	1.08	HIRES-post
2458396.02999	-9.88	1.13	HIRES-post
2458396.96433	-3.51	1.25	HIRES-post
2458426.91644	12.93	1.03	HIRES-post
2458439.00289	5.48	1.28	HIRES-post
2458443.8767997674	-8.02079241240217	0.6421148939312602	HIRES-post
2458462.8491920615	-3.7827955205309003	0.6378567389398914	HIRES-post
2458476.767771529	-1.195569680978652	0.6255431221341311	HIRES-post
2458490.7542221835	1.6045333830951551	0.6324454809002369	HIRES-post
2458532.72009	-3.35	1.11	HIRES-post
2458568.7140872153	-7.255216109188003	0.6501548440781182	HIRES-post
2458569.7152002305	-7.54050457789295	0.6243854636293164	HIRES-post
2458714.1478	-7.2	1.07	HIRES-post
2458715.14927	-1.1	0.8900000000000001	HIRES-post
2458716.14824	-1.3	0.9100000000000001	HIRES-post
2458723.15265	11.17	0.9500000000000001	HIRES-post
2458724.15271	4.37	0.96	HIRES-post
2458733.14987	3.35	0.9699999999999999	HIRES-post
2458744.1534	-2.36	1.04	HIRES-post
2458776.93294	-1.02	1.13	HIRES-post
2458794.90804	10.64	1.18	HIRES-post
2458795.96598	12.58	0.9500000000000001	HIRES-post
2458796.96721	10.75	1.07	HIRES-post
2458797.97003	6.36	1.04	HIRES-post
2458798.91964	12.6	1.13	HIRES-post
2458802.90152	-0.29	1.04	HIRES-post
2458819.9223289983	-0.47980934924750585	0.6382045272689303	HIRES-post
2458880.77539	13.91	1.09	HIRES-post
2458905.7053	8.27	0.93	HIRES-post
2458906.70572	13.13	1.07	HIRES-post
2458907.70588	12.63	1.04	HIRES-post
2452949.7904661126	-22.38095917899168	0.5227757752733172	HARPS-pre
2453001.5982762	-11.7353	0.831164	HARPS-pre
2453039.596985366	-11.080461554998001	0.5257590014830651	HARPS-pre
2453261.8450494255	-16.975999100268982	0.5412512050865386	HARPS-pre
2453279.825468456	-2.44782609244156	0.6371760654974654	HARPS-pre
2453287.7991694617	-22.227355897895144	0.30084989855127536	HARPS-pre
2453304.8031965503	5.809631362637679	0.05825330200143741	HARPS-pre
2453305.73640432	-2.1795330507374495	0.06900398949403265	HARPS-pre
2453306.754320913	-9.029349773997208	0.5109917062814429	HARPS-pre
2453309.7974974224	-7.721700647535754	0.4252150063884798	HARPS-pre
2453332.675886	-10.838104	0.90855	HARPS-pre
2453412.5620081006	-5.7996184219515685	0.41506914970522446	HARPS-pre
2453430.574718242	-12.11027542775555	0.5132266802726257	HARPS-pre
2453600.932461259	4.156584682276847	0.5371819899993923	HARPS-pre
2453604.839750561	-16.35458851195377	0.5102697991900311	HARPS-pre
2453666.844902622	-12.580831570858656	0.426788245815722	HARPS-pre
2453690.7982006045	-1.6099214487693265	0.3562254594523689	HARPS-pre
2453732.685916822	-10.122035894166228	0.2623700402396569	HARPS-pre
2453933.9025824387	-8.355529261041102	0.25577740555845785	HARPS-pre
2453964.858099799	-2.2256977169086203	0.3729031192200666	HARPS-pre
2454056.623324921	-5.290113911615821	0.3258946156682563	HARPS-pre
2454098.5996247353	0.9458422820356395	0.3718337266317018	HARPS-pre
2454125.5559539697	-1.5386601963636615	0.36880932558892315	HARPS-pre
2454133.6113966857	-15.052093657654499	0.3776053141136107	HARPS-pre
2454310.9422801044	-6.6763723629970055	0.3699655189841888	HARPS-pre
2454339.808985386	-0.8779545902838635	0.3777758512851923	HARPS-pre
2457248.945873963	-5.377484801825523	0.34782000980918665	HARPS-post
2457249.938284996	-1.0317732206037187	0.3137934098536344	HARPS-post
2457251.9372873027	1.6555570623294624	0.547963379328402	HARPS-post
2457252.9355956814	4.591384764341164	0.21314527268476835	HARPS-post
2457253.9337527407	7.314768824609676	0.17497913852290312	HARPS-post
2458761.857505652	2.8317809072986453	0.6630447412105478	HARPS-post
2458762.862026118	-4.693219451371314	0.7409282962051764	HARPS-post
2458763.8668596502	-9.114165790477555	0.746100791024496	HARPS-post
2458764.880829736	-12.026634930937359	0.7437584292691508	HARPS-post
2458765.8504756475	-6.0712322761952935	0.8503238932458245	HARPS-post
2458766.8453285587	-2.852770420832338	0.745191788451237	HARPS-post
2458767.709507605	-2.7285706138236594	0.6176612708669252	HARPS-post
2458768.7386087636	-6.452591222443143	0.5655995736758851	HARPS-post
2458773.8601986025	3.902429316698484	0.747862738063556	HARPS-post
2458774.850932973	-5.040091409963895	0.7452171318951629	HARPS-post
2458775.833675931	-8.431338620981089	0.7701550563530747	HARPS-post
2458776.8460538154	-7.2190134886910755	0.7981260410590204	HARPS-post
2458777.8559975848	-5.363962332658673	0.7664488725400848	HARPS-post
2458780.8771928777	-10.96467869213638	0.9957910078493798	HARPS-post
2458781.643109817	-6.638842516414486	0.7449192437844773	HARPS-post
2458782.839561704	-3.365013393172682	0.7704923630456507	HARPS-post
2458783.8510934175	3.3663631045919216	0.7434172278300184	HARPS-post
2458784.662374096	5.974199723129059	0.7570298477486231	HARPS-post
2458785.653343539	3.0827510179435196	0.7702303736711603	HARPS-post
2458786.8620858286	-5.942371778374994	0.5745707636249966	HARPS-post
2458791.6719197268	-7.805353327129686	0.7434112345854831	HARPS-post
2458792.6614919333	-3.69865820307811	0.7481693089635476	HARPS-post
2458793.667691421	-1.8052115247135292	0.7815167089017249	HARPS-post
2458794.681767516	-0.8569395516859644	0.7925743616777401	HARPS-post
2458795.646564854	3.8102460358084445	0.7811558373646562	HARPS-post
2458796.6819894994	2.043959196123992	0.7724206026827405	HARPS-post
2458797.639976642	1.3017547749532712	0.7753477730832593	HARPS-post
2458798.6446619695	5.129935236849647	0.7801633787764587	HARPS-post
2458799.6788153	4.586098547417054	0.7722221484583084	HARPS-post
2458801.591200538	-7.27655612688004	0.7094874841396024	HARPS-post
2458802.569588433	-10.356131633619801	0.7401117124353193	HARPS-post
2458803.582427715	-6.067439998572248	0.7523986514794287	HARPS-post
2458804.6346159633	-4.226646821945457	0.7680200019000278	HARPS-post
2458805.6417595865	-2.0609428559358074	0.7423193182618635	HARPS-post
2458806.6279886183	-1.9536693353037653	0.7304639702337233	HARPS-post
2458807.6028062874	-0.5919196100467585	0.6234749365538158	HARPS-post
2458808.5594005594	-2.7681545361635385	0.7711482440256953	HARPS-post
2458810.6036283886	10.417538430951733	0.7631093505359506	HARPS-post
2458811.609894542	4.959733878720791	0.756928001962405	HARPS-post
2458813.604781866	-7.973322694765942	0.7557309129950371	HARPS-post
2458818.7879451206	-0.9834282680799382	0.433233081861178	HARPS-post
2458819.7248587217	-2.4965524719459875	0.5106500756488721	HARPS-post
2458826.591601415	-6.0474857450298956	0.7374318509647485	HARPS-post
2458827.605756933	1.2086846085168426	0.7626813980709157	HARPS-post
2458828.585936094	0.9081664529390381	0.7870171374123575	HARPS-post
2458829.605206136	-0.4060333553355918	0.7625810219366876	HARPS-post
2458830.579168885	-3.7789003360933986	0.7489191254065564	HARPS-post
2458831.589759342	-0.666283902027194	0.5434453865966503	HARPS-post
2458832.56594665	2.411552907522918	0.7690111673142063	HARPS-post
2458833.575177411	2.326837444261595	0.7566792587084766	HARPS-post
2458834.5752027873	1.9937836928968857	0.752152409475953	HARPS-post
2458835.576104381	-3.051757561932637	0.7392592342954658	HARPS-post
2458836.6011420293	-6.383182300280726	0.7565820840695773	HARPS-post
2458837.6704574577	-4.057304331018814	0.7634937812508461	HARPS-post
2458838.6833699294	-2.094163383404072	0.7828830236065298	HARPS-post
2458839.588945977	-0.33474866707051587	0.7472487599248387	HARPS-post
2458840.6937540225	-4.254827703257851	0.7450757943050716	HARPS-post
2458841.5524790087	-5.670888868119738	0.7623574467712222	HARPS-post
2458842.5543395355	-6.053557624614449	0.7730787353770153	HARPS-post
2458843.548202845	-3.9999360019908385	0.7787422852246296	HARPS-post
2458844.5766988304	-0.7702935947989822	0.7440136683533028	HARPS-post
2458845.5793337496	2.589536439533029	0.6859890743111811	HARPS-post
2458846.5827969923	0.5015497856870781	0.7499222818511104	HARPS-post
2458847.5711663226	-4.367487735268423	0.7490188839625257	HARPS-post
2458848.5727258925	-4.355576601662153	0.548676217196752	HARPS-post
2458849.573627061	0.6411910320305027	0.7507888471444613	HARPS-post
2456582.930344	26.5	2.654447	Levy
2456597.913678	6.89	2.279238	Levy
2456606.7936233296	17.08898202148841	0.7574649340163743	Levy
2456607.9197830437	5.2443332301340995	0.7637600417857752	Levy
2456610.9455360156	16.046087775418332	1.1513294339950073	Levy
2456618.812613451	-1.7797833530853575	0.7618565309969749	Levy
2456624.866424335	4.5141715862131795	1.0968789336079028	Levy
2456626.850971509	24.92022961080654	0.7567345448216295	Levy
2456628.8779028156	24.989573371017748	0.699621867836574	Levy
2456631.757454397	-2.3790165164150774	0.8699077096316111	Levy
2456632.790481253	14.625387533272066	0.6225302623933704	Levy
2456644.756956	9.44	2.293894	Levy
2456647.756351358	15.042508094041798	0.6290018885384672	Levy
2456648.7383059124	13.3310262789607	1.0778571311566814	Levy
2456662.7471718844	10.21930948952435	0.7331797722581149	Levy
2456663.6809382406	11.844706045044394	1.1138953856663507	Levy
2456667.7469345955	19.13045713433113	0.7776809765375533	Levy
2456671.7601484223	21.041456121557452	1.0389418918235813	Levy
2456675.756467549	8.232450952680423	1.1274903502740146	Levy
2456679.7640721384	18.11705896489837	1.0501468723121792	Levy
2456682.7124594757	18.4067987865479	0.8101888685640793	Levy
2456689.693823294	26.4370483405077	0.7556088560225827	Levy
2456875.020281	6.97	2.168896	Levy
2456895.0269856816	9.25140544108359	1.2821241284230962	Levy
2456900.9886880247	10.142076512025241	1.494945186639133	Levy
2456909.0295817223	-3.93546127716795	1.1618411264692345	Levy
2456922.0063143093	11.980035864068945	2.0760215217512212	Levy
2456935.940195	-1.5651222974447259	1.2545421964358836	Levy
2456937.9240459343	0.5788827167807077	1.280582166689578	Levy
2456949.9647707175	3.5434966730066693	1.4270299150996473	Levy
2456985.7573447437	-0.20310381842297076	2.5634300073336562	Levy
2456988.7774173236	6.12028017670783	1.2970749120905918	Levy
2456999.7643440017	9.390046045476694	1.3615778215266436	Levy
2457015.729166342	-2.045315049548848	1.081173707109908	Levy
2457026.706987528	-0.8215291633481456	1.3243261814869267	Levy
2457058.606404322	-2.9731552042930005	1.8504377397266634	Levy
2457234.0091267573	8.043376759653116	1.381340091564733	Levy
2457245.9355968446	-3.700908780167036	1.4031573725517907	Levy
2457250.0033109086	-3.7767320547074847	1.31373122451583	Levy
2457252.9660990294	5.63820644298772	1.3278124309651806	Levy
2457257.0106844185	-0.40707007770445247	1.1382667232648354	Levy
2457258.9443907076	-12.347934887833059	1.1818674482042308	Levy
2457260.948949828	-2.0552956732197116	1.3250436924771267	Levy
2457262.945035279	-7.3001110579420185	1.3281929019838004	Levy
2457266.031037377	10.12831669774637	1.2404045040323146	Levy
2457275.0130459913	-1.3116212698820893	1.1932625781719568	Levy
2457284.036905953	1.953830856699516	1.271111266327051	Levy
2457287.0273584905	-1.478398937214858	1.2994370136531261	Levy
2457290.9563613553	2.9240606554718487	1.3961937421321269	Levy
2457305.909820401	-5.0452084479314525	1.220623367652006	Levy
2457308.9084304622	13.523883883141323	1.2672386664161106	Levy
2457318.90757403	9.533958930658624	1.2467103524224254	Levy
2457321.8648355473	6.713952632133383	1.324890828840686	Levy
2457325.916743356	3.182387992282151	1.3669099325340015	Levy
2457330.887929193	11.373543575873214	1.3645643526578863	Levy
2457332.855606778	10.16646277335983	1.2680756885050983	Levy
2457334.8300056094	6.028609574297427	1.2873711136701713	Levy
2457337.789100646	6.122138060850293	1.580502971700581	Levy
2457340.8099887283	-1.5580557556021435	1.2169077009929483	Levy
2457347.795725242	4.7417034702447785	1.2916087920242705	Levy
2457348.7799212676	5.821667319893782	1.2520854793320508	Levy
2457350.7993482416	6.452624601193293	1.212252731624053	Levy
2457354.7061437005	-0.7472618509521322	1.6293894269748062	Levy
2457361.7197914333	18.339219811773326	1.390833665955024	Levy
2457364.7711230046	-6.905910817157343	1.2902110709484107	Levy
2457365.7787262867	0.6367957767645771	1.2322016071829995	Levy
2457424.6411042516	-1.3382105501043458	1.3567000323147131	Levy
2457426.632066168	4.264924223807888	1.4048801396148412	Levy
2457427.6634627897	4.479874398721121	1.135129033825222	Levy
2457429.6546401563	2.6890594610992204	0.8830909247578704	Levy
2457432.6764643267	6.526498952417171	1.2262846484799017	Levy
2457443.6605837364	2.5728541642593235	1.2264085924097563	Levy
2457446.629553874	4.186307745267468	1.332419019827532	Levy
2457471.63032908	6.046233800749619	1.6033308971933835	Levy
2457600.008657798	-5.410098967532825	0.834191585444881	Levy
2457605.998293139	-4.7183536768574195	1.264739058201246	Levy
2457608.001742524	-24.42951368743534	1.383399244289938	Levy
2457611.0154885417	-15.319186290866007	1.246045170575187	Levy
2457613.9409897816	2.1119758400067803	1.484989013711788	Levy
2457614.969821847	3.7058041918107936	1.4464916930398168	Levy
2457617.0081737833	1.388447335481712	1.2672273612543825	Levy
2457618.98072879	-11.083226432321052	1.446504359000746	Levy
2457621.9441985153	-12.674183565592312	1.558515833247529	Levy
2457625.9622430205	1.771754967839847	1.316647112018449	Levy
2457627.95628354	-3.9274841851382316	1.3446376660353392	Levy
2457634.040869261	-7.470965229488009	1.691420885855791	Levy
2457636.0134722237	-0.16110098719078983	1.152845979557217	Levy
2457638.031740754	-6.922573256189308	1.3700796724719513	Levy
2457643.9978179093	-14.123419993298048	1.3229851700530684	Levy
2457668.9331450504	0.3445417309802723	1.3113709011765253	Levy
2457669.904763156	3.7305841848601276	1.4166097180701296	Levy
2457670.882028562	-8.171783643436441	1.4139839303270125	Levy
2457674.8337178943	-5.150445222345537	1.409522671173188	Levy
2457679.907034553	-12.461116930670837	1.7568422354196727	Levy
2457687.8446187694	1.548204906639137	1.328995658274154	Levy
2457694.761179202	-2.8719674254524223	1.3007817161139053	Levy
2457696.821011468	-5.07306316389799	1.322470570826597	Levy
2457700.89422795	-10.112876361906748	1.4127803243753374	Levy
2457701.8484865786	-10.52870947600722	1.3504829997965326	Levy
2457702.8246340146	-14.06339822096683	1.2078023733798497	Levy
2457703.826575134	-18.990653665853856	1.2225928759600704	Levy
2457705.806052367	-9.234746944782847	1.3051337605117552	Levy
2457707.783780856	-8.459706305022223	1.2259251521750731	Levy
2457717.7982029077	-14.59666081541113	1.2061536325943454	Levy
2457722.798646	-11.77	2.020859	Levy
2457728.74268347	-7.621510516956752	1.631875055475687	Levy
2457741.726298572	-14.276673127860938	1.1830848935594716	Levy
2457743.72248601	-17.12067375896016	1.3159546022714605	Levy
2457745.714758837	-18.400368133248495	1.2646264221761472	Levy
2457749.713432381	-5.882166841722389	1.3340566436116585	Levy
2457751.7230216367	-16.10886949528034	1.3352967466754757	Levy
2457753.6969343834	-12.503913400352106	1.3198981878950347	Levy
2457798.701089411	-18.340583286047192	2.219926537999481	Levy
2457821.6558144423	-4.374568974533033	1.6358366957425072	Levy
2457957.0039973855	-15.242052777601913	1.5854283655933026	Levy
2457971.979804164	-20.68088807069542	1.4705549342338715	Levy
2457975.970428595	-27.69460024086507	1.4425563825235548	Levy
2457983.00278918	-25.887655133851997	1.322368713948582	Levy
2457991.933359828	-19.957759683384317	1.408243162849316	Levy
2457993.015011337	-24.83600439429802	1.246941233511652	Levy
2458011.929030272	-9.43209659389669	1.1633727213947718	Levy
2458024.9753857423	-10.101855610863826	1.3196621736120118	Levy
2458027.870576884	-18.310702375881114	1.294225461787401	Levy
2458031.946858262	-16.242204033532445	1.2958756833604081	Levy
2458032.9383544186	-8.778908284668079	1.2941100859049977	Levy
2458039.8292969298	-11.872737524766535	1.3302618309312015	Levy
2458040.959599437	-15.217952843869142	1.3203890485548269	Levy
2458041.9011054244	-19.535459223991737	1.226748458298384	Levy
2458051.7344800113	-11.148242878133242	1.8960300839793467	Levy
2458063.8315663477	-12.994719117547106	1.8986143005678238	Levy
2458080.850243658	-26.716965813447114	1.32978048475743	Levy
2458086.735372726	-13.81465758894737	1.5422450299284174	Levy
2458088.7643871615	-6.093223828085638	1.0190514157174724	Levy
2458115.681753846	-36.24028138278898	1.6064014327628109	Levy
2458119.7230225992	-9.979119890220751	1.7545102600164924	Levy
2458131.667475981	-9.788720426691512	1.6753547679745338	Levy
2458156.7000356037	-5.165069591272159	1.382307138921133	Levy
2458175.621420946	-6.690460885807042	1.3425720411713422	Levy
2458343.0008262666	-4.57901793653241	1.4566613928380523	Levy
2458356.9154477124	-0.9701993514756397	1.2456736655983895	Levy
2458357.9250359107	-15.400459345903432	1.374713879607054	Levy
2458359.9026368908	-21.70110244553008	1.4337708610343094	Levy
2458369.036639637	-7.387583431090521	1.261293933815809	Levy
2458370.042121311	-18.805412260958132	1.3339212573022012	Levy
2458379.018133551	-5.9511313351686415	1.3785256621922704	Levy
2458387.9629236106	1.511231499994375	1.3268069383504006	Levy
2458390.0029692394	0.5563698279042248	1.410370413818727	Levy
2458390.978394523	0.7402351291646332	1.3557408124810766	Levy
2458398.8878964004	-0.27183611746854286	1.2527574800276549	Levy
2458399.985754368	1.0728057185739932	1.4426580658394619	Levy
2458400.9737556376	0.10947406301202718	1.391614458065574	Levy
2458410.9245693237	-9.521559166204934	1.3702830322240775	Levy
2458414.8892951612	5.498552680046691	1.2603289772147235	Levy
2458418.8941947273	-22.390750432949716	1.3803942026189697	Levy
2458419.9045418315	-12.06572274335602	1.453346847928958	Levy
2458480.7130584074	-1.108959778051463	1.464101503753517	Levy
2458487.6419028705	-5.343732817903199	1.3570342417027759	Levy
2458488.630294648	-16.526277934699426	1.4851871155716587	Levy
2458732.0221049823	-8.274883110471334	1.3462426922272512	Levy
2458746.876437736	1.200677491004185	1.1721442045095813	Levy
2458747.838773818	3.6931488381232795	1.3636899459578014	Levy
2458749.880366725	3.312666542804946	1.5019318989596864	Levy
2458752.983924333	-12.693747305740105	1.0972036454069003	Levy
2458765.8514901977	-2.0057176166177415	1.4168280665231563	Levy
2458798.882412	15.73	3.198848	Levy
2447046.969072057	7.08477240387122	3.558499337868287	Hamilton
2447047.9299	21.5	8.402184	Hamilton
2447048.9127599876	4.693633067993417	5.651896579008914	Hamilton
2447093.8535670256	-17.931885853106284	6.552593492359835	Hamilton
2447149.840102405	9.98830804056296	6.889780511463881	Hamilton
2447181.710975162	-33.73854812249763	9.154454891921636	Hamilton
2447182.7442990914	-8.059814598231986	12.58422853002642	Hamilton
2447193.6749528144	-17.160084618251375	3.204482259349911	Hamilton
2447194.6754914885	-16.72258938888794	4.599168212909696	Hamilton
2447223.6446974305	-12.65286416904899	3.1841521807249578	Hamilton
2447374.9810083136	21.05790481233314	5.46496471549804	Hamilton
2447389.9831	-7.44	7.086042000000001	Hamilton
2447392.0074	-19.82	6.882835	Hamilton
2447430.9677474326	6.482007123957868	4.0526613680003365	Hamilton
2447431.8322	20.0	8.539471	Hamilton
2447578.641394626	-5.5616904639211215	3.4519295186800845	Hamilton
2447793.0239	23.93	10.870317	Hamilton
2447793.9745	4.0	9.538012	Hamilton
2447794.9337	18.54	9.079875	Hamilton
2447845.812909223	-25.166565384073895	6.411160611876082	Hamilton
2447846.9252	-11.48	8.333195	Hamilton
2447919.6767	-19.29	10.420707	Hamilton
2447964.642930869	42.026997052521715	12.798581877058904	Hamilton
2448114.008598474	-5.742062637116075	6.857585046066766	Hamilton
2448115.0109787965	10.473621696438595	8.15985922488841	Hamilton
2448199.8798187226	-21.253130518667948	6.088743059031847	Hamilton
2448200.8336132937	-4.028249804588137	5.988797499712119	Hamilton
2448648.680830785	-1.3952202891590986	4.236452946827828	Hamilton
2448848.0225307494	27.59712503338667	5.019011541781969	Hamilton
2448857.989623756	31.96932636700916	5.163904862550894	Hamilton
2448893.9258200126	32.25300486108101	6.017197571158144	Hamilton
2448894.9834	43.95	7.502311	Hamilton
2448895.9854	49.98	7.780976	Hamilton
2448899.9767	30.7	7.81108	Hamilton
2448900.9611	27.84	9.322685	Hamilton
2448902.008	18.29	8.924949	Hamilton
2448903.0094	24.38	8.02392	Hamilton
2448905.016	22.56	8.024275	Hamilton
2448935.9239440113	21.62413743225719	7.669903770184204	Hamilton
2448991.8118499145	19.821674169219513	6.126887634747923	Hamilton
2448992.7206828184	25.373455232818607	4.037955545103039	Hamilton
2449256.0154	17.71	10.35607	Hamilton
2449299.869154904	-6.310889908228273	7.186531434117879	Hamilton
2449350.8237058413	8.256692606561959	7.02949940896005	Hamilton
2449569.9832	6.36	7.916664	Hamilton
2449572.962	-0.98	9.170011	Hamilton
2449574.9639	-1.03	7.851316999999999	Hamilton
2449621.973734583	2.5457066519958746	6.589293222011524	Hamilton
2449622.888694916	11.611765876707784	6.4802146242553516	Hamilton
2449679.813780825	-4.250504832682809	2.125064778690469	Hamilton
2449769.6793551864	1.4602440489683073	1.885996602924583	Hamilton
2450005.0054947683	-11.730204341320917	2.683520498172907	Hamilton
2450090.729959978	-10.050081291190033	2.3466601174128874	Hamilton
2450326.951172	2.21	3.564438	Hamilton
2450504.647461	11.25	4.765837	Hamilton
2450682.004883	14.6	3.7961510000000005	Hamilton
2450793.787109	14.04	5.184029999999999	Hamilton
2451101.97168	20.17	4.43818	Hamilton
2451130.892578	16.43	5.870521	Hamilton
2451174.757812	15.48	5.08921	Hamilton
2451799.0076196208	2.4486641235169966	3.8288813503957977	Hamilton
2451803.022461	4.41	5.074818	Hamilton
2451806.003906	13.48	4.742109	Hamilton
2451806.956055	12.44	5.166058	Hamilton
2451808.933594	14.49	5.432184	Hamilton
2451811.935547	19.17	5.558206000000001	Hamilton
2451816.932617	13.92	4.884328	Hamilton
2451822.948242	24.15	5.152546	Hamilton
2451824.963677879	35.07146151617613	3.592425083152113	Hamilton
2451825.985708602	27.30833843752064	3.8721749490680213	Hamilton
2451826.9858124116	12.620697822339855	5.233764229684597	Hamilton
2451831.9113728977	1.8814194558906492	3.797030150315778	Hamilton
2451865.828581319	3.8078804937275033	3.4558888255666407	Hamilton
2451866.84354248	4.619063051818615	3.6462189396693794	Hamilton
2451867.855142219	3.532901873676529	3.4662561958855	Hamilton
2451868.844823692	4.362401110046233	3.552623764388036	Hamilton
2452142.015625	20.61	5.123643	Hamilton
2452143.008830383	15.849000757449922	3.5287182821745993	Hamilton
2452144.021484	7.75	5.453723	Hamilton
2452145.9920418225	1.8803980305539334	3.5365941173146753	Hamilton
2452184.928711	11.72	5.295114	Hamilton
2452195.973633	0.79	5.521766999999999	Hamilton
2452203.904855732	9.692151687282053	3.786221755098145	Hamilton
2452215.836914	13.13	5.241763000000001	Hamilton
2452228.8693529894	-4.474193071560266	3.7811808714796014	Hamilton
2452267.735352	-2.52	4.13291	Hamilton
2452292.7766357604	-12.33335624179847	4.273609279804824	Hamilton
2452293.755616381	-3.977541087071559	3.9096027054342675	Hamilton
2452294.744501084	-0.7432462766147129	4.0743292289780335	Hamilton
2452494.009766	-3.66	4.301357	Hamilton
2452509.0269305753	-9.778852088054416	2.7356198160137155	Hamilton
2452509.921875	-4.7	4.373138	Hamilton
2452513.0263338657	-1.6672756204226358	2.703807811403128	Hamilton
2452516.009661333	-4.099160229967624	2.184932552530369	Hamilton
2452521.0100839166	-6.767589852187694	2.3050358634420625	Hamilton
2452524.00142222	-13.788859346686342	2.287857603269151	Hamilton
2452535.9636627375	-5.802175250624565	2.3213092477270645	Hamilton
2452541.0225537308	-5.012890883524035	2.578060832650228	Hamilton
2452542.989258	7.01	5.260436	Hamilton
2452553.922635508	0.6793734335760077	2.844893977854967	Hamilton
2452554.9032148235	-3.501464198483302	2.882245517841675	Hamilton
2452562.964844	-3.84	4.015419	Hamilton
2452574.942371971	3.158444657039769	3.385406773154979	Hamilton
2452577.8978257068	-23.175843922378142	3.156252741177319	Hamilton
2452598.8883026093	0.6509533810778041	2.5502765303100006	Hamilton
2452599.859121757	-6.948118512051708	3.544718982321868	Hamilton
2452600.911708422	-8.581678442951977	2.6509143098553896	Hamilton
2452606.843372997	-10.405970109577236	2.4083412488528477	Hamilton
2452608.8805831615	-1.3927502174731954	2.5920727939643986	Hamilton
2452631.746886962	-6.053025922838401	2.9350781565571813	Hamilton
2452893.990234	-5.9	3.7150790000000002	Hamilton
2452896.003906	1.01	3.9246389999999995	Hamilton
2452898.001953	-0.2	3.8605860000000005	Hamilton
2452910.987144719	10.822255546509314	2.2367354068032936	Hamilton
2452926.918332792	7.615862990185488	2.3675302168395027	Hamilton
2452937.850244806	-0.2869243207353219	2.238266784138085	Hamilton
2452968.83252859	4.174758975429455	2.1536955366499124	Hamilton
2452970.7957881656	15.861426240286905	2.0774484241426268	Hamilton
2453010.786133	2.29	4.337865	Hamilton
2453020.743164	-7.31	4.348794	Hamilton
2453048.68985	13.53	3.461096	Hamilton
2453250.995797377	1.4097015802776856	2.927636757450191	Hamilton
2453252.017578	2.54	4.30123	Hamilton
2453280.979492	13.91	4.226218	Hamilton
2453315.875628809	15.415271655265517	2.9602839473546347	Hamilton
2453336.8170750923	14.307929166365252	4.078145153180915	Hamilton
2453338.723633	26.7	4.285033	Hamilton
2453341.815921859	9.447185354909742	2.763265895862104	Hamilton
2453361.747928	3.98	4.667638	Hamilton
2453362.787979696	3.200047593500444	3.145636555061007	Hamilton
2453363.753867285	0.020078278569275354	3.1770903805974138	Hamilton
2453402.679701928	10.405464983289864	2.936938292759606	Hamilton
2453403.6864095386	11.381416762459098	2.797642559854432	Hamilton
2453405.6659956845	4.844045780705094	2.902402968539725	Hamilton
2453636.9682969833	14.069815977350917	2.967274206062102	Hamilton
2453637.9476961875	7.743923066730815	3.214156215639601	Hamilton
2453742.7613305287	9.872974035248294	3.045686627462416	Hamilton
2453755.660438776	-2.469266036902357	2.7708052799770466	Hamilton
2453756.704509352	-2.502030945562172	2.8833922001929806	Hamilton
2453773.687098543	16.72088941072624	3.155248721027457	Hamilton
2453963.001516573	10.321941799073107	3.074407477099904	Hamilton
2453988.8688100777	14.171862927713402	3.5009919900248847	Hamilton
2453989.958683079	14.888554288195166	2.6574251964894637	Hamilton
2454071.878537932	38.98927231829488	3.065490294262783	Hamilton
2454072.7821901124	38.535697650916255	3.0460604218840217	Hamilton
2454073.726481	37.69	3.9776940000000005	Hamilton
2454097.764583	25.3	4.812986	Hamilton
2454098.702199	13.59	5.679221	Hamilton
2454102.721956888	7.695116407003874	2.8612933700582555	Hamilton
2454103.700349701	7.825597409991117	2.857433962415865	Hamilton
2454133.735994951	-4.092665164754017	2.9510256229415095	Hamilton
2454135.703336718	6.000364485850065	3.3613390852640976	Hamilton
2454337.968300062	18.3551878199732	2.677686485158758	Hamilton
2454340.9821808115	14.631049830103704	1.7752019913902721	Hamilton
2454373.961917307	26.864619075399407	2.698409777207016	Hamilton
2454383.0350133763	13.977505633751322	3.4232500656901914	Hamilton
2454425.8726470796	1.3591391934352675	2.996540295264903	Hamilton
2454427.801072221	9.204871237858386	2.9155254206974686	Hamilton
2454723.0084535675	1.2827765112721718	2.774645643113631	Hamilton
2454723.9908278473	8.212761048547277	2.9493490171504524	Hamilton
2454725.0175211634	6.468508415863637	2.5968958036487533	Hamilton
2454726.0079569123	0.2746949238175348	2.7611102208329283	Hamilton
2454753.9514079387	3.3163421918672595	2.580959139355354	Hamilton
2454756.902234	2.07	4.446956	Hamilton
2454783.777458669	0.1063687170763079	2.6455567210423343	Hamilton
2454784.7896837876	-7.928913193416288	2.5595033656043995	Hamilton
2454785.8875329895	-15.60167255691432	2.6304883138580104	Hamilton
2454845.7020518202	-2.906091180827406	2.397705876366705	Hamilton
2454863.6733764075	-8.585586845298284	4.48201171951944	Hamilton
2455108.025718	5.43	5.670105	Hamilton
2455114.0044467524	22.496730562194067	3.477523779530148	Hamilton
2455114.999075352	18.424461283298626	3.3634019140733145	Hamilton
2455115.97918462	4.1266521404012915	3.375979501717403	Hamilton
2455171.8500744896	9.701504945611479	4.5851178337693765	Hamilton
2455199.7449768092	0.419532835848144	3.6680275309218184	Hamilton
2455200.70865963	-11.627823637559004	3.7214955057559536	Hamilton
2455201.787868938	0.3659663424895872	2.5492095125346808	Hamilton
2455228.6826911066	8.76314806721222	3.314714107336415	Hamilton
2451066.9339	-3.6	6.4	Tull
2451212.6671	13.6	5.0	Tull
2451239.6133	1.7	8.6	Tull
2451449.9333	6.5	5.0	Tull
2451503.8574	14.7	5.1	Tull
2451529.6986	-3.5	7.3999999999999995	Tull
2451555.6645	-0.2	5.2	Tull
2451775.9643	1.3	5.9	Tull
2451809.9033	-2.7	4.8	Tull
2451917.726	2.9	5.5	Tull
2451984.574	-2.8	5.0	Tull
2452142.9245800795	-0.5475611368142762	4.348275558249416	Tull
2452248.7921	-14.0	5.9	Tull
2452303.6266	-16.1	7.700000000000001	Tull
2452328.6208	2.1	5.599999999999999	Tull
2452330.6064	-0.9	5.7	Tull
2452539.9226	-16.4	6.4	Tull
2452576.9378	2.0	5.5	Tull
2452661.6445	-11.8	5.2	Tull
2452931.8912	-13.9	6.4	Tull
2452958.746332044	-0.22099447513812154	4.013788389734699	Tull
2453016.744	2.5	4.242640687119285	Tull
2453035.6757	-5.2	5.599999999999999	Tull
2453075.594	3.0	5.7	Tull
2453318.8124	-10.1	6.6	Tull
2453632.953444463	-0.4296194720603359	3.8164128257251297	Tull
2453689.89	-3.0	5.2	Tull
2453745.711	6.3	5.1	Tull
2453809.585	9.0	5.5	Tull
2448929.7581196185	16445.602300089286	8.27216499276102	CES-LC
2448972.6973925866	16493.55813999632	7.853765549050214	CES-LC
2449309.77007774	16449.21396513308	8.220905606677599	CES-LC
2449310.744272788	16421.27633030489	8.146045134163458	CES-LC
2449358.672466089	16436.39988665476	1.7225918870763355	CES-LC
2449413.5399534465	16459.966118744378	6.289483178078564	CES-LC
2449549.9274443192	16443.60222263728	5.638220019710227	CES-LC
2449601.7991425795	16433.578677283906	6.182203639528534	CES-LC
2449683.7876026146	16451.108656238892	9.543396225555783	CES-LC
2449731.6067729183	16441.452508560964	8.902898092724282	CES-LC
2449906.94799497	16435.85	12.35	CES-LC
2449907.916691888	16432.365094638775	6.810757971665023	CES-LC
2450086.71521535	16440.75	10.56	CES-LC
2450145.5298484117	16439.937575777767	6.569218789491098	CES-LC
2450304.89117464	16433.75	10.83	CES-LC
2450313.90845898	16434.95	11.51	CES-LC
2450323.91686341	16444.15	8.83	CES-LC
2450330.91541645	16436.35	11.93	CES-LC
2450357.90177187	16423.45	10.04	CES-LC
2450359.88137821	16440.25	7.98	CES-LC
2450385.88836471	16481.55	12.14	CES-LC
2450417.7847019825	16458.210771824655	6.178578883336328	CES-LC
2450478.6309464495	16442.439181957932	6.690409917665965	CES-LC
2450524.517666671	16440.164100697628	6.913499962113484	CES-LC
2450648.928220297	16450.850418747534	8.588352001985339	CES-LC
2450704.879888097	16446.525035654915	8.287827094143054	CES-LC
2450752.7957907775	16449.742923059766	4.516412230937522	CES-LC
2450819.6682851175	16440.01633727999	5.273233608747738	CES-LC
2451504.634861661	16454.642303661683	4.018676134350993	CES-VLC
2451542.7583378777	16465.340118867105	4.073871662911232	CES-VLC
2451597.5506364345	16460.44277117477	3.7929703149086498	CES-VLC
2451777.934038017	16442.225097459414	5.55819248066435	CES-VLC
2451832.8107621064	16443.83610964525	4.752589968986567	CES-VLC
2451833.8405150315	16445.485725394323	4.612698282374428	CES-VLC
2451834.7883112924	16455.067271727727	5.523617911627492	CES-VLC
2451839.804929327	16455.791753328533	4.095619771907784	CES-VLC
2451949.560461735	16441.910696417646	5.2192184505501364	CES-VLC
2451950.596976217	16441.698758558363	5.798669808674527	CES-VLC
2452159.9169407375	16440.209884883032	6.108219495736294	CES-VLC
2452160.802511219	16437.524179387106	6.116927036256855	CES-VLC
2452259.733543358	16450.529817773197	5.321197658566906	CES-VLC
2452364.4768841905	16444.98971541052	5.031162454121412	CES-VLC
2452535.899454265	16424.039183803983	5.7879087782536125	CES-VLC
2452651.5980333146	16443.695932184753	4.526340020985892	CES-VLC
2452658.647567124	16448.235164866404	3.5085290863770533	CES-VLC
2452861.9285504343	16429.342978541157	4.410048079274105	CES-VLC
2452921.800396163	16448.601009764705	4.822316367946715	CES-VLC
2453042.6067579896	16453.1008376451	4.268897914105268	CES-VLC
2453260.842373359	16439.185466843905	6.068547319450553	CES-VLC
2453309.791650444	16441.808762282664	5.035291513403653	CES-VLC
2453690.7944359253	16462.43471422373	3.9124955256067895	CES-VLC
