time	mnvel	errvel	tel
2451326.629453	-22567.529	11.8	HJS
2451503.889809	-22568.259	2.7	HJS
2451529.976108	-22626.99	1.28	HJS
2451532.850231	-22546.88	3.39	HJS
2451555.844726	-22613.15	2.02	HJS
2451627.705948	-22601.619	2.71	HJS
2451655.718872	-22562.95	1.8699999999999999	HJS
2451688.642998	-22676.9	1.92	HJS
2451861.8860461516	-22617.16599423017	1.506586100783462	HJS
2451917.867086	-22557.659	1.84	HJS
2451987.751128	-22591.869	2.79	HJS
2452004.733465	-22550.49	3.4800000000000004	HJS
2452039.68473	-22668.18	4.2	HJS
2452221.009274	-22622.909	2.39	HJS
2452248.991238	-22655.189	2.49	HJS
2452303.806854	-22679.909	5.86	HJS
2452353.776502	-22608.38	2.97	HJS
2452385.668372	-22560.65	2.29	HJS
2452661.733255	-22611.36	3.9800000000000004	HJS
2452742.73449	-22676.27	2.33	HJS
2452804.630184	-22682.65	3.4100000000000006	HJS
2453015.915222	-22547.569	2.68	HJS
2453037.851194	-22661.49	1.07	HJS
2453066.779437	-22680.4	2.79	HJS
2453692.955325	-22574.56	4.9	HJS
2453747.824024	-22488.119	5.58	HJS
2453806.748197	-22494.439	1.2	HJS
2453863.660171	-22521.49	3.8299999999999996	HJS
2454068.004039	-22526.009	1.77	HJS
2454781.998828	-22583.619	5.5	HJS
2454838.860312	-22582.86	2.16	HJS
2455200.979021587	-22490.530142190695	1.8026880452161997	HJS
2455287.677692499	-22467.477304414453	2.8176706202051967	HJS
2455314.686713	-22484.159	6.300000000000001	HJS
2455316.630269	-22456.81	1.8699999999999999	HJS
2455502.9792993227	-22548.37397936961	4.71309557906837	HJS
2455524.9466090095	-22536.568461142837	1.7849352049441405	HJS
2455526.940709669	-22595.655886868713	1.3001216797634298	HJS
2455527.946300034	-22604.254263522584	0.7556967538956035	HJS
2455528.9401110634	-22604.739419943035	2.9691192435483393	HJS
2455529.9682956114	-22598.495583361466	1.2064024094347428	HJS
2455583.792607207	-22562.37694820582	1.7126966685068687	HJS
2455584.8309618393	-22586.73075439138	1.4859778103263221	HJS
2455587.8677037684	-22628.972671542786	2.5012039432235498	HJS
2455617.890097238	-22594.1564202518	1.5577669409506598	HJS
2455632.744391598	-22600.180227237994	1.2725149800146605	HJS
2455639.7156656357	-22497.50131700345	1.923996169312193	HJS
2455640.766072171	-22511.067091153884	0.9968937161072164	HJS
2455641.6770838285	-22541.8281208564	0.519096084943702	HJS
2455643.7169195376	-22594.168769872624	1.1455897710284082	HJS
2455644.7576206857	-22620.153312606304	1.6281048083305618	HJS
2455645.72615345	-22624.07065134977	1.6768185786269871	HJS
2455646.6373372907	-22609.963966361465	1.2222585344743333	HJS
2455647.6879511685	-22598.645060913077	2.0388851566091506	HJS
2455648.6993527347	-22565.607198057463	1.622967350580049	HJS
2455665.607984	-22504.979	1.9700000000000002	HJS
2455667.65457	-22479.169	2.87	HJS
2455668.597001	-22472.2	2.75	HJS
2455669.6665480724	-22493.038270371042	1.5193781654228218	HJS
2455670.6868019137	-22528.032751826555	1.6681077806572653	HJS
2455671.6712505566	-22549.016525773193	1.2968427958366435	HJS
2455698.648960904	-22487.791696637833	2.395749842119951	HJS
2455699.602043	-22497.909	2.04	HJS
2455700.642611	-22534.33	1.72	HJS
2455701.60509	-22570.159	1.96	HJS
2455702.6434183037	-22584.264247182065	1.5659017295693003	HJS
2455703.6461834293	-22613.16871247853	1.565745815700104	HJS
2455704.6488798633	-22607.400721294798	1.8039307972856797	HJS
2455722.613449	-22556.47	3.68	HJS
2455723.6129902187	-22539.227895106338	2.0274157678138947	HJS
2455724.610188	-22501.54	3.8299999999999996	HJS
2455727.616064	-22489.09	1.27	HJS
2455728.617093	-22515.72	2.35	HJS
2455872.0123840002	-22487.49	2.73	HJS
2455874.0123404204	-22494.192391148477	1.191600128471262	HJS
2455876.9908451047	-22564.48211011871	1.768461289001065	HJS
2455960.90774	-22486.099	2.08	HJS
2455964.8001955505	-22558.124113315644	1.6143690592798527	HJS
2455965.680263	-22582.529	1.9700000000000002	HJS
2455966.8137173806	-22607.969911526445	1.5230525233469958	HJS
2455967.7583304383	-22611.07667586734	1.5339818590725416	HJS
2455968.8133889306	-22618.59647235989	1.5031988780082297	HJS
2455987.747615227	-22525.123064857362	1.0468520429937764	HJS
2455988.6952619236	-22509.0947253118	1.0835412745558843	HJS
2455989.722740882	-22496.091498630096	1.3252218174520622	HJS
2455990.724448136	-22499.209537940962	1.0909199476059142	HJS
2455991.7930467557	-22519.170136955814	0.8999627673445021	HJS
2456014.729191	-22587.919	3.72	HJS
2456015.713426	-22551.18	1.67	HJS
2456016.6808266975	-22534.511104227196	1.23716977295168	HJS
2456017.6679908046	-22499.797864780492	1.5506381899440242	HJS
2456018.761743	-22487.24	2.83	HJS
2456019.689191	-22492.34	1.9700000000000002	HJS
2456020.7990796017	-22495.73688869866	2.6689839284991392	HJS
2456021.668082	-22508.119	2.79	HJS
2456022.700575	-22553.86	3.24	HJS
2456024.624275	-22601.54	2.2	HJS
2456025.735695	-22639.259	3.22	HJS
2456048.6878997386	-22497.428521510126	1.368660122644142	HJS
2456049.671572562	-22495.781015429875	2.3664745826141504	HJS
2456050.669371	-22523.369	2.8899999999999997	HJS
2456051.661389	-22540.849	2.39	HJS
2456052.60187	-22564.84	3.23	HJS
2456053.670030312	-22605.718244400014	1.7886028774028706	HJS
2456054.597629	-22610.209	3.0199999999999996	HJS
2452927.9861405375	28412.155817580962	1.0102105164312345	HRS
2452929.9767243466	28382.25451067886	1.1442261495596795	HRS
2452931.985559125	28322.66504829145	1.8783534191823048	HRS
2452932.9674462946	28297.28098319083	1.1987736689999078	HRS
2452934.9440192827	28270.95435651314	1.4922867517760259	HRS
2452948.912510104	28293.182079241076	2.356531296253039	HRS
2452949.9219808164	28289.351548997718	1.5103290316506641	HRS
2452953.9227209184	28376.91944737497	2.631781433746515	HRS
2452954.9072477114	28393.870173584528	2.2100920117278435	HRS
2452958.894573562	28410.97580477413	1.5326219553596463	HRS
2452959.911778052	28372.675422818793	1.1210347709850927	HRS
2452963.8734393483	28278.832380261814	1.1358382095909745	HRS
2452965.8607597128	28279.745501465804	2.5267167476466073	HRS
2452981.833455191	28323.17820413947	1.3973265711269445	HRS
2452983.821061465	28378.759757028787	1.9775330429444242	HRS
2452984.8259834265	28407.3839237326	1.7810254764946492	HRS
2452987.02630536	28434.49484619368	2.481438917009234	HRS
2452988.025268983	28409.820704624042	1.6633407530388513	HRS
2452988.818569196	28395.72969072165	1.4620984777924113	HRS
2452991.027217625	28326.265429511903	1.6762098412987019	HRS
2452993.7960319635	28287.401939810705	1.7356771386438903	HRS
2452994.8690666063	28293.80394558961	1.6245630854783735	HRS
2452995.8013906144	28316.760252717104	1.6676739524304305	HRS
2452998.019631518	28383.315140672377	2.8883132343092273	HRS
2452998.9675869346	28404.04426175022	1.5955846300344358	HRS
2452999.9542657556	28424.735747493072	1.139358113798855	HRS
2453000.7769882022	28432.917066753238	3.2042883004642397	HRS
2453003.8854792565	28390.384044173912	1.210609632802441	HRS
2453006.7681281413	28304.67929542395	3.434064276411623	HRS
2453024.9317556624	28290.473731144386	0.9993917156410187	HRS
2453031.912215108	28435.199708277898	2.579811430619541	HRS
2453033.6817379207	28380.298125014735	2.5015774576941636	HRS
2453034.9278512727	28353.70687625869	1.2219380137102913	HRS
2453039.911573633	28338.150171216694	1.6146305708970956	HRS
2453042.7553783054	28410.725337883174	1.8531945328187778	HRS
2453050.652804349	28309.19539606113	1.8335044652217938	HRS
2453051.642922651	28299.73308724832	2.8673117218166415	HRS
2453052.855159417	28286.54328423456	1.894887871234304	HRS
2453053.632876708	28292.017405511564	3.8360102976191643	HRS
2453056.836353624	28379.16723091423	2.912868054272672	HRS
2453057.6222959403	28407.662956605825	2.0160890484727934	HRS
2453063.809792635	28341.945056613098	1.9852434931864835	HRS
2453065.8223729488	28316.255392470594	2.1800214148975154	HRS
2453066.8235590425	28292.705570134432	3.06527062954293	HRS
2453082.784577472	28324.01528922996	1.4629344332839533	HRS
2453084.782391412	28360.823558004377	1.48560913202945	HRS
2453089.7543497346	28439.66183900548	1.9461318121469995	HRS
2453095.74916582	28300.11782006921	2.4407643959538734	HRS
2453098.762464078	28330.908944844683	2.6979841518724057	HRS
2453101.7256350955	28405.118599412643	3.6337860395125263	HRS
2453102.720506879	28422.86264472767	3.31288240061494	HRS
2453103.7164904526	28421.239248639744	3.733890483288152	HRS
2453110.699879368	28295.254733909336	2.4602446565773537	HRS
2453111.6898093787	28288.805242960538	2.1454551168502993	HRS
2453112.6886565555	28305.09163142414	2.799914537556771	HRS
2453116.6696221833	28429.139850668187	1.310596364569093	HRS
2453117.695811938	28433.903133281896	1.4178742323362832	HRS
2450207.3325	27267.0	7.0	ELODIE
2450208.3345	27226.0	7.0	ELODIE
2450209.335	27213.0	7.0	ELODIE
2450210.3319	27205.0	7.0	ELODIE
2450380.6941	27362.0	8.0	ELODIE
2450447.6526	27280.0	7.0	ELODIE
2450477.5717	27288.0	7.0	ELODIE
2450478.477	27309.0	7.0	ELODIE
2450479.4619	27331.0	7.0	ELODIE
2450533.4064	27213.0	7.0	ELODIE
2450535.4471	27251.0	7.0	ELODIE
2450559.345	27262.0	7.0	ELODIE
2450561.321	27224.0	7.0	ELODIE
2450732.6728	27356.0	7.0	ELODIE
2450735.6859	27263.0	9.0	ELODIE
2450766.6945	27232.0	7.0	ELODIE
2450795.6295	27226.0	8.0	ELODIE
2450821.5603	27305.0	7.0	ELODIE
2450824.5615	27228.0	7.0	ELODIE
2450858.4275	27286.0	7.0	ELODIE
2450860.481	27349.0	7.0	ELODIE
2450885.4374	27220.0	7.0	ELODIE
2450890.5199	27354.0	8.0	ELODIE
2450940.3384	27255.0	7.0	ELODIE
2451152.6836	27304.0	9.0	ELODIE
2451240.5511	27305.0	7.0	ELODIE
2451300.3589	27345.0	7.0	ELODIE
2451505.6846	27333.0	8.0	ELODIE
2451543.5995	27182.0	7.0	ELODIE
2451559.5868	27203.0	7.0	ELODIE
2451561.5149	27258.0	8.0	ELODIE
2451588.437	27188.0	7.0	ELODIE
2451623.3741	27324.0	7.0	ELODIE
2451655.3197	27302.0	7.0	ELODIE
2451691.3365	27176.0	7.0	ELODIE
2451882.6941	27212.0	7.0	ELODIE
2451883.6628	27246.0	7.0	ELODIE
2451953.562	27147.0	7.0	ELODIE
2451979.4519	27238.0	7.0	ELODIE
2452252.678	27309.0	9.0	ELODIE
2452722.4014	27305.0	7.0	ELODIE
2452747.3695	27184.0	7.0	ELODIE
2452748.3451	27213.0	7.0	ELODIE
2452753.3701	27285.0	7.0	ELODIE
2452774.3355	27173.0	8.0	ELODIE
2452776.352	27200.0	7.0	ELODIE
2452777.3871	27212.0	7.0	ELODIE
2452778.3426	27259.0	7.0	ELODIE
2447578.73	7.24	9.697116	Hamilton
2447847.0437	-14.52	8.377284	Hamilton
2448017.6884575207	13.021453962498914	7.511832392595169	Hamilton
2448375.6692	-49.8	8.789368	Hamilton
2448646.0011	5.36	8.052186	Hamilton
2448670.7605	-70.32	10.261221	Hamilton
2448906.0361	-34.52	7.174066	Hamilton
2448991.9636	-26.46	7.417444	Hamilton
2448992.8905	-39.92	7.196379	Hamilton
2449114.7286	32.38	9.151322	Hamilton
2449306.0212483676	64.68252182514206	6.354660316392286	Hamilton
2449349.8449	74.6	9.173875	Hamilton
2449350.927	94.49	8.973574	Hamilton
2449469.6478	118.8	8.961187	Hamilton
2449676.0632	120.58	4.837769	Hamilton
2449767.774414	9.68	4.390048	Hamilton
2449768.832031	-10.31	4.806745	Hamilton
2449793.797852	102.25	2.7019399999999996	Hamilton
2450056.988281	107.72	3.1714460000000004	Hamilton
2450087.881836	63.9	3.720578	Hamilton
2450088.9612245485	24.04455605722677	1.9794343777359849	Hamilton
2450089.8835882368	-3.6589327843153017	1.9963558404565849	Hamilton
2450090.803638765	-19.82327820364216	1.9495144870444214	Hamilton
2450091.907840571	-46.73099747605296	2.02527521520943	Hamilton
2450120.872871821	-31.273169599648657	3.995493272666133	Hamilton
2450121.8885350525	-26.94371644027489	3.0296760342364926	Hamilton
2450124.8579131905	23.159373769271255	3.3459491424995145	Hamilton
2450125.7775612115	44.820611576424795	3.7896715845976465	Hamilton
2450126.8372980775	73.80135765244695	5.5524744650479505	Hamilton
2450127.8515832	92.86481452166333	3.7375552431333716	Hamilton
2450128.8671357436	105.69500914056515	3.5436759555042388	Hamilton
2450144.776789722	110.1075736926204	2.028217511682031	Hamilton
2450145.6927195657	93.0006337292405	2.048754493423992	Hamilton
2450148.8885917086	16.407157061044494	4.7545634362622256	Hamilton
2450150.747948931	-22.74700989281664	3.3269423091034613	Hamilton
2450152.668945	-25.26	5.962113999999999	Hamilton
2450168.749023	7.66	7.928647	Hamilton
2450171.738711011	87.74451798855057	4.590462912184765	Hamilton
2450172.6887386646	105.81959516077788	4.073104518039447	Hamilton
2450173.7259090245	97.7040698300203	3.586765181862173	Hamilton
2450179.733922457	-32.065093216962	2.2727838105362466	Hamilton
2450180.688477	-30.47	2.9107359999999995	Hamilton
2450181.633789	-30.97	2.814114	Hamilton
2450186.7377185603	116.63499615131119	4.712568011225962	Hamilton
2450187.687374415	110.85469801401476	5.457432638615879	Hamilton
2450199.6813150486	84.66102941181211	3.597618893550737	Hamilton
2450200.7020242624	112.97823808227477	3.8239149624802953	Hamilton
2450201.6861978006	114.30900466385229	4.427677618462151	Hamilton
2450202.6886706837	131.86521137759138	3.1850453160853953	Hamilton
2450203.6864901055	130.5528944503163	4.326529784765589	Hamilton
2450214.687949959	73.96974424056961	3.751205955460224	Hamilton
2450215.6737922933	89.38918834039117	4.503089102957031	Hamilton
2450233.690441776	108.24561588128796	5.014340310771857	Hamilton
2450422.005859	97.79	2.629072	Hamilton
2450437.928647392	101.31185841810102	2.259032958893725	Hamilton
2450441.954102	-4.31	2.833714	Hamilton
2450502.781026028	-32.596962635900795	2.737281444627296	Hamilton
2450503.7636011727	-37.894418812232225	2.275812703781806	Hamilton
2450504.773701272	-13.442596636837433	2.3188905567936904	Hamilton
2450536.7727312436	33.91124977117064	4.5362655636811455	Hamilton
2450537.7646306483	64.98639359350017	3.152887721733414	Hamilton
2450550.725401406	45.43181823499691	3.197720237958173	Hamilton
2450563.718963273	-5.375782755395214	4.2636716721870345	Hamilton
2450614.6938631567	71.49940289102477	2.94130316075249	Hamilton
2450793.902344	-32.2	2.7069920000000005	Hamilton
2450794.961914	-39.51	2.849529	Hamilton
2450831.931641	86.58	3.11114	Hamilton
2451153.033203	48.06	4.260204	Hamilton
2451155.018555	66.48	3.9449799999999997	Hamilton
2451206.87793	-62.65	3.661931	Hamilton
2451212.926981972	71.99460777141257	3.8186678838817416	Hamilton
2451213.88409822	77.93573369254408	3.8804769294443213	Hamilton
2451242.740234	63.88	4.09222	Hamilton
2451298.721574	14.26	3.425	Hamilton
2451305.708008	-6.99	4.247174	Hamilton
2451469.052734	-70.38	5.951177	Hamilton
2451532.996094	22.38	4.048342	Hamilton
2451535.006836	51.01	4.911196	Hamilton
2451536.949219	51.76	3.673536	Hamilton
2451540.007812	-25.78	4.13235	Hamilton
2451581.8484487953	32.796050318397235	4.258579733016045	Hamilton
2451607.8276295178	26.699575656855163	4.455981762499122	Hamilton
2451626.734375	-0.41	3.9735889999999996	Hamilton
2451629.805664	-95.39	3.944824	Hamilton
2451840.048828	-31.96	5.091927	Hamilton
2451842.0360181835	23.234860237637477	3.2653493024058604	Hamilton
2451860.056641	14.33	4.054043	Hamilton
2451861.037109	-22.66	3.318407	Hamilton
2451874.005859	30.85	5.167162	Hamilton
2451880.019194278	-105.12157748104886	4.6835105448524335	Hamilton
2451895.005646177	-113.23157706793856	4.232773272620522	Hamilton
2451906.960507508	-82.98947241883855	3.6936402132999935	Hamilton
2451910.895935835	-106.14805587654436	3.6876110735450713	Hamilton
2451913.9655104056	-26.623182380266588	2.6032650303810536	Hamilton
2451914.9262684667	-9.273862968171333	2.705251040690785	Hamilton
2451927.9086703868	-29.32457754885243	2.90153471995312	Hamilton
2451945.9065072564	19.02602937769587	2.2643981289470525	Hamilton
2451969.7892316896	-70.75286214407538	4.48284928786902	Hamilton
2451971.8069595573	-17.840654176057154	4.355963747135507	Hamilton
2451979.7477935115	-50.57861545805905	4.230601466492809	Hamilton
2452000.714844	-53.94	5.38437	Hamilton
2452033.709895263	29.94673979335785	2.572612853815819	Hamilton
2452040.68978408	-107.61540134180534	2.6705911206410464	Hamilton
2452041.6983192354	-117.46024853471661	2.467035211341756	Hamilton
2452217.044922	-139.43	5.668984000000001	Hamilton
2452257.033118296	-25.659575955629514	3.616493354749394	Hamilton
2452262.987806552	-92.86471948177976	3.6823522399462365	Hamilton
2452267.962749696	20.488220001936362	2.1087405782902375	Hamilton
2452278.93642326	-59.9797650530585	4.706420793504372	Hamilton
2452281.980469	20.74	6.93895	Hamilton
2452285.9894248135	0.5423663896648526	4.030483085760324	Hamilton
2452287.957092355	-62.263288483330314	5.359623759885005	Hamilton
2452298.906523591	17.210174844171156	1.6489888713570233	Hamilton
2452299.7742145713	7.962628425699817	2.0488348835783454	Hamilton
2452306.8073420525	-118.58014337939261	3.047284763197625	Hamilton
2452315.8028810285	-38.01501131601072	2.5241052130623713	Hamilton
2452316.8558310336	-61.66839922058574	2.923906636960313	Hamilton
2452333.8162552407	-111.70222376177047	2.7893090309589064	Hamilton
2452334.730469	-115.38	3.67534	Hamilton
2452335.7890056064	-96.8786166678401	2.453425474991758	Hamilton
2452338.832031	-20.6	7.805723	Hamilton
2452345.784275255	-57.99652409477165	3.4873873873165273	Hamilton
2452348.7770004817	-140.7298124743781	3.270809341412268	Hamilton
2452359.814453	-54.56	3.6262129999999995	Hamilton
2452360.691406	-70.26	5.052783	Hamilton
2452375.735230824	-57.45730307736457	3.5425141296584806	Hamilton
2452380.698955507	-90.06529409784439	4.379634819614452	Hamilton
2452388.689984559	-36.0585355816364	2.7649161838721716	Hamilton
2452408.7136910073	-116.19811887836435	2.4330849179360916	Hamilton
2452409.712945543	-97.10012943140008	3.7276859888315426	Hamilton
2452410.7047218913	-72.39766656930121	2.8468752957606234	Hamilton
2452419.7152131377	-67.73352544171281	2.8625891409743502	Hamilton
2452420.7128096526	-91.02719317150485	2.512828408155794	Hamilton
2452421.711892631	-123.09086431854833	2.665514377937827	Hamilton
2452422.7215516907	-110.35221935179396	3.1206097343476484	Hamilton
2452426.7309761085	-40.733043465884236	2.3401232513260886	Hamilton
2452427.6970497975	-6.512964441559443	3.1891593443018764	Hamilton
2452428.7031667824	7.136603495429764	2.1942156070171337	Hamilton
2452429.708626205	13.96400255344825	2.427786164703682	Hamilton
2452553.0296386173	-89.48273588962276	2.683706770907551	Hamilton
2452554.027156082	-101.48415863093993	2.74745928574171	Hamilton
2452554.9926042324	-112.56385229367774	2.7415179006405697	Hamilton
2452565.01995146	-34.26030580222603	2.8289277233491377	Hamilton
2452567.049805	-89.11	4.45964	Hamilton
2452575.044922	2.2	3.892318	Hamilton
2452576.0414394243	19.187456636180983	2.5126886030025366	Hamilton
2452576.9840977686	14.003334312433866	2.7734370918390696	Hamilton
2452585.016513372	-99.72826395652865	2.275386228338975	Hamilton
2452595.0124570816	-56.27264577188231	1.849604900181981	Hamilton
2452598.9900220754	-99.11787649999206	1.8001516397975033	Hamilton
2452600.9693462183	-60.881598766111296	1.4672234283404104	Hamilton
2452606.987355929	20.82164306762241	1.7661300439374754	Hamilton
2452608.9615511685	-37.55564974063444	2.0229033476334566	Hamilton
2452631.9341339795	-10.186686950359178	2.6628466582355905	Hamilton
2452656.9494589446	-128.0297505179674	2.0670107964851776	Hamilton
2452705.757844757	-20.671254252084957	2.040949483973374	Hamilton
2452722.747482599	19.569939637244886	2.578280470653497	Hamilton
2452723.757027774	10.645880874591342	2.3956523708178965	Hamilton
2452737.7006920506	29.67097129428437	2.1177011930558183	Hamilton
2452990.989258	-57.09	3.2587200000000003	Hamilton
2452992.0199495656	-67.1754308609849	2.4033258939892685	Hamilton
2453008.97331101	-108.75853037820222	2.276236895913633	Hamilton
2453009.823414278	-103.79107484426945	2.429128979332364	Hamilton
2453014.9161482127	22.583276915949046	2.585020559549116	Hamilton
2453018.881836	-33.81	4.174465	Hamilton
2453020.90625	-97.7	5.787437	Hamilton
2453021.888854	-123.62	4.42041	Hamilton
2453034.849609	-39.64	3.689476	Hamilton
2453068.8046440883	-79.91633132621195	2.7806824764956515	Hamilton
2453069.746094	-66.49	3.9337480000000005	Hamilton
2453079.7379013826	-61.20482802688077	2.7445287727203267	Hamilton
2453081.737305	-99.31	4.373104	Hamilton
2453100.703117606	-22.382083735295765	3.014965066348114	Hamilton
2453101.674081367	7.757758209001015	2.6202637549384202	Hamilton
2453102.723235978	35.39144078909953	1.9645006140046695	Hamilton
2453108.707932555	-71.7687303035811	2.2501238482846144	Hamilton
2453119.6872728113	40.35557645756838	5.502221362526378	Hamilton
2453282.03418	-13.09	2.914202	Hamilton
2453283.0278701726	-28.976511210429074	1.7754524674879233	Hamilton
2453337.930664	32.88	3.927852	Hamilton
2453338.9795472766	47.05607213437918	2.2303266374719066	Hamilton
2453362.933588	-45.47	3.619415	Hamilton
2453363.903183	-19.9	3.27631	Hamilton
2453383.883422409	28.29945525006602	3.498584160260807	Hamilton
2453384.8826004923	4.449985160892676	3.1259616329834508	Hamilton
2453385.8674982656	-31.32288329199922	3.379926256677609	Hamilton
2453386.8436038843	-45.2745037045257	2.3139449942798507	Hamilton
2453387.8713546875	-78.5424553229173	3.7459541866993815	Hamilton
2453388.837963	-85.54	3.386458	Hamilton
2453389.818250251	-78.08870315826574	2.6068491672036664	Hamilton
2453390.913785	-82.84	3.490093	Hamilton
2453391.958252	-38.27	3.7353359999999998	Hamilton
2453392.782245	-10.03	3.4002280000000003	Hamilton
2453402.881273	-83.79	3.8911099999999994	Hamilton
2453403.89456	-84.15	3.512245	Hamilton
2453404.868865572	-90.43818995411755	3.0396747818402408	Hamilton
2453405.87794	-73.2	3.023077	Hamilton
2453436.735835242	-30.27475895858808	3.5765590992149794	Hamilton
2453437.7904689303	12.891302838786283	3.5710175975676886	Hamilton
2453438.7364679435	28.232416770390824	3.3398224957843174	Hamilton
2453439.746272739	52.376200769916935	3.4001292468227438	Hamilton
2453440.7436501747	58.843320677244044	3.5159687498878798	Hamilton
2453441.8209889247	38.96347721239606	2.5577820650201994	Hamilton
2453460.6970106037	-72.7417044704905	2.891778114170722	Hamilton
2453475.6784078623	-65.4097376855701	3.328960613189411	Hamilton
2453476.6807815763	-80.85779360661869	2.862520674926422	Hamilton
2453477.681215957	-71.0803510953352	3.172800501373286	Hamilton
2453478.6854850417	-81.93902378593637	3.067174899906464	Hamilton
2453479.676366	-47.04	4.592407	Hamilton
2453516.696551	19.59	3.523418	Hamilton
2453669.06331	-65.04	3.05317	Hamilton
2453744.9346827916	4.0139984490881275	2.262805407717262	Hamilton
2453752.9073015065	-14.24607279193998	2.1383146073019934	Hamilton
2453755.878449	-65.62	3.9276870000000006	Hamilton
2453756.849734	-63.68	3.746356	Hamilton
2453773.8458751244	-20.3315440984563	2.2245128480083407	Hamilton
2453774.80103	7.25	3.961995	Hamilton
2454050.02273864	-49.85111154746964	1.897783975889088	Hamilton
2454072.0217818804	86.18756384215678	1.8544321727141009	Hamilton
2454073.014028402	47.26222613063899	2.33538188121011	Hamilton
2454073.958945701	26.107993836950378	2.323679261404674	Hamilton
2454098.9509052765	93.32267758295183	2.502214002126699	Hamilton
2454100.0173112373	101.76990113288433	2.4702472508842765	Hamilton
2454101.979935892	85.74497988094525	2.396583884787369	Hamilton
2454102.936917815	61.94040114953407	2.6836248119731083	Hamilton
2454103.886757995	24.076916469608552	2.658673701012074	Hamilton
2454133.841181	-8.77	3.938751	Hamilton
2454134.817627881	-45.48680206637505	1.8736284270473624	Hamilton
2454135.7593649253	-50.92217079377717	2.345635839261296	Hamilton
2454165.7787868576	-73.73934654098534	1.8998759991560508	Hamilton
2454166.706458	-68.25	7.021546000000001	Hamilton
2454167.6779607395	-36.55241680184804	2.4869790786974595	Hamilton
2454168.8065212443	-20.82232470742859	2.4738237711504305	Hamilton
2454169.842754709	23.029977196343044	2.418661565929388	Hamilton
2454196.7305800244	-35.83636369242762	2.27897513529958	Hamilton
2454216.7786804102	81.61653177522486	3.306107930675451	Hamilton
2454219.741269913	50.133200751019984	2.061065638678252	Hamilton
2454220.7571230424	32.30420667172143	2.1058176899131182	Hamilton
2454426.062950032	41.37611717239619	2.4752154982828243	Hamilton
2454427.053991342	1.8336830495316447	1.4026874959194655	Hamilton
2454428.0303517818	-27.633746716255835	1.4201563680908076	Hamilton
2454429.047373671	-33.66270042451612	1.3757767850903757	Hamilton
2454449.9308988443	82.41743375038497	1.3628900788176848	Hamilton
2454457.9798530852	-6.891895132401313	2.1144825470943545	Hamilton
2454517.7823789143	-48.906279158717766	2.0950922229404108	Hamilton
2454547.8391096797	-18.48200837607987	1.9070864887794428	Hamilton
2454574.711809611	-26.393976552683277	1.3782868033811935	Hamilton
2454578.747105633	14.939773312520408	1.7571948601748582	Hamilton
2454598.707336941	123.85922844728303	3.1091962951013175	Hamilton
2454725.031979	6.11	4.013549	Hamilton
2454726.025753028	39.65944152100732	2.2331140975159514	Hamilton
2454783.989421	4.91	3.4846280000000003	Hamilton
2454784.988924	35.06	3.6594389999999994	Hamilton
2454844.905298897	68.97223296010499	2.122026172072492	Hamilton
2454846.0201855795	109.36005975246607	1.6100903734833514	Hamilton
2454846.952318988	111.22760429298357	1.5815248276966385	Hamilton
2454847.891552017	102.61102704562146	2.5997996193099215	Hamilton
2454848.8854968566	91.30020316991389	1.8826144351352279	Hamilton
2454849.8361451956	68.09092011856961	1.6871288815998284	Hamilton
2454850.8684687833	32.15907579182093	1.8798953797698936	Hamilton
2454863.844701246	93.8105931772966	2.519796217166488	Hamilton
2454864.8593723066	66.85080015618746	2.582927125294536	Hamilton
2454865.8627483975	47.825795342148325	2.4697785643981987	Hamilton
2455167.0258533196	75.84030507911643	2.887725181988592	Hamilton
2455167.9967122762	100.81731710193597	2.6022821408777017	Hamilton
2455172.016420415	86.7968665325012	3.134466839762355	Hamilton
2455199.9628339475	77.71420175481997	3.93776256072505	Hamilton
2455201.91812928	65.86622731466028	3.2826039680399646	Hamilton
2455228.789679101	99.60362343151289	2.558611876104044	Hamilton
2455312.6729940474	50.47524137159232	1.66951942745033	Hamilton
2452219.138044	-143.09	1.101866	HIRES-pre
2452236.014734	-60.56	1.213415	HIRES-pre
2452243.050683	-54.0	1.170581	HIRES-pre
2452307.849907	-106.97	1.329732	HIRES-pre
2452333.997674	-138.21	1.493973	HIRES-pre
2452334.892998	-140.14	1.265555	HIRES-pre
2452573.112569	-64.33	1.172578	HIRES-pre
2452574.128981	-46.23	1.277194	HIRES-pre
2452576.098113	-9.82	1.353223	HIRES-pre
2452601.03147	-86.39	1.193085	HIRES-pre
2452602.058542	-59.41	1.251959	HIRES-pre
2452603.113634	-26.41	1.214071	HIRES-pre
2452652.972558	-73.66	1.437056	HIRES-pre
2452654.039491	-99.5	1.471476	HIRES-pre
2452680.970162	-31.04	1.332504	HIRES-pre
2452682.950914	-83.97	1.397119	HIRES-pre
2452711.766863	-78.21	1.358394	HIRES-pre
2452712.825567	-106.31	1.391706	HIRES-pre
2452777.805602	-51.76	1.205873	HIRES-pre
2452804.745035	-126.83	1.463151	HIRES-pre
2452988.038287	-6.38	1.295739	HIRES-pre
2453017.861331	-18.76	1.211428	HIRES-pre
2453045.781875	22.06	1.208705	HIRES-pre
2453077.041736	-19.88	1.360143	HIRES-pre
2453339.04444199	30.54409942238871	0.626223004008558	HIRES-post
2453369.9167128997	-13.477672985512354	0.6246322331275246	HIRES-post
2453425.8431972875	22.437074326284637	0.6608639116290606	HIRES-post
2453480.8203919376	-53.556295306699525	0.5819068865327198	HIRES-post
2453546.764409309	-35.58003955369523	0.7333846084600151	HIRES-post
2453547.741175588	-75.8313015726172	0.571552792832432	HIRES-post
2453693.032605642	-31.334560171223124	0.44174596971525454	HIRES-post
2453694.0817047395	-50.9946672289421	0.5810832420741092	HIRES-post
2453695.05094185	-85.18405200081158	0.5865455828678595	HIRES-post
2453696.026099592	-102.26910063183594	0.6641707369431494	HIRES-post
2453697.110003618	-104.756057366976	0.6954290038049276	HIRES-post
2453724.0555773643	-83.22473204553287	0.5179570667318976	HIRES-post
2453724.9944204926	-97.08652189681241	0.7078033628391841	HIRES-post
2453747.0260644276	41.07484262165397	0.6431606016115723	HIRES-post
2453747.9580156235	51.46103143246914	0.6669749017053852	HIRES-post
2453748.923229923	44.490236161118695	0.65927155867287	HIRES-post
2453749.859313979	40.766343700847486	0.6271176016681034	HIRES-post
2453750.865820966	22.33290941014579	0.6778755997846553	HIRES-post
2453751.930625	-21.38	1.116981	HIRES-post
2453752.9734700066	-38.81460514493411	0.6300204897654419	HIRES-post
2453753.9439890906	-75.84296865470436	0.6205167402670256	HIRES-post
2453775.923234173	20.32021172745251	0.5902778921023586	HIRES-post
2453776.940548747	27.665860215076908	0.6246073278595877	HIRES-post
2453778.020040163	44.67641589141514	0.6653083538362008	HIRES-post
2453806.8890918605	47.59414366348028	0.7714304451340553	HIRES-post
2453837.8087167656	44.487966822861495	0.6075595501754925	HIRES-post
2453841.801564598	-70.93559693758856	0.6297865545082102	HIRES-post
2454083.9816191383	42.067694828704866	0.5172598500072667	HIRES-post
2454085.017933928	62.640927481188996	0.4064200367077678	HIRES-post
2454086.1021482837	55.61601410603954	0.5494409871976234	HIRES-post
2454108.9085838003	-51.663499084621975	0.5150247812424292	HIRES-post
2454129.9006943256	60.65494280475408	0.5359525945752732	HIRES-post
2454130.947181266	50.58075937127043	0.484155957605241	HIRES-post
2454131.8810648695	18.210901205985127	0.5872768680909314	HIRES-post
2454138.9445350044	-31.209626360735765	0.3626126865168306	HIRES-post
2454216.7747395653	58.845129516773305	0.7791362085996261	HIRES-post
2454246.783199964	58.052293732711505	0.6225281248745739	HIRES-post
2454247.8162587658	51.02411411928713	0.6516171899112299	HIRES-post
2454248.7919059657	34.20896235902751	0.6218427884816076	HIRES-post
2454249.7837268366	-3.500380031663587	0.7769072993495085	HIRES-post
2454250.7874336746	-27.792329021031726	0.6771006850526343	HIRES-post
2454251.791050164	-56.48315008141368	0.686751714898597	HIRES-post
2454255.7367370278	-71.96872260265093	0.6159516887145199	HIRES-post
2454398.138218	-27.06	1.057181	HIRES-post
2454428.045995749	-50.43746316420224	0.7061875179509158	HIRES-post
2454429.004574744	-58.11703529938853	0.6851892524941983	HIRES-post
2454430.080127	-62.64	1.133019	HIRES-post
2454454.002937518	56.718282890634214	0.8968313317433837	HIRES-post
2454454.963785	34.18	1.281247	HIRES-post
2454455.977072	-7.63	1.314152	HIRES-post
2454458.96022	-50.66	1.498081	HIRES-post
2454461.063148	-15.94	1.403542	HIRES-post
2454461.945255	3.66	1.328016	HIRES-post
2454492.956319	30.95	1.18382	HIRES-post
2454544.911088	-27.91	1.200263	HIRES-post
2454545.903692	-53.2	1.043072	HIRES-post
2454779.08888341	-17.629389409714065	0.7750696633723292	HIRES-post
2454806.0102935275	45.12573836447403	0.7329747664819863	HIRES-post
2454807.038147197	29.21822371094586	0.8290463017252913	HIRES-post
2454808.01410288	-15.059598581541618	0.7035529732854463	HIRES-post
2454809.0914237187	-27.719742628804397	0.6981447092469625	HIRES-post
2454809.9736452093	-34.598204819924916	0.6519817577983255	HIRES-post
2454810.9797406886	-45.00407828831348	0.6695619125608294	HIRES-post
2454818.949915	93.39	1.384854	HIRES-post
2454819.959841	69.52	1.250846	HIRES-post
2454821.983902	10.69	1.227018	HIRES-post
2454839.0472631073	-59.47975395427079	0.7110157988395185	HIRES-post
2454847.0940366103	80.05471009370387	0.824144827425989	HIRES-post
2454864.992314005	46.4279886585365	0.6838684395890595	HIRES-post
2454927.828168	-56.89	1.365124	HIRES-post
2454929.859762329	-35.45415761062539	0.7317190678040106	HIRES-post
2454934.853665887	81.18217670502001	0.6827091348970593	HIRES-post
2454954.8464805437	-13.66020650110558	0.7043449019395922	HIRES-post
2454955.873979	-28.81	1.2110799999999997	HIRES-post
2454983.745342248	-4.9299131998175865	0.6991044220356174	HIRES-post
2454984.760797823	-35.565094120950604	0.7061825357526191	HIRES-post
2454985.734172877	-49.43757182562475	0.6863680800638587	HIRES-post
2454986.758132603	-41.603032313169265	0.676155084485045	HIRES-post
2454987.735743416	-37.9349363775276	0.6979448430613764	HIRES-post
2454988.736115358	-14.188734341640753	0.700695427108701	HIRES-post
2455109.137253471	62.79128183275053	0.7238187547916178	HIRES-post
2455134.152276245	-33.49719434997138	0.6789748084640849	HIRES-post
2455164.12730648	-16.224555325613164	0.6607814095496402	HIRES-post
2455167.025919812	63.8777744151935	0.6041032069028802	HIRES-post
2455172.1161867836	64.87067141111294	0.7131909692956221	HIRES-post
2455173.0314207743	41.10258129903414	0.694117526944278	HIRES-post
2455188.097613282	9.372624367603445	0.7786360523170538	HIRES-post
2455189.0782524175	-21.18838443214533	0.8076167479125844	HIRES-post
2455190.1246760213	-46.1507751231852	0.725332292991698	HIRES-post
2455192.003502005	-63.99375250866635	0.6927758366064373	HIRES-post
2455193.1759542977	-51.360399772054414	0.8972887660511756	HIRES-post
2455196.96550442	51.574146784109104	0.7106379893559055	HIRES-post
2455198.9739785343	86.09228532675722	0.714192402364972	HIRES-post
2455200.994376759	62.61690338498714	0.5286894444419112	HIRES-post
2455229.080973847	81.39986778697207	0.6905036553990941	HIRES-post
2455229.885315588	62.243702279259324	0.6679747926283396	HIRES-post
2455231.813510578	10.923182558811906	0.7125548288860301	HIRES-post
2455255.8164109006	73.77158047486033	0.6140104129887045	HIRES-post
2455256.9075241066	99.9577327973068	0.6524285189588921	HIRES-post
2455260.8844613293	35.95419599311201	0.5605666008772958	HIRES-post
2455261.918087211	1.2974464432613937	0.5417774174411173	HIRES-post
2455284.863986212	47.62629725431444	0.7942471316789752	HIRES-post
2455285.9156822725	65.69004077895417	0.6722840813101594	HIRES-post
2455289.8358061863	18.40978176893852	0.19223933438556845	HIRES-post
2455311.7415572656	-12.15661065427755	0.6915348302865788	HIRES-post
2455312.8262771238	22.42991379686385	0.6532131065200321	HIRES-post
2455313.7446571137	49.47363597047382	0.6463196098846747	HIRES-post
2455314.806090398	60.04955382115155	0.7566484813267177	HIRES-post
2455320.7443266218	-36.02068770347115	0.6680134679031126	HIRES-post
2455321.733623148	-51.978827930635326	0.6636947970754049	HIRES-post
2455339.793520254	-47.38918406617882	0.6291979820463137	HIRES-post
2455342.788990619	40.92154834767286	0.4847185383543489	HIRES-post
2455343.733285298	57.91889348874812	0.8116791375927681	HIRES-post
2455344.734320137	88.82333445796644	0.6825569935822494	HIRES-post
2455350.744773127	-28.624173776908705	0.5625247421564679	HIRES-post
2455351.742571042	-54.78647860308676	0.6085590378656088	HIRES-post
2455465.1457493063	28.584804802305214	0.6739499175319328	HIRES-post
2455466.145396488	14.784819114871032	0.7197528648028135	HIRES-post
2455467.147031577	-23.708121138457173	0.6765382264138009	HIRES-post
2455468.1501317224	-52.375536158429085	0.6387327274321356	HIRES-post
2455469.1438078266	-48.737017059634766	0.7426974340393574	HIRES-post
2455490.156208989	45.98825751081711	0.756333710276155	HIRES-post
2455491.1544920304	75.7374919306681	0.6793693928099842	HIRES-post
2455522.0193977156	79.55344459214179	0.6650546629844525	HIRES-post
2455542.925531601	-72.68080227821768	0.7580830637227033	HIRES-post
2455545.132797496	-47.19477669256812	0.7213042630624722	HIRES-post
2455545.987964339	-38.87938443058984	0.7149021064917609	HIRES-post
2455557.1295424327	-78.94812605720345	0.694796212719584	HIRES-post
2455557.978391933	-82.59651479793564	0.7530101800571313	HIRES-post
2455559.972132718	-52.62395679218183	0.8430668725777904	HIRES-post
2455584.9950684668	-54.48981818311065	0.6885178400019101	HIRES-post
2455605.9669917994	18.042699525506475	0.7241739215813477	HIRES-post
2455606.9725324316	50.504763586670336	0.7067794889035339	HIRES-post
2455607.958684596	58.80666835617182	0.7184302918830695	HIRES-post
2455611.9623495075	43.239477218799195	0.788365358316304	HIRES-post
2455633.918235031	-37.16950212441558	0.7102766251683703	HIRES-post
2455634.817013823	-6.552404111700744	0.671971262561639	HIRES-post
2455636.751522463	38.13481196510925	0.6535504334002493	HIRES-post
2455671.720023145	-8.5257923748262	0.6394470086829519	HIRES-post
2455672.720911679	-49.68434478060079	0.6782201349625975	HIRES-post
2455673.7237936486	-64.79438163771046	0.6734357680039645	HIRES-post
2455697.7278227587	66.82927134710613	0.7048604614609525	HIRES-post
2455698.7267125472	55.039659024032375	0.6897393434527542	HIRES-post
2455699.7265150296	39.11146228698301	0.6570307989145542	HIRES-post
2455700.7259636354	-0.49910736046274007	0.6613410928431384	HIRES-post
2455703.7285282267	-71.94802774698738	0.621577339519013	HIRES-post
2455722.739058917	-14.750526294153158	0.6956347480741917	HIRES-post
2455723.7316773767	14.37243452778985	0.7467028257928611	HIRES-post
2455728.7428780794	17.740234982961283	0.7809945227615611	HIRES-post
2455842.117316355	44.53364563101445	0.6760108888705917	HIRES-post
2455843.148645684	64.73022027190953	0.6709816803507287	HIRES-post
2455844.120276291	64.67450765406214	0.7062463863007352	HIRES-post
2455852.137479202	-77.6193200482059	0.7097760957137002	HIRES-post
2455871.0844570743	37.0607336366467	0.8136251234347249	HIRES-post
2455878.1042620125	-47.811240042049604	0.7110486549478174	HIRES-post
2455879.0615275144	-72.1716851751342	0.721591087772696	HIRES-post
2455880.0738268048	-69.32131205439521	0.6972930569046203	HIRES-post
2455901.999295814	48.99867229736642	0.6864355057233155	HIRES-post
2455902.991248204	53.0791538750576	0.6882321448560597	HIRES-post
2455904.1129851653	22.2864132800809	0.6436202494125013	HIRES-post
2455904.92362083	3.3822803007990254	0.7509820035206687	HIRES-post
2455932.0557944896	53.63884756374723	0.6731762145353823	HIRES-post
2455944.978102562	45.61340072732636	0.7814708603258537	HIRES-post
2455960.91253374	60.51762276610137	0.7270965095725032	HIRES-post
2455967.869009244	-64.3528147533641	0.715355883239349	HIRES-post
2455972.797381616	30.48753962538499	0.6721292411255391	HIRES-post
2455996.993583026	-96.68596614173528	0.8822462231955115	HIRES-post
2456019.885656959	50.475898335721325	0.6446466701896797	HIRES-post
2456027.9615136087	-89.27360827590388	0.6805041657593319	HIRES-post
2456073.742331558	-45.61755207645842	0.6400905753660606	HIRES-post
2456076.7384680687	33.11770852727515	0.7152507684600751	HIRES-post
2456079.7742248136	23.23053502977358	0.7013174511453978	HIRES-post
2456193.148629429	40.93984319110936	0.6868982974998846	HIRES-post
2456195.1523823244	58.72379360155584	0.6889449475082057	HIRES-post
2456203.1451520217	-95.54796718403738	0.6992822182043488	HIRES-post
2456208.1185934157	21.45354055314477	0.7056722813705589	HIRES-post
2456209.13017135	35.602674340642494	0.7257901981898323	HIRES-post
2456318.8848713944	-91.09422219606154	0.7548637054235726	HIRES-post
2456327.8377590603	55.656170140271406	0.7253432891707073	HIRES-post
2456343.759065397	2.2265314647651784	0.7034332167039931	HIRES-post
2456446.7374943676	6.798081467403935	0.6613639472889498	HIRES-post
2456586.1560166003	-65.60048351367419	0.7647387816958157	HIRES-post
2456588.1563193016	-4.318341502063212	0.6976755909420187	HIRES-post
2456589.1067532245	17.552450261947147	0.7356049067688076	HIRES-post
2456615.081058962	-80.58499339115076	0.7010096379526168	HIRES-post
2456637.9525785977	0.9917974541734067	0.7228871461106817	HIRES-post
2456674.872424963	-23.13413857158816	0.7785996693190942	HIRES-post
2456708.8600550434	38.522796024513895	0.7062624889705228	HIRES-post
2456709.848333138	7.159390205162678	0.6814902192791715	HIRES-post
2456826.731076791	17.53610158205376	0.6860801033219462	HIRES-post
2456827.7325596428	-17.755421611041502	0.7141694754595214	HIRES-post
2456828.732097762	-33.391227679259	0.7486978718332906	HIRES-post
2456829.739695382	-76.08279594402755	0.7426543462439757	HIRES-post
2457179.7383617098	-26.48953859911656	0.6523193780629991	HIRES-post
2457199.7425836907	-113.81098170388557	0.7178900485342595	HIRES-post
2457327.1595327593	-68.69205960361792	0.6766106059635901	HIRES-post
2457356.171758	-42.46	1.2113789999999998	HIRES-post
2457379.9266832364	-6.755728014006269	0.753523955112054	HIRES-post
2457384.962551961	-25.583336711137502	0.7279567010243305	HIRES-post
2457555.73612642	11.753061975362053	0.7397622240150217	HIRES-post
2457714.164399	-90.19	1.9765959999999998	HIRES-post
2457717.158767	0.35	1.116525	HIRES-post
2457764.9033301696	-7.118207898950198	0.6811898175567259	HIRES-post
2457926.731648675	-25.084364517978234	0.686343969777672	HIRES-post
2458029.1438850705	-24.487474825042284	0.7443204651286474	HIRES-post
2458160.9979182906	-21.713429805443404	0.7592712241024409	HIRES-post
2458181.8270419287	-96.77678460848489	0.82991130546419	HIRES-post
2458392.146661153	16.666001273440582	0.7377532360644043	HIRES-post
2458528.9362746724	-42.45832164224371	0.6895051571757481	HIRES-post
2458645.72425351	-29.368518207338067	0.6642274671168482	HIRES-post
2458795.0526330117	-84.65468868169285	0.6042969369108634	HIRES-post
2458828.0470135435	-37.88821912386263	0.6820205366906654	HIRES-post
2458884.88968211	-79.00282283161768	0.6811844884315228	HIRES-post
2458916.839961401	-7.495458069826039	0.8003506695800425	HIRES-post
2456574.049368	39.79	1.920194	APF
2456578.010705896	40.184364697501934	0.78163149897598	APF
2456582.020105371	-49.9395296865582	1.1225481256416772	APF
2456582.9740958987	-62.547784431070454	1.1854460324820562	APF
2456583.9414376104	-71.13518078351619	1.1441392194811664	APF
2456588.891163723	53.96996049321628	1.2168372502856404	APF
2456589.9935280094	75.8909620147012	0.8168493952515805	APF
2456591.0108192232	84.39023599197866	1.1174375255113036	APF
2456591.9186922	65.15567288604527	1.1724556975442009	APF
2456597.9412984797	-73.5408292513186	1.1228165731590736	APF
2456606.9716591164	49.60140539949961	0.7972442927617374	APF
2456608.004782104	25.805420842504105	0.799967813331269	APF
2456610.9903924707	-64.01738138660839	1.0910396615580544	APF
2456619.033254	56.42	1.834712	APF
2456619.971794141	55.03596661051562	1.51390702977448	APF
2456622.8750991817	16.451909378114472	1.251110542014446	APF
2456624.9186384613	-33.21917564711612	1.101693108244703	APF
2456626.9178600614	-62.62421681569427	0.8487265766972671	APF
2456628.9326355746	-54.27314012955886	0.7598950023843718	APF
2456631.880908835	11.379033753063231	1.6771137783302899	APF
2456632.9060770106	67.44364882130839	1.1563672954240996	APF
2456647.895257701	54.781683448215034	1.1525040387308332	APF
2456648.884958598	65.81569018313863	0.8125472711127721	APF
2456663.0225694766	65.8588144725334	0.858241434286633	APF
2456663.867321819	76.24585645658141	1.1806459224092816	APF
2456668.011118195	-6.1872113845630174	0.8494097964431313	APF
2456675.017798116	12.228897008931277	0.7621231975566228	APF
2456675.9570501987	36.474720145117715	0.80917229667011	APF
2456678.9128655414	78.03622366891697	1.1320772022591548	APF
2456679.9977287166	84.11626966881926	0.9407019273170998	APF
2456682.884022769	7.036510186187051	1.544456769650331	APF
2456683.867386182	-24.385721838659997	1.2451477360334915	APF
2456689.931648208	6.372654830726118	1.2952473324000773	APF
2456693.841868619	75.41763344123922	1.1445607404782778	APF
2456703.00503	-36.97	2.113036	APF
2456705.879186783	40.55909998668477	0.970708258311455	APF
2456708.982396	58.8	2.271986	APF
2456709.965656	45.48	1.8726070000000001	APF
2456712.872516471	-29.072788118304903	0.9124172687066688	APF
2456724.8165040202	59.54036095463026	1.0669921008178138	APF
2456725.7525459733	38.271093022818754	1.3227846278153272	APF
2456728.816076763	-50.812925749282826	1.4207228256615985	APF
2456731.733226478	-37.143351169235395	1.195534144031425	APF
2456732.742743	-17.88	2.351716	APF
2456740.744717	-2.53	2.079377	APF
2456741.642747	-36.1	2.142761	APF
2456745.7104186746	-70.77226983786143	1.549454080301784	APF
2456753.695002347	62.33008473936616	1.4394382240348484	APF
2456754.651252189	29.718128977130434	1.2822114884392293	APF
2456757.664034388	-58.15780864525857	1.2564572170409587	APF
2456758.744109	-59.06	1.9893509999999999	APF
2456761.6851375205	-23.143601541233053	1.1637210076765605	APF
2456765.703406	80.0	1.696554	APF
2456766.716515	83.54	1.67094	APF
2456777.668453	2.98	2.314671	APF
2456780.692558	68.11	1.5791390000000003	APF
2456784.721959085	4.482918272815134	1.314377210855021	APF
2456789.705234439	-62.56335804012416	1.1999018902418752	APF
2456792.698729	20.02	2.07548	APF
2456793.713195	29.93	1.941626	APF
2456796.7082376266	55.00953430822328	1.3188689509856202	APF
2456924.998966	7.64	1.686401	APF
2456936.039491	-66.97	1.668342	APF
2456940.005577	48.33	1.558666	APF
2456941.942017	70.08	1.6525189999999998	APF
2456949.917366	-65.58	1.82728	APF
2456973.058876	54.7	1.50963	APF
2456985.9314634223	73.33639320261085	1.1347006170245517	APF
2457026.926159	18.17	1.536749	APF
2457052.811275	-79.51	1.515912	APF
2457127.666936	-50.65	1.6568580000000002	APF
2457132.741024	58.16	1.559226	APF
2457138.723062	-71.34	2.128102	APF
2457142.742214549	-47.25025639903646	1.1541926247279992	APF
2457170.73108999	-66.6438866332981	1.0378449498659184	APF
2457275.027089563	-37.490981142707255	1.3979494790398674	APF
2457283.990489508	-39.23883333988516	1.4970944249883547	APF
2457287.041259614	-78.10397324159283	1.2902827233483474	APF
2457290.966965544	4.255169305399642	1.4316034510031277	APF
2457305.9586243634	26.428425251459387	1.2889369601685015	APF
2457308.9192723874	67.0297638512093	1.5139092894371546	APF
2457318.9426986403	-54.29792616179036	1.3569315629055623	APF
2457321.880740579	25.091962631445067	1.1379948527926749	APF
2457333.079523	-62.07	2.045628	APF
2457335.0330871306	-3.500355082771015	1.0994555174175673	APF
2457337.965045	53.03	1.485102	APF
2457341.0267317053	1.736504399302456	1.067002441539527	APF
2457345.072031	-76.04	1.62336	APF
2457348.960087178	-14.090358817582864	1.0722314681314782	APF
2457354.951254449	16.178822589527897	0.9471709080855417	APF
2457356.9884858336	-33.14110869402329	1.3381360531140516	APF
2457362.0065813456	-67.73030672245076	1.1376444686787501	APF
2457362.925709	-44.83	1.8602209999999997	APF
2457364.9882157715	13.494069532282042	1.3003799553082136	APF
2457415.79483	-44.65	1.604929	APF
2457424.842639	50.16	3.0438969999999994	APF
2457426.7959663477	63.4270623061759	1.2377477788658178	APF
2457427.8038977114	38.20310774739478	1.6668411988677652	APF
2457429.815422275	-4.486024728510772	1.1707498769875198	APF
2457432.7768817516	-69.12891983145971	1.0894616358144347	APF
2457669.930963	-53.88	1.932907	APF
2457680.066451	-77.11	1.555925	APF
2457682.904665	-112.31	1.769646	APF
2457697.045728	-95.52	1.5898239999999997	APF
2457701.074571	-10.68	1.590478	APF
2457702.076451	16.07	2.205882	APF
2457704.083613	55.77	1.545784	APF
2457706.040629	48.9	1.447893	APF
2457707.962467	-18.28	1.66332	APF
2457718.016216	37.1	1.522661	APF
2457728.029505	-76.12	1.618479	APF
2457729.017246	-53.78	2.170964	APF
2457743.9354	-35.28	1.73984	APF
2457750.055943	41.94	1.719911	APF
2457751.946178	-10.96	2.235698	APF
2457780.815293	-2.76	1.811006	APF
2457796.770421	-36.08	1.8075260000000002	APF
2457814.767185	-99.24	1.743318	APF
2457815.786435	-76.99	1.598717	APF
2457823.714091	29.05	1.8744389999999997	APF
2457829.6872734837	-76.71628683341515	1.4139658093466987	APF
2457847.718999	-14.9	1.810338	APF
2457853.677763	-19.5	1.850774	APF
2457858.707083	-104.97	1.60215	APF
2457866.68758	43.36	2.0357	APF
2457873.695592	-90.67	1.750074	APF
2457882.721065	24.11	1.8212210000000002	APF
2458022.991564	-23.35	1.692843	APF
2458027.972802	43.32	1.8156920000000003	APF
2458032.975995	-88.72	1.5618740000000002	APF
2458041.925525	56.18	2.063025	APF
2458045.9429	-50.31	1.776181	APF
2458109.912446	-53.95	2.00568	APF
2458115.814499	33.95	1.8375250000000003	APF
2458119.914975	-61.73	1.9988029999999999	APF
2458129.854928	41.06	1.8313479999999998	APF
2458131.8495711666	13.899998981215944	1.0287270870975596	APF
2458152.820628018	-76.92912033063828	1.3512449474185895	APF
2458165.910759	-106.85	1.898166	APF
2458385.977388	-83.95	1.913462	APF
2458387.969249	-48.52	1.8104050000000003	APF
2458400.984184	-73.53	1.8016830000000001	APF
2458414.914336	-74.94	1.7427769999999998	APF
2458418.932472	12.52	1.8396609999999998	APF
2458508.813038	74.27	1.687896	APF
2458761.9951520404	53.69695335105634	1.4841377781734775	APF
2455954.7195088686	27415.9461418743	0.08948337966492262	HARPS
2455971.676358116	27485.14060613336	0.09277364349113733	HARPS
2455985.6401961385	27450.135039172234	0.0960827093400527	HARPS
2456002.5876738983	27519.70589508003	0.10948640447280107	HARPS
2456611.6836950523	27370.85183973597	0.0701123078178344	HARPS-N
2456625.679078804	27392.120326858458	0.07286958811975301	HARPS-N
2456659.5668857195	27413.407863378685	0.08517255075069187	HARPS-N
2456684.6401904654	27398.029425718974	0.1243648168084233	HARPS-N
2456715.5548380823	27385.679732419005	0.15547608116208303	HARPS-N
2456746.4775102073	27390.45342560002	0.08948677214364066	HARPS-N
2455955.3953	27399.4	1.9000000000000001	SOPHIE
2455960.603447294	27524.169124372467	0.3368998546248774	SOPHIE
2455961.462228	27521.43416	1.03602	SOPHIE
2455963.539868776	27483.96446446021	0.3321655776855951	SOPHIE
2455975.342170235	27528.92414777511	0.26399974087347755	SOPHIE
2455977.5374922957	27497.892307511687	0.3328214042095851	SOPHIE
2455980.48795	27410.40833	0.31754044222744293	SOPHIE
2455983.446729888	27374.276526904254	0.304113574107697	SOPHIE
2455989.369748968	27504.7981258327	0.37683403692958184	SOPHIE
2455997.3576	27372.8	1.3	SOPHIE
2456011.40842905	27382.44774002902	0.3334586374220451	SOPHIE
2456014.3690643283	27416.149998384823	0.3207146414238152	SOPHIE
2456352.3738287	27421.09528	0.57888	SOPHIE
2456355.3960541515	27493.120614194537	0.30046720504234586	SOPHIE
