time	mnvel	errvel	tel
2451326.629453	-22567.529	11.8	HJS
2451503.889809	-22568.259	2.7	HJS
2451529.976108	-22626.99	1.28	HJS
2451532.850231	-22546.88	3.39	HJS
2451555.844726	-22613.15	2.02	HJS
2451627.705948	-22601.619	2.71	HJS
2451655.718872	-22562.95	1.87	HJS
2451688.642998	-22676.9	1.92	HJS
2451861.8822769998	-22615.119	1.79	HJS
2451861.895203	-22622.139	2.79	HJS
2451917.867086	-22557.659	1.84	HJS
2451987.751128	-22591.869	2.79	HJS
2452004.733465	-22550.49	3.48	HJS
2452039.68473	-22668.18	4.2	HJS
2452221.009274	-22622.909	2.39	HJS
2452248.991238	-22655.189	2.49	HJS
2452303.806854	-22679.909	5.86	HJS
2452353.776502	-22608.38	2.97	HJS
2452385.668372	-22560.65	2.29	HJS
2452661.733255	-22611.36	3.98	HJS
2452742.73449	-22676.27	2.33	HJS
2452804.630184	-22682.65	3.41	HJS
2453015.915222	-22547.569	2.68	HJS
2453037.851194	-22661.49	1.07	HJS
2453066.779437	-22680.4	2.79	HJS
2453692.955325	-22574.56	4.9	HJS
2453747.824024	-22488.119	5.58	HJS
2453806.748197	-22494.439	1.2	HJS
2453863.660171	-22521.49	3.83	HJS
2454068.004039	-22526.009	1.77	HJS
2454781.998828	-22583.619	5.5	HJS
2454838.860312	-22582.86	2.16	HJS
2455200.970252	-22490.13	2.81	HJS
2455200.985155	-22490.81	2.35	HJS
2455287.673698	-22464.61	3.83	HJS
2455287.682405	-22470.86	4.16	HJS
2455314.686713	-22484.159	6.3	HJS
2455316.630269	-22456.81	1.87	HJS
2455502.973684	-22558.52	5.96	HJS
2455502.988672	-22531.439	7.7	HJS
2455524.9414	-22538.52	2.81	HJS
2455524.947152	-22537.54	3.33	HJS
2455524.952902	-22533.119	3.21	HJS
2455526.928491	-22596.159	2.31	HJS
2455526.93983	-22596.029	2.47	HJS
2455526.950839	-22595.009	2.04	HJS
2455527.877401	-22613.509	3.98	HJS
2455527.881994	-22602.279	2.04	HJS
2455527.886586	-22604.299	2.14	HJS
2455527.948992	-22601.159	2.75	HJS
2455527.953583	-22600.939	1.95	HJS
2455527.958177	-22606.59	1.67	HJS
2455527.997977	-22606.439	2.35	HJS
2455528.0025690002	-22602.22	2.18	HJS
2455528.007162	-22608.5	3.45	HJS
2455528.931144	-22601.939	6.46	HJS
2455528.931144	-22599.639	7.38	HJS
2455528.945448	-22607.0	3.75	HJS
2455529.959891	-22599.668999999998	2.14	HJS
2455529.9668	-22601.86	3.14	HJS
2455529.973705	-22596.869	1.65	HJS
2455583.785833	-22564.349	2.52	HJS
2455583.79471	-22565.61	3.08	HJS
2455583.803438	-22554.029	3.58	HJS
2455584.825341	-22587.02	4.71	HJS
2455584.830115	-22586.279	1.88	HJS
2455584.83491	-22587.65	2.83	HJS
2455587.858813	-22627.02	4.57	HJS
2455587.867265	-22628.659	3.97	HJS
2455587.877052	-22631.31	4.54	HJS
2455617.8794029998	-22593.93	2.83	HJS
2455617.889677	-22595.13	2.54	HJS
2455617.900688	-22593.229	2.75	HJS
2455632.738798	-22601.49	3.62	HJS
2455632.743944	-22600.54	1.56	HJS
2455632.749078	-22598.279	2.77	HJS
2455639.709952	-22495.389	3.04	HJS
2455639.71588	-22497.99	3.89	HJS
2455639.721968	-22499.549	3.23	HJS
2455640.759707	-22508.349	1.9	HJS
2455640.764655	-22510.86	2.47	HJS
2455640.769602	-22512.459	1.33	HJS
2455641.616259	-22536.119	1.83	HJS
2455641.623272	-22535.009	5.13	HJS
2455641.628106	-22533.68	1.79	HJS
2455641.632709	-22539.06	2.72	HJS
2455641.637309	-22531.93	2.16	HJS
2455641.642141	-22536.849	3.58	HJS
2455641.646742	-22541.18	2.08	HJS
2455641.65134	-22538.479	5.57	HJS
2455641.65643	-22543.819	4.78	HJS
2455641.661029	-22538.02	5.84	HJS
2455641.665627	-22536.909	3.1	HJS
2455641.670721	-22549.549	4.86	HJS
2455641.675319	-22538.049	2.0	HJS
2455641.679918	-22531.819	2.66	HJS
2455641.685062	-22545.069	2.41	HJS
2455641.689663	-22542.009	4.08	HJS
2455641.694259	-22541.84	2.52	HJS
2455641.699305	-22549.159	1.13	HJS
2455641.703905	-22545.7	1.84	HJS
2455641.708506	-22545.259	3.25	HJS
2455641.827147	-22556.24	2.85	HJS
2455641.833505	-22551.11	4.3	HJS
2455641.839274	-22551.639	9.66	HJS
2455641.844728	-22547.49	10.06	HJS
2455643.616997	-22592.63	2.81	HJS
2455643.715054	-22592.939	1.36	HJS
2455643.861238	-22603.25	3.25	HJS
2455644.661036	-22615.209	2.62	HJS
2455644.744627	-22617.83	4.45	HJS
2455644.838948	-22624.779	2.35	HJS
2455645.627074	-22631.849	3.1	HJS
2455645.731906	-22621.31	2.45	HJS
2455645.836175	-22619.959	3.43	HJS
2455646.605849	-22611.569	1.47	HJS
2455646.707865	-22606.369	2.2	HJS
2455647.618541	-22599.52	3.0	HJS
2455647.680105	-22595.58	4.41	HJS
2455647.791965	-22599.418999999998	3.58	HJS
2455648.63968	-22568.15	2.49	HJS
2455648.743429	-22563.729	2.14	HJS
2455665.607984	-22504.979	1.97	HJS
2455667.65457	-22479.168999999998	2.87	HJS
2455668.597001	-22472.2	2.75	HJS
2455669.592611	-22495.259	2.06	HJS
2455669.754753	-22490.389	2.25	HJS
2455670.610068	-22528.479	3.33	HJS
2455670.685177	-22528.259	2.33	HJS
2455670.771735	-22527.069	3.43	HJS
2455671.5975	-22549.259	1.68	HJS
2455671.779995	-22548.659	2.04	HJS
2455698.604897	-22487.11	3.52	HJS
2455698.686988	-22488.38	3.27	HJS
2455699.602043	-22497.909	2.04	HJS
2455700.642611	-22534.33	1.72	HJS
2455701.60509	-22570.159	1.96	HJS
2455702.615183	-22584.229	2.41	HJS
2455702.664048	-22584.29	2.06	HJS
2455703.6226	-22610.83	1.97	HJS
2455703.686633	-22617.18	2.58	HJS
2455704.624134	-22608.18	2.39	HJS
2455704.681642	-22606.369	2.75	HJS
2455722.613449	-22556.47	3.68	HJS
2455723.608083	-22540.0	3.75	HJS
2455723.615017	-22538.909	2.41	HJS
2455724.610188	-22501.54	3.83	HJS
2455727.616064	-22489.09	1.27	HJS
2455728.617093	-22515.72	2.35	HJS
2455872.0123840002	-22487.49	2.73	HJS
2455874.001481	-22494.409	2.27	HJS
2455874.016471	-22494.11	1.4	HJS
2455876.985447	-22566.479	3.08	HJS
2455876.9935	-22563.5	2.16	HJS
2455960.90774	-22486.099	2.08	HJS
2455964.676438	-22561.909	2.64	HJS
2455964.803268	-22554.18	3.1	HJS
2455964.928255	-22557.15	2.71	HJS
2455965.680263	-22582.529	1.97	HJS
2455966.68605	-22615.418999999998	3.35	HJS
2455966.846982	-22606.029	1.71	HJS
2455967.704882	-22607.97	2.14	HJS
2455967.814818	-22614.36	2.2	HJS
2455968.707304	-22624.709	2.72	HJS
2455968.799661	-22609.11	2.64	HJS
2455968.912886	-22621.86	2.47	HJS
2455987.687231	-22525.11	3.31	HJS
2455987.695797	-22527.189	2.35	HJS
2455987.704845	-22524.168999999998	2.35	HJS
2455987.795348	-22524.279	1.62	HJS
2455987.804664	-22526.68	3.58	HJS
2455988.632742	-22505.479	2.25	HJS
2455988.642528	-22509.34	1.58	HJS
2455988.822835	-22514.299	2.75	HJS
2455988.832031	-22508.5	2.87	HJS
2455989.65348	-22499.209	2.6	HJS
2455989.664852	-22502.409	3.66	HJS
2455989.760474	-22492.709	2.14	HJS
2455989.771997	-22494.58	2.79	HJS
2455990.666473	-22494.159	3.89	HJS
2455990.674841	-22496.27	1.47	HJS
2455990.807159	-22504.779	2.35	HJS
2455990.815072	-22504.47	2.77	HJS
2455991.661645	-22521.29	2.25	HJS
2455991.669499	-22524.93	2.33	HJS
2455991.848536	-22515.569	1.22	HJS
2455991.856181	-22524.36	2.35	HJS
2456014.729191	-22587.918999999998	3.72	HJS
2456015.713426	-22551.18	1.67	HJS
2456016.670332	-22530.029	3.54	HJS
2456016.680432	-22535.139	1.49	HJS
2456016.689073	-22535.119	2.85	HJS
2456017.663791	-22501.52	2.25	HJS
2456017.67179	-22498.24	2.14	HJS
2456018.761743	-22487.24	2.83	HJS
2456019.689191	-22492.34	1.97	HJS
2456020.79313	-22494.54	3.74	HJS
2456020.805254	-22496.979	3.81	HJS
2456021.668082	-22508.119	2.79	HJS
2456022.700575	-22553.86	3.24	HJS
2456024.624275	-22601.54	2.2	HJS
2456025.735695	-22639.259	3.22	HJS
2456048.609414	-22498.209	3.24	HJS
2456048.704947	-22497.259	1.51	HJS
2456049.596761	-22492.799	3.77	HJS
2456049.7202169998	-22497.72	3.04	HJS
2456050.669371	-22523.369	2.89	HJS
2456051.661389	-22540.849	2.39	HJS
2456052.60187	-22564.84	3.23	HJS
2456053.643293	-22604.909	2.56	HJS
2456053.695529	-22606.49	2.5	HJS
2456054.597629	-22610.209	3.02	HJS
2452927.984102	28414.81	2.18	HRS
2452927.986698	28411.43	1.14	HRS
2452929.976107	28382.75	1.31	HRS
2452929.978711	28380.66	2.35	HRS
2452931.984181	28324.34	2.74	HRS
2452931.986781	28321.18	2.58	HRS
2452932.966308	28297.86	1.6	HRS
2452932.968903	28296.54	1.81	HRS
2452934.943074	28270.68	1.86	HRS
2452934.945727	28271.45	2.5	HRS
2452948.910725	28291.09	4.19	HRS
2452948.913336	28294.15	2.85	HRS
2452949.920039	28288.13	2.99	HRS
2452949.922646	28289.77	1.75	HRS
2452953.921968	28376.38	3.12	HRS
2452953.924578	28378.25	4.9	HRS
2452954.905726	28395.11	3.43	HRS
2452954.908328	28392.99	2.89	HRS
2452958.888656	28411.16	3.2	HRS
2452958.891259	28391.27	3.72	HRS
2452958.893861	28417.08	3.25	HRS
2452958.896461	28412.49	3.06	HRS
2452958.907149	28423.24	4.29	HRS
2452959.91036	28373.97	1.66	HRS
2452959.912967	28371.59	1.52	HRS
2452963.873054	28279.04	1.23	HRS
2452963.875671	28277.63	2.96	HRS
2452965.859601	28281.11	3.39	HRS
2452965.862208	28278.04	3.79	HRS
2452981.83255	28324.52	1.73	HRS
2452981.835154	28320.66	2.37	HRS
2452983.819873	28378.45	2.68	HRS
2452983.822482	28379.13	2.93	HRS
2452984.824486	28411.06	2.73	HRS
2452984.827093	28404.66	2.35	HRS
2452987.025268	28434.75	3.2	HRS
2452987.02787	28434.11	3.93	HRS
2452988.024089	28408.56	2.25	HRS
2452988.026691	28411.34	2.47	HRS
2452988.81814	28394.9	1.6	HRS
2452988.820742	28399.93	3.6	HRS
2452991.026639	28326.68	1.9	HRS
2452991.029249	28324.81	3.56	HRS
2452993.794706	28289.81	2.48	HRS
2452993.797305	28285.09	2.43	HRS
2452994.789286	28286.79	2.6	HRS
2452994.791896	28290.2	3.12	HRS
2452995.021523	28304.59	4.08	HRS
2452995.024131	28304.95	3.83	HRS
2452995.801047	28316.52	1.79	HRS
2452995.80365	28318.34	4.59	HRS
2452998.019203	28380.59	3.16	HRS
2452998.021807	28397.15	7.12	HRS
2452998.784285	28407.54	5.83	HRS
2452998.786858	28404.24	8.71	HRS
2452998.789812	28408.15	5.13	HRS
2452999.012047	28400.38	4.01	HRS
2452999.014649	28403.91	2.0	HRS
2452999.769051	28417.24	4.32	HRS
2452999.771617	28417.97	3.27	HRS
2452999.997252	28426.52	1.36	HRS
2452999.999861	28425.58	3.48	HRS
2453000.775776	28432.02	4.38	HRS
2453000.778384	28433.95	4.7	HRS
2453003.787777	28389.5	4.41	HRS
2453003.790384	28394.68	1.76	HRS
2453003.999655	28382.97	3.2	HRS
2453004.002262	28387.45	2.18	HRS
2453006.766667	28305.68	5.19	HRS
2453006.769266	28303.9	4.58	HRS
2453024.931119	28290.18	1.15	HRS
2453024.93372	28291.38	2.02	HRS
2453031.91117	28434.58	3.33	HRS
2453031.913784	28436.13	4.08	HRS
2453033.679287	28380.49	3.79	HRS
2453033.68363	28380.15	3.33	HRS
2453034.927287	28354.02	1.31	HRS
2453034.93163	28351.61	3.39	HRS
2453039.910569	28335.52	2.06	HRS
2453039.913174	28342.34	2.6	HRS
2453042.670781	28404.56	3.1	HRS
2453042.673386	28407.18	3.71	HRS
2453042.883148	28417.38	3.99	HRS
2453042.885755	28420.04	4.4	HRS
2453050.652389	28308.68	2.0	HRS
2453050.654992	28311.91	4.59	HRS
2453051.641175	28300.27	5.0	HRS
2453051.643779	28299.47	3.5	HRS
2453052.853839	28287.34	2.7	HRS
2453052.856441	28285.77	2.66	HRS
2453053.631566	28291.58	5.44	HRS
2453053.634173	28292.45	5.41	HRS
2453056.835072	28380.29	4.08	HRS
2453056.837686	28378.0	4.16	HRS
2453057.620824	28407.38	3.06	HRS
2453057.623425	28407.88	2.68	HRS
2453063.595468	28363.63	5.78	HRS
2453063.836422	28353.36	4.53	HRS
2453063.839025	28335.06	2.39	HRS
2453065.821171	28318.52	2.97	HRS
2453065.823777	28313.61	3.21	HRS
2453066.821791	28292.95	5.41	HRS
2453066.824395	28292.59	3.72	HRS
2453082.782951	28325.86	2.39	HRS
2453082.785552	28322.91	1.85	HRS
2453084.780429	28358.68	3.0	HRS
2453084.783029	28361.52	1.71	HRS
2453089.742963	28442.11	3.66	HRS
2453089.745565	28445.59	7.75	HRS
2453089.758628	28438.29	3.68	HRS
2453089.76123	28437.84	3.18	HRS
2453095.747995	28300.5	3.29	HRS
2453095.750599	28299.65	3.64	HRS
2453098.760396	28330.27	6.17	HRS
2453098.762953	28331.06	3.0	HRS
2453101.724363	28405.06	5.08	HRS
2453101.726968	28405.18	5.2	HRS
2453102.719399	28422.65	4.37	HRS
2453102.722004	28423.15	5.08	HRS
2453103.714699	28422.63	6.69	HRS
2453103.717301	28420.61	4.5	HRS
2453110.698491	28296.31	3.6	HRS
2453110.701096	28294.33	3.37	HRS
2453111.689267	28288.66	2.41	HRS
2453111.691881	28289.36	4.71	HRS
2453112.687749	28304.16	3.47	HRS
2453112.69035	28306.83	4.74	HRS
2453116.66771	28425.97	2.54	HRS
2453116.670316	28430.29	1.53	HRS
2453117.695252	28434.5	1.6	HRS
2453117.69786	28431.72	3.06	HRS
2450207.3325	27267.0	7.0	ELODIE
2450208.3345	27226.0	7.0	ELODIE
2450209.335	27213.0	7.0	ELODIE
2450210.3319	27205.0	7.0	ELODIE
2450380.6941	27362.0	8.0	ELODIE
2450447.6526	27280.0	7.0	ELODIE
2450477.5717	27288.0	7.0	ELODIE
2450478.477	27309.0	7.0	ELODIE
2450479.4619	27331.0	7.0	ELODIE
2450533.4064	27213.0	7.0	ELODIE
2450535.4471	27251.0	7.0	ELODIE
2450559.345	27262.0	7.0	ELODIE
2450561.321	27224.0	7.0	ELODIE
2450732.6728	27356.0	7.0	ELODIE
2450735.6859	27263.0	9.0	ELODIE
2450766.6945	27232.0	7.0	ELODIE
2450795.6295	27226.0	8.0	ELODIE
2450821.5603	27305.0	7.0	ELODIE
2450824.5615	27228.0	7.0	ELODIE
2450858.4275	27286.0	7.0	ELODIE
2450860.481	27349.0	7.0	ELODIE
2450885.4374	27220.0	7.0	ELODIE
2450890.5199	27354.0	8.0	ELODIE
2450940.3384	27255.0	7.0	ELODIE
2451152.6836	27304.0	9.0	ELODIE
2451240.5511	27305.0	7.0	ELODIE
2451300.3589	27345.0	7.0	ELODIE
2451505.6846	27333.0	8.0	ELODIE
2451543.5995	27182.0	7.0	ELODIE
2451559.5868	27203.0	7.0	ELODIE
2451561.5149	27258.0	8.0	ELODIE
2451588.437	27188.0	7.0	ELODIE
2451623.3741	27324.0	7.0	ELODIE
2451655.3197	27302.0	7.0	ELODIE
2451691.3365	27176.0	7.0	ELODIE
2451882.6941	27212.0	7.0	ELODIE
2451883.6628	27246.0	7.0	ELODIE
2451953.562	27147.0	7.0	ELODIE
2451979.4519	27238.0	7.0	ELODIE
2452252.678	27309.0	9.0	ELODIE
2452722.4014	27305.0	7.0	ELODIE
2452747.3695	27184.0	7.0	ELODIE
2452748.3451	27213.0	7.0	ELODIE
2452753.3701	27285.0	7.0	ELODIE
2452774.3355	27173.0	8.0	ELODIE
2452776.352	27200.0	7.0	ELODIE
2452777.3871	27212.0	7.0	ELODIE
2452778.3426	27259.0	7.0	ELODIE
2447578.73	7.24	9.697116000000001	Hamilton
2447847.0437	-14.52	8.377284	Hamilton
2448017.6839	12.29	11.35886	Hamilton
2448017.692	13.59	10.014380000000001	Hamilton
2448375.6692	-49.8	8.789368	Hamilton
2448646.0011	5.36	8.052186	Hamilton
2448670.7605	-70.32	10.261221	Hamilton
2448906.0361	-34.52	7.174066000000001	Hamilton
2448991.9636	-26.46	7.417444000000001	Hamilton
2448992.8905	-39.92	7.196378999999999	Hamilton
2449114.7286	32.38	9.151322	Hamilton
2449305.9981	58.65	11.778338	Hamilton
2449306.0196	67.06	10.934992999999999	Hamilton
2449306.0409	67.25	10.430038	Hamilton
2449349.8449	74.6	9.173875	Hamilton
2449350.9269999997	94.49	8.973574000000001	Hamilton
2449469.6478	118.8	8.961186999999999	Hamilton
2449676.0632	120.58	4.837769000000001	Hamilton
2449767.774414	9.68	4.390048	Hamilton
2449768.832031	-10.31	4.806744999999999	Hamilton
2449793.797852	102.25	2.70194	Hamilton
2450056.988281	107.72	3.171446	Hamilton
2450087.881836	63.9	3.7205779999999997	Hamilton
2450088.918945	23.49	2.7621729999999998	Hamilton
2450089.005859	24.63	2.8380549999999998	Hamilton
2450089.776367	-3.71	2.853895	Hamilton
2450089.9863279997	-3.61	2.793617	Hamilton
2450090.745117	-18.72	2.5102580000000003	Hamilton
2450090.8925779997	-21.5	3.0946130000000003	Hamilton
2450091.848633	-45.67	2.833007	Hamilton
2450091.969727	-47.84	2.896388	Hamilton
2450120.8613279997	-29.13	5.730991	Hamilton
2450120.883789	-33.3	5.573271	Hamilton
2450121.8769529997	-30.61	4.353287	Hamilton
2450121.899414	-23.5	4.219082	Hamilton
2450124.844727	24.25	4.826174	Hamilton
2450124.870117	22.15	4.642918	Hamilton
2450125.766602	41.81	5.295935	Hamilton
2450125.789062	47.98	5.425212999999999	Hamilton
2450126.831055	78.1	6.6576070000000005	Hamilton
2450126.851562	63.98	10.06325	Hamilton
2450127.839844	92.97	5.290376	Hamilton
2450127.863281	92.76	5.281039	Hamilton
2450128.856445	102.13	4.895258	Hamilton
2450128.878906	109.62	5.136468	Hamilton
2450144.703125	117.13	3.868559	Hamilton
2450144.7167970003	113.4	3.999982	Hamilton
2450144.8457029997	104.53	4.063416	Hamilton
2450144.8613279997	103.77	4.3352260000000005	Hamilton
2450145.625	94.63	2.854677	Hamilton
2450145.764648	91.27	2.9420509999999997	Hamilton
2450148.874023	16.98	7.486911	Hamilton
2450148.898438	16.02	6.155006	Hamilton
2450150.7363279997	-31.28	4.685443	Hamilton
2450150.759766	-14.07	4.724818	Hamilton
2450152.668945	-25.26	5.962114	Hamilton
2450168.749023	7.66	7.928647	Hamilton
2450171.725586	82.43	6.920481	Hamilton
2450171.749023	91.92	6.134196	Hamilton
2450172.678711	94.52	5.4745230000000005	Hamilton
2450172.7011720003	119.83	6.0959330000000005	Hamilton
2450173.714844	103.66	5.03549	Hamilton
2450173.737305	91.57	5.11024	Hamilton
2450179.727539	-31.1	2.896969	Hamilton
2450179.744141	-33.61	3.665307	Hamilton
2450180.688477	-30.47	2.910736	Hamilton
2450181.633789	-30.97	2.814114	Hamilton
2450186.726562	117.23	6.510184	Hamilton
2450186.75	115.98	6.8305039999999995	Hamilton
2450187.674805	114.16	7.835161	Hamilton
2450187.699219	107.74	7.605894999999999	Hamilton
2450199.671875	86.38	4.725071	Hamilton
2450199.694336	82.29	5.5493559999999995	Hamilton
2450200.6894529997	100.29	5.762758	Hamilton
2450200.711914	122.96	5.1113230000000005	Hamilton
2450201.676758	108.43	5.9135	Hamilton
2450201.698242	121.81	6.679626	Hamilton
2450202.678711	129.79	4.269257	Hamilton
2450202.7011720003	134.47	4.783077	Hamilton
2450203.675781	138.52	5.981365	Hamilton
2450203.698242	121.81	6.265816	Hamilton
2450214.675781	71.25	5.541594	Hamilton
2450214.698242	76.27	5.096344	Hamilton
2450215.661133	92.96	7.026159	Hamilton
2450215.682617	86.9	5.866288	Hamilton
2450233.679688	102.84	6.945608	Hamilton
2450233.702148	114.13	7.246664999999999	Hamilton
2450422.005859	97.79	2.6290720000000003	Hamilton
2450437.924805	102.97	3.413706	Hamilton
2450437.931641	100.02	3.0131639999999997	Hamilton
2450441.954102	-4.31	2.833714	Hamilton
2450502.773438	-30.23	4.315728	Hamilton
2450502.786133	-34.19	3.5405550000000003	Hamilton
2450503.755859	-37.28	3.204096	Hamilton
2450503.771484	-38.52	3.23307	Hamilton
2450504.765625	-13.21	3.33621	Hamilton
2450504.78125	-13.66	3.225409	Hamilton
2450536.760742	38.66	6.358783	Hamilton
2450536.785156	28.99	6.4732449999999995	Hamilton
2450537.7519529997	60.67	4.653241	Hamilton
2450537.775391	68.65	4.28696	Hamilton
2450550.704102	42.71	5.108683999999999	Hamilton
2450550.727539	43.66	5.656025	Hamilton
2450550.7519529997	51.09	5.9527790000000005	Hamilton
2450563.706055	2.39	6.361314	Hamilton
2450563.729492	-11.71	5.745141	Hamilton
2450614.6875	74.31	3.9109910000000006	Hamilton
2450614.702148	67.84	4.462648000000001	Hamilton
2450793.902344	-32.2	2.7069919999999996	Hamilton
2450794.961914	-39.51	2.849529	Hamilton
2450831.931641	86.58	3.1111400000000002	Hamilton
2451153.0332029997	48.06	4.260204	Hamilton
2451155.018555	66.48	3.94498	Hamilton
2451206.87793	-62.65	3.6619309999999996	Hamilton
2451212.916992	74.81	5.124781	Hamilton
2451212.9394529997	68.48	5.725907	Hamilton
2451213.875	80.4	5.309423000000001	Hamilton
2451213.894531	75.11	5.685506	Hamilton
2451242.740234	63.88	4.092219999999999	Hamilton
2451298.721574	14.26	3.425	Hamilton
2451305.708008	-6.99	4.247174	Hamilton
2451469.052734	-70.38	5.9511769999999995	Hamilton
2451532.996094	22.38	4.048342	Hamilton
2451535.006836	51.01	4.911196	Hamilton
2451536.949219	51.76	3.673536	Hamilton
2451540.007812	-25.78	4.13235	Hamilton
2451581.837891	32.55	5.3772839999999995	Hamilton
2451581.866211	33.21	6.974688	Hamilton
2451607.818359	22.89	5.814704	Hamilton
2451607.84082	32.12	6.93595	Hamilton
2451626.734375	-0.41	3.973589	Hamilton
2451629.805664	-95.39	3.9448239999999997	Hamilton
2451840.0488279997	-31.96	5.091927	Hamilton
2451842.021484	18.77	4.770778	Hamilton
2451842.0488279997	27.17	4.478838	Hamilton
2451860.056641	14.33	4.054043	Hamilton
2451861.037109	-22.66	3.318407	Hamilton
2451874.005859	30.85	5.167162	Hamilton
2451880.009766	-101.67	6.0579160000000005	Hamilton
2451880.0332029997	-110.25	7.3842490000000005	Hamilton
2451894.991211	-115.03	5.942929	Hamilton
2451895.020508	-111.38	6.030114	Hamilton
2451906.946289	-79.5	5.1485769999999995	Hamilton
2451906.975586	-86.69	5.301993	Hamilton
2451910.881836	-107.64	5.120064	Hamilton
2451910.911133	-104.54	5.315568	Hamilton
2451913.961914	-24.14	3.7815870000000005	Hamilton
2451913.96875	-28.86	3.589096	Hamilton
2451914.922852	-6.74	3.8249449999999996	Hamilton
2451914.929688	-11.81	3.826661	Hamilton
2451927.905382	-32.64	4.001867	Hamilton
2451927.9123150003	-25.65	4.2130529999999995	Hamilton
2451945.900391	20.7	3.450679	Hamilton
2451945.911133	17.76	3.0009069999999998	Hamilton
2451969.774414	-79.74	6.946860000000001	Hamilton
2451969.799805	-64.34	5.8681849999999995	Hamilton
2451971.791992	-5.09	6.126071	Hamilton
2451971.822266	-30.88	6.195034	Hamilton
2451979.7363279997	-49.36	5.483918	Hamilton
2451979.764648	-52.37	6.648934	Hamilton
2452000.714844	-53.94	5.38437	Hamilton
2452033.706055	28.88	3.60799	Hamilton
2452033.713867	31.05	3.669231	Hamilton
2452040.6875	-109.58	3.660617	Hamilton
2452040.692383	-105.38	3.9047669999999997	Hamilton
2452041.694336	-117.24	3.206018	Hamilton
2452041.704102	-117.78	3.86292	Hamilton
2452217.0449220003	-139.43	5.668984	Hamilton
2452257.019531	-23.99	4.871215	Hamilton
2452257.049805	-27.71	5.398288	Hamilton
2452262.973633	-88.38	5.125208	Hamilton
2452263.00293	-97.65	5.294166000000001	Hamilton
2452267.957031	22.08	3.0836919999999997	Hamilton
2452267.967773	19.09	2.890129	Hamilton
2452278.921875	-59.22	6.633227000000001	Hamilton
2452278.9511720003	-60.75	6.678775	Hamilton
2452281.980469	20.74	6.93895	Hamilton
2452285.975586	-1.51	5.636398000000001	Hamilton
2452286.003906	2.69	5.7657300000000005	Hamilton
2452287.942383	-72.35	7.731105	Hamilton
2452287.9707029997	-52.93	7.436766	Hamilton
2452298.848633	20.46	3.6664660000000002	Hamilton
2452298.878906	14.23	3.742463	Hamilton
2452298.929688	16.33	3.077187	Hamilton
2452298.9394529997	17.76	2.931467	Hamilton
2452299.7675779997	6.41	2.96581	Hamilton
2452299.780273	9.38	2.833684	Hamilton
2452306.775391	-121.97	6.128861	Hamilton
2452306.803711	-127.9	4.960582	Hamilton
2452306.832031	-106.98	4.973375	Hamilton
2452315.772461	-37.47	4.523505999999999	Hamilton
2452315.801758	-37.77	4.265182	Hamilton
2452315.832031	-38.77	4.3389	Hamilton
2452316.827148	-62.4	4.868334	Hamilton
2452316.8574220003	-58.76	5.1619980000000005	Hamilton
2452316.886719	-63.77	5.181421	Hamilton
2452333.813477	-110.09	3.846622	Hamilton
2452333.819336	-113.49	4.050637999999999	Hamilton
2452334.730469	-115.38	3.6753400000000003	Hamilton
2452335.782227	-97.11	3.347275	Hamilton
2452335.796875	-96.61	3.606549	Hamilton
2452338.832031	-20.6	7.8057229999999995	Hamilton
2452345.742188	-53.77	6.469632	Hamilton
2452345.7832029997	-67.22	7.8403149999999995	Hamilton
2452345.808594	-56.83	4.875736	Hamilton
2452348.746094	-141.8	5.590048	Hamilton
2452348.776367	-144.85	5.643642	Hamilton
2452348.8105470003	-135.29	5.766219	Hamilton
2452359.8144529997	-54.56	3.626213	Hamilton
2452360.691406	-70.26	5.052783	Hamilton
2452375.723633	-55.99	4.510316	Hamilton
2452375.753906	-59.82	5.72336	Hamilton
2452380.680664	-88.44	6.961442	Hamilton
2452380.710938	-91.13	5.634405	Hamilton
2452388.672852	-39.78	4.04009	Hamilton
2452388.7050779997	-32.78	3.79205	Hamilton
2452408.693359	-112.02	3.866345	Hamilton
2452408.71582	-117.99	4.421941	Hamilton
2452408.738281	-119.89	4.433104	Hamilton
2452409.694336	-104.9	5.8363760000000005	Hamilton
2452409.71582	-98.33	6.385628	Hamilton
2452409.739258	-82.77	7.4362699999999995	Hamilton
2452410.686523	-84.68	4.451922	Hamilton
2452410.708984	-59.97	4.668204	Hamilton
2452410.731445	-70.57	6.081078	Hamilton
2452419.694336	-72.85	4.724608	Hamilton
2452419.7167970003	-63.21	4.93614	Hamilton
2452419.739258	-66.53	5.256346	Hamilton
2452420.692383	-77.93	4.033069	Hamilton
2452420.71582	-95.82	4.304662	Hamilton
2452420.738281	-103.76	4.826637	Hamilton
2452421.691406	-123.23	4.459074	Hamilton
2452421.713867	-122.85	4.363036	Hamilton
2452421.7363279997	-123.24	5.135203	Hamilton
2452422.702148	-97.61	5.757083000000001	Hamilton
2452422.722656	-112.39	4.699372	Hamilton
2452422.741211	-121.08	6.059437	Hamilton
2452426.726562	-37.72	3.3166519999999995	Hamilton
2452426.735352	-43.72	3.302263	Hamilton
2452427.692383	-9.87	4.11111	Hamilton
2452427.704102	-1.44	5.053730000000001	Hamilton
2452428.696289	5.3	3.2414400000000003	Hamilton
2452428.708984	8.69	2.981065	Hamilton
2452429.703125	13.6	3.225134	Hamilton
2452429.71582	14.44	3.6880589999999995	Hamilton
2452553.018555	-88.18	3.7707559999999996	Hamilton
2452553.041016	-90.82	3.8204	Hamilton
2452554.015625	-104.01	3.9385589999999997	Hamilton
2452554.038086	-99.09	3.834518	Hamilton
2452554.980469	-108.22	4.043379	Hamilton
2452555.00293	-116.26	3.729766	Hamilton
2452565.003906	-27.19	4.12645	Hamilton
2452565.03418	-40.53	3.8858019999999995	Hamilton
2452567.049805	-89.11	4.45964	Hamilton
2452575.0449220003	2.2	3.892318	Hamilton
2452576.030273	17.75	3.266728	Hamilton
2452576.057617	21.27	3.9319919999999997	Hamilton
2452576.958984	25.14	5.303351	Hamilton
2452576.9824220003	6.19	4.686945	Hamilton
2452577.003906	13.18	4.520805999999999	Hamilton
2452584.984375	-101.87	4.05976	Hamilton
2452585.015625	-94.41	4.100822	Hamilton
2452585.043945	-102.28	3.7009199999999995	Hamilton
2452594.990234	-52.43	3.152087	Hamilton
2452595.012695	-66.48	3.259735	Hamilton
2452595.035156	-50.39	3.20172	Hamilton
2452598.9667970003	-98.54	3.613175	Hamilton
2452598.981445	-97.11	3.7011230000000004	Hamilton
2452598.99707	-96.88	3.411777	Hamilton
2452599.014648	-104.36	3.699128	Hamilton
2452600.938477	-66.36	3.830796	Hamilton
2452600.950195	-57.11	3.6874010000000004	Hamilton
2452600.962891	-56.31	3.254065	Hamilton
2452600.975586	-57.33	3.5740089999999998	Hamilton
2452600.988281	-72.87	3.4789480000000004	Hamilton
2452601.0	-55.3	3.849414	Hamilton
2452606.953125	21.64	3.434076	Hamilton
2452606.975586	20.97	3.6700739999999996	Hamilton
2452606.999023	14.11	3.5959199999999996	Hamilton
2452607.021484	26.03	3.445845	Hamilton
2452608.936523	-41.04	3.907368	Hamilton
2452608.959961	-32.77	3.275182	Hamilton
2452608.9824220003	-40.1	3.4169669999999996	Hamilton
2452631.913086	-4.42	4.575436	Hamilton
2452631.93457	-11.6	4.3811160000000005	Hamilton
2452631.958008	-15.09	4.928929	Hamilton
2452656.925781	-139.5	3.4937660000000004	Hamilton
2452656.949219	-118.29	3.9485040000000002	Hamilton
2452656.97168	-124.45	3.371228	Hamilton
2452705.724609	-18.22	4.17983	Hamilton
2452705.74707	-20.46	3.885243	Hamilton
2452705.769531	-21.2	4.056618	Hamilton
2452705.791992	-22.86	4.232703	Hamilton
2452722.71582	28.21	4.827239	Hamilton
2452722.739258	12.07	5.098609	Hamilton
2452722.762695	12.23	5.00179	Hamilton
2452722.78418	26.83	5.864284	Hamilton
2452723.722656	11.81	4.6786900000000005	Hamilton
2452723.746094	10.32	4.858206	Hamilton
2452723.769531	8.94	4.896806	Hamilton
2452723.791016	11.36	4.741174	Hamilton
2452737.680664	26.94	3.397412	Hamilton
2452737.702148	37.97	3.75869	Hamilton
2452737.725586	24.32	3.905454	Hamilton
2452990.989258	-57.09	3.2587200000000003	Hamilton
2452992.011719	-73.27	3.493576	Hamilton
2452992.027344	-61.7	3.311371	Hamilton
2453008.96875	-104.69	3.281861	Hamilton
2453008.977539	-112.53	3.159779	Hamilton
2453009.817383	-104.28	3.486797	Hamilton
2453009.829102	-103.33	3.3860330000000003	Hamilton
2453014.90918	24.88	3.472927	Hamilton
2453014.924805	19.73	3.870912	Hamilton
2453018.881836	-33.81	4.1744650000000005	Hamilton
2453020.90625	-97.7	5.787437000000001	Hamilton
2453021.8888540003	-123.62	4.4204099999999995	Hamilton
2453034.849609	-39.64	3.6894760000000004	Hamilton
2453068.800781	-78.7	3.9108089999999995	Hamilton
2453068.808594	-81.16	3.954513	Hamilton
2453069.746094	-66.49	3.9337480000000005	Hamilton
2453079.725586	-67.28	4.0835989999999995	Hamilton
2453079.7480470003	-56.2	3.7064519999999996	Hamilton
2453081.737305	-99.31	4.373104	Hamilton
2453100.693359	-21.82	3.946473	Hamilton
2453100.7167970003	-23.17	4.672493	Hamilton
2453101.670898	5.65	3.877032	Hamilton
2453101.676758	9.53	3.5550889999999997	Hamilton
2453102.71875	34.34	2.807599	Hamilton
2453102.727539	36.4	2.749751	Hamilton
2453108.700195	-75.82	3.275865	Hamilton
2453108.714844	-68.15	3.096054	Hamilton
2453119.675781	40.77	7.873455	Hamilton
2453119.698242	39.96	7.692338	Hamilton
2453282.03418	-13.09	2.914202	Hamilton
2453283.020508	-31.06	3.138036	Hamilton
2453283.027344	-25.49	3.3386099999999996	Hamilton
2453283.03418	-29.78	2.817529	Hamilton
2453337.930664	32.88	3.9278519999999997	Hamilton
2453338.96875	42.94	3.162305	Hamilton
2453338.990234	51.13	3.146074	Hamilton
2453362.933588	-45.47	3.619415	Hamilton
2453363.903183	-19.9	3.27631	Hamilton
2453383.8703119997	27.81	5.14644	Hamilton
2453383.8946869997	28.72	4.770419	Hamilton
2453384.870521	6.67	4.523053	Hamilton
2453384.893646	2.42	4.32514	Hamilton
2453385.857616	-32.74	4.545277	Hamilton
2453385.879722	-29.57	5.05515	Hamilton
2453386.8204860003	-40.68	4.241759	Hamilton
2453386.842315	-46.61	3.8616370000000004	Hamilton
2453386.864988	-47.86	3.9489410000000005	Hamilton
2453387.86125	-78.03	5.125525	Hamilton
2453387.88294	-79.13	5.488211	Hamilton
2453388.837963	-85.54	3.386458	Hamilton
2453389.815544	-82.15	3.880993	Hamilton
2453389.820475	-74.75	3.518839	Hamilton
2453390.913785	-82.84	3.490093	Hamilton
2453391.958252	-38.27	3.735336	Hamilton
2453392.782245	-10.03	3.400228	Hamilton
2453402.881273	-83.79	3.89111	Hamilton
2453403.89456	-84.15	3.5122449999999996	Hamilton
2453404.8589810003	-94.67	4.205701	Hamilton
2453404.8796759997	-85.81	4.39826	Hamilton
2453405.87794	-73.2	3.0230770000000002	Hamilton
2453436.728125	-30.08	4.7906580000000005	Hamilton
2453436.745544	-30.52	5.375799	Hamilton
2453437.783206	18.66	4.617866	Hamilton
2453437.801273	4.31	5.632213	Hamilton
2453438.728507	28.75	4.4150160000000005	Hamilton
2453438.747118	27.54	5.1065309999999995	Hamilton
2453439.738299	47.77	4.381421	Hamilton
2453439.758345	59.35	5.391111	Hamilton
2453440.7362619997	61.72	4.5949860000000005	Hamilton
2453440.754086	54.78	5.461086	Hamilton
2453441.798345	30.42	4.388266000000001	Hamilton
2453441.820799	39.39	4.547836	Hamilton
2453441.8435299997	47.01	4.361293	Hamilton
2453460.686678	-78.0	4.232958999999999	Hamilton
2453460.706053	-68.14	3.9598699999999996	Hamilton
2453475.671829	-65.45	4.180914	Hamilton
2453475.689803	-65.34	5.502444000000001	Hamilton
2453476.674502	-82.63	3.553068	Hamilton
2453476.692396	-77.58	4.832114	Hamilton
2453477.6735880002	-71.46	4.189896	Hamilton
2453477.69147	-70.57	4.8578790000000005	Hamilton
2453478.67765	-81.49	4.039981	Hamilton
2453478.6961459997	-82.55	4.712559	Hamilton
2453479.676366	-47.04	4.592407	Hamilton
2453516.696551	19.59	3.523418	Hamilton
2453669.0633099996	-65.04	3.05317	Hamilton
2453744.9254860003	7.87	3.45241	Hamilton
2453744.941609	1.11	2.99607	Hamilton
2453752.8945830003	-14.86	3.646393	Hamilton
2453752.906979	-17.07	3.9921919999999997	Hamilton
2453752.919398	-11.48	3.519082	Hamilton
2453755.878449	-65.62	3.927687	Hamilton
2453756.849734	-63.68	3.7463559999999996	Hamilton
2453773.729595	-16.17	3.858957	Hamilton
2453773.8195720003	-16.47	4.1226	Hamilton
2453773.968831	-26.99	3.6251629999999997	Hamilton
2453774.8010299997	7.25	3.9619949999999995	Hamilton
2454049.981516	-47.88	3.013599	Hamilton
2454050.047535	-50.18	3.305565	Hamilton
2454050.0525930002	-52.31	3.626747	Hamilton
2454072.012905	86.96	3.2509	Hamilton
2454072.021505	86.26	3.230464	Hamilton
2454072.030417	85.39	3.1568549999999997	Hamilton
2454073.011088	45.48	3.449751	Hamilton
2454073.016516	48.77	3.173032	Hamilton
2454073.9425580003	28.33	3.428442	Hamilton
2454073.97287	24.22	3.160272	Hamilton
2454098.944248	89.94	3.610178	Hamilton
2454098.95706	96.45	3.4712400000000003	Hamilton
2454100.0139	103.32	3.528568	Hamilton
2454100.0205900003	100.28	3.459374	Hamilton
2454101.9750349997	85.23	3.6641410000000003	Hamilton
2454101.9836	86.13	3.168245	Hamilton
2454102.849595	68.29	4.1197230000000005	Hamilton
2454103.001285	57.26	3.537011	Hamilton
2454103.847303	26.98	3.633144	Hamilton
2454103.9322450003	20.73	3.9009940000000003	Hamilton
2454133.841181	-8.77	3.9387510000000003	Hamilton
2454134.812755	-46.5	3.080749	Hamilton
2454134.817998	-50.89	3.2322919999999997	Hamilton
2454134.8233330003	-38.04	3.4547830000000004	Hamilton
2454135.751898	-52.55	4.263475	Hamilton
2454135.758519	-49.72	4.061388	Hamilton
2454135.766354	-50.67	3.8891660000000003	Hamilton
2454165.774491	-75.31	3.1907099999999997	Hamilton
2454165.779074	-70.07	3.205088	Hamilton
2454165.783623	-76.23	3.503443	Hamilton
2454166.706458	-68.25	7.021546000000001	Hamilton
2454167.67272	-36.47	3.464864	Hamilton
2454167.68353	-36.64	3.5718129999999997	Hamilton
2454168.802894	-26.04	3.356793	Hamilton
2454168.810833	-14.62	3.65985	Hamilton
2454169.840463	23.28	3.42066	Hamilton
2454169.845046	22.78	3.420348	Hamilton
2454196.7271060003	-35.62	3.415479	Hamilton
2454196.733368	-36.01	3.0597060000000003	Hamilton
2454216.76	73.55	5.651191000000001	Hamilton
2454216.778912	84.27	5.7267410000000005	Hamilton
2454216.798148	87.4	5.8041730000000005	Hamilton
2454219.7361919996	46.92	3.4116730000000004	Hamilton
2454219.741377	53.97	3.593141	Hamilton
2454219.747211	49.84	3.725855	Hamilton
2454220.7511	29.41	3.580835	Hamilton
2454220.7569790003	35.59	3.698807	Hamilton
2454220.763576	32.11	3.665577	Hamilton
2454426.056655	47.46	3.224631	Hamilton
2454426.0719790002	32.65	3.8618919999999997	Hamilton
2454427.042407	6.46	3.316067	Hamilton
2454427.0478009996	2.46	3.168168	Hamilton
2454427.0534139997	5.2	3.257794	Hamilton
2454427.05875	-2.34	2.972682	Hamilton
2454427.064745	-1.14	3.011038	Hamilton
2454428.004109	-27.79	3.0310099999999998	Hamilton
2454428.015729	-30.3	3.1099200000000002	Hamilton
2454428.0295369998	-33.35	3.390769	Hamilton
2454428.044225	-21.73	3.343975	Hamilton
2454428.060197	-25.19	3.054599	Hamilton
2454429.0320490003	-37.25	2.876817	Hamilton
2454429.038785	-35.45	3.12499	Hamilton
2454429.047998	-34.3	3.066329	Hamilton
2454429.0571990004	-32.4	3.147673	Hamilton
2454429.064479	-27.97	3.197461	Hamilton
2454449.861921	92.77	4.015341	Hamilton
2454449.878044	87.14	4.406465	Hamilton
2454449.893553	75.16	4.1326279999999995	Hamilton
2454449.909213	77.27	4.35464	Hamilton
2454449.925012	77.74	4.231169	Hamilton
2454449.940822	74.46	4.4989930000000005	Hamilton
2454449.956678	84.67	4.293826	Hamilton
2454449.9724310003	82.69	4.32348	Hamilton
2454449.988264	85.96	4.409545	Hamilton
2454450.0041549997	85.4	4.511704	Hamilton
2454457.946736	-11.09	4.250845	Hamilton
2454457.9691669997	2.55	4.04955	Hamilton
2454457.992245	-10.85	4.2332019999999995	Hamilton
2454458.014641	-9.27	4.404943	Hamilton
2454517.7685310002	-49.99	3.4742580000000003	Hamilton
2454517.7834900003	-49.15	3.8421199999999995	Hamilton
2454517.796259	-47.53	3.5983300000000003	Hamilton
2454547.830787	-24.76	3.177466	Hamilton
2454547.838819	-10.5	3.343242	Hamilton
2454547.848947	-19.55	3.4012839999999995	Hamilton
2454574.6979630003	-33.44	3.4028160000000005	Hamilton
2454574.704664	-22.51	2.94913	Hamilton
2454574.712049	-24.69	2.895728	Hamilton
2454574.718472	-29.9	3.2350790000000003	Hamilton
2454574.724074	-23.73	3.011563	Hamilton
2454578.739479	14.4	3.217867	Hamilton
2454578.747014	15.89	2.859971	Hamilton
2454578.754225	14.33	3.085634	Hamilton
2454598.6939	121.79	4.873026	Hamilton
2454598.716563	125.28	4.03791	Hamilton
2454725.031979	6.11	4.013548999999999	Hamilton
2454726.0158450003	38.83	3.801903	Hamilton
2454726.026111	43.78	3.562067	Hamilton
2454726.038264	34.57	4.3629430000000005	Hamilton
2454783.989421	4.91	3.484628	Hamilton
2454784.988924	35.06	3.659439	Hamilton
2454844.89838	66.42	4.032286	Hamilton
2454844.904595	67.67	3.7284870000000003	Hamilton
2454844.910671	71.8	3.358861	Hamilton
2454846.012002	103.99	3.458371	Hamilton
2454846.0172220003	109.48	3.208082	Hamilton
2454846.022361	112.29	3.126228	Hamilton
2454846.027488	110.7	3.1211900000000004	Hamilton
2454846.944236	107.48	3.200423	Hamilton
2454846.949491	114.37	3.16582	Hamilton
2454846.954884	113.25	3.224928	Hamilton
2454846.9600810003	109.89	3.067923	Hamilton
2454847.889456	102.9	3.6109080000000002	Hamilton
2454847.8938080003	102.3	3.746165	Hamilton
2454848.880382	89.33	3.7129209999999997	Hamilton
2454848.883808	95.67	3.756872	Hamilton
2454848.887292	92.52	3.7139900000000003	Hamilton
2454848.8909380003	87.45	3.8848	Hamilton
2454849.828843	68.68	3.633671	Hamilton
2454849.832477	63.65	3.813483	Hamilton
2454849.836053	66.14	3.969543	Hamilton
2454849.839745	70.97	3.7028589999999997	Hamilton
2454849.843935	70.57	3.768247	Hamilton
2454850.863148	30.67	3.736108	Hamilton
2454850.866829	34.36	3.6216690000000002	Hamilton
2454850.8703819998	32.84	3.738312	Hamilton
2454850.874282	30.43	3.9675160000000003	Hamilton
2454863.838912	94.35	5.117693	Hamilton
2454863.842708	92.49	5.02585	Hamilton
2454863.846771	91.61	4.691574	Hamilton
2454863.8507060003	97.65	5.400059	Hamilton
2454864.8557990002	69.37	4.343677	Hamilton
2454864.859618	68.21	4.452464	Hamilton
2454864.863183	62.5	4.640027	Hamilton
2454865.857037	46.26	4.9861059999999995	Hamilton
2454865.86088	44.55	5.064744999999999	Hamilton
2454865.864479	52.71	4.779028	Hamilton
2454865.868287	47.26	4.941783	Hamilton
2455167.0119560002	84.08	6.4169849999999995	Hamilton
2455167.018681	72.98	6.98309	Hamilton
2455167.0246880003	77.41	6.673371	Hamilton
2455167.031817	73.74	5.993712	Hamilton
2455167.039734	71.08	6.345395	Hamilton
2455167.985625	97.52	5.88943	Hamilton
2455167.991319	100.06	5.573754	Hamilton
2455167.996887	99.91	5.611016	Hamilton
2455168.0025	97.44	6.27595	Hamilton
2455168.008264	108.75	5.822335	Hamilton
2455172.012905	84.31	4.358839	Hamilton
2455172.020185	89.46	4.510669999999999	Hamilton
2455199.946516	92.7	7.382627	Hamilton
2455199.95765	84.1	8.184493	Hamilton
2455199.968866	78.94	8.179995	Hamilton
2455199.980451	53.83	7.839755	Hamilton
2455201.915891	69.34	4.55129	Hamilton
2455201.920556	62.1	4.739004	Hamilton
2455228.7852080003	101.67	4.42874	Hamilton
2455228.789549	97.27	4.33599	Hamilton
2455228.794514	99.99	4.537043	Hamilton
2455312.6691779997	50.95	2.837583	Hamilton
2455312.673021	49.72	2.962202	Hamilton
2455312.676898	50.7	2.879426	Hamilton
2452219.1380439997	-143.09	1.101866	HIRES-pre
2452236.014734	-60.56	1.213415	HIRES-pre
2452243.050683	-54.0	1.1705809999999999	HIRES-pre
2452307.849907	-106.97	1.329732	HIRES-pre
2452333.997674	-138.21	1.493973	HIRES-pre
2452334.892998	-140.14	1.265555	HIRES-pre
2452573.1125689996	-64.33	1.1725780000000001	HIRES-pre
2452574.1289810003	-46.23	1.277194	HIRES-pre
2452576.098113	-9.82	1.353223	HIRES-pre
2452601.0314700003	-86.39	1.193085	HIRES-pre
2452602.0585419997	-59.41	1.251959	HIRES-pre
2452603.113634	-26.41	1.214071	HIRES-pre
2452652.972558	-73.66	1.437056	HIRES-pre
2452654.039491	-99.5	1.471476	HIRES-pre
2452680.970162	-31.04	1.3325040000000001	HIRES-pre
2452682.950914	-83.97	1.397119	HIRES-pre
2452711.766863	-78.21	1.358394	HIRES-pre
2452712.8255669996	-106.31	1.3917059999999999	HIRES-pre
2452777.805602	-51.76	1.205873	HIRES-pre
2452804.7450349997	-126.83	1.463151	HIRES-pre
2452988.038287	-6.38	1.295739	HIRES-pre
2453017.861331	-18.76	1.2114280000000002	HIRES-pre
2453045.781875	22.06	1.208705	HIRES-pre
2453077.041736	-19.88	1.360143	HIRES-pre
2453339.0432990002	32.22	1.0774629999999998	HIRES-post
2453339.044456	27.76	1.135117	HIRES-post
2453339.045509	31.33	1.046832	HIRES-post
2453369.915775	-14.11	1.046899	HIRES-post
2453369.916759	-13.31	1.09154	HIRES-post
2453369.9177200003	-12.94	1.110222	HIRES-post
2453425.8421529997	21.78	1.103987	HIRES-post
2453425.843218	24.09	1.216844	HIRES-post
2453425.844259	21.71	1.122359	HIRES-post
2453480.8194330004	-53.63	1.0023030000000002	HIRES-post
2453480.820451	-53.59	0.9859180000000001	HIRES-post
2453480.821354	-53.44	1.037498	HIRES-post
2453546.762755	-35.47	1.2494180000000001	HIRES-post
2453546.764456	-36.98	1.328	HIRES-post
2453546.765995	-34.47	1.238804	HIRES-post
2453547.738866	-74.75	1.1371229999999999	HIRES-post
2453547.7403700002	-75.99	1.115672	HIRES-post
2453547.742095	-75.73	1.136366	HIRES-post
2453547.7436	-76.94	1.186769	HIRES-post
2453692.98044	-29.84	1.1197030000000001	HIRES-post
2453692.981586	-31.8	1.073208	HIRES-post
2453692.982731	-30.11	1.140564	HIRES-post
2453693.077662	-31.52	1.0817860000000001	HIRES-post
2453693.0788889998	-32.17	1.054015	HIRES-post
2453693.079734	-32.21	1.033983	HIRES-post
2453694.0808220003	-49.77	1.049128	HIRES-post
2453694.0817009998	-51.81	0.9394950000000001	HIRES-post
2453694.082581	-51.2	1.0425209999999998	HIRES-post
2453695.0496759997	-85.91	1.11418	HIRES-post
2453695.0505790003	-84.2	1.162859	HIRES-post
2453695.051458	-85.4	1.131947	HIRES-post
2453695.052465	-85.14	1.31175	HIRES-post
2453696.025266	-103.39	1.137675	HIRES-post
2453696.0260759997	-102.05	1.203491	HIRES-post
2453696.026921	-101.38	1.115315	HIRES-post
2453697.109144	-105.81	1.252883	HIRES-post
2453697.109977	-106.98	1.1723860000000002	HIRES-post
2453697.11081	-101.5	1.192564	HIRES-post
2453724.053519	-82.51	1.175728	HIRES-post
2453724.054502	-84.19	1.179391	HIRES-post
2453724.055602	-85.14	1.152849	HIRES-post
2453724.056563	-82.42	1.133249	HIRES-post
2453724.0575349997	-81.91	1.151601	HIRES-post
2453724.99331	-95.24	1.227462	HIRES-post
2453724.99434	-99.03	1.196928	HIRES-post
2453724.995671	-96.88	1.255571	HIRES-post
2453747.024954	40.35	1.088178	HIRES-post
2453747.0260759997	44.18	1.133089	HIRES-post
2453747.027234	38.8	1.1221889999999999	HIRES-post
2453747.95713	52.08	1.1113950000000001	HIRES-post
2453747.958079	50.3	1.139292	HIRES-post
2453747.959016	52.05	1.2236040000000001	HIRES-post
2453748.9220950003	44.35	1.1643	HIRES-post
2453748.923206	44.18	1.141105	HIRES-post
2453748.924306	44.92	1.121475	HIRES-post
2453749.858391	39.88	1.113723	HIRES-post
2453749.859282	42.29	1.045587	HIRES-post
2453749.8602549997	39.94	1.103083	HIRES-post
2453750.8649069997	21.97	1.255205	HIRES-post
2453750.865775	24.0	1.1308790000000002	HIRES-post
2453750.866632	20.92	1.1474010000000001	HIRES-post
2453751.930625	-21.38	1.116981	HIRES-post
2453752.972477	-39.79	1.05013	HIRES-post
2453752.973507	-37.77	1.120672	HIRES-post
2453752.974537	-38.75	1.106802	HIRES-post
2453753.943067	-75.57	1.056526	HIRES-post
2453753.944005	-74.93	1.072743	HIRES-post
2453753.9449650003	-77.09	1.0961319999999999	HIRES-post
2453775.922373	17.87	0.9765159999999999	HIRES-post
2453775.923264	22.05	1.072878	HIRES-post
2453775.924155	21.44	1.024578	HIRES-post
2453776.939722	28.35	1.001906	HIRES-post
2453776.940625	28.88	1.134629	HIRES-post
2453776.941516	25.61	1.124909	HIRES-post
2453778.0185419996	47.15	1.135689	HIRES-post
2453778.0201970004	44.06	1.161838	HIRES-post
2453778.021447	42.71	1.1600780000000002	HIRES-post
2453806.8873610003	47.45	1.37818	HIRES-post
2453806.88919	46.81	1.275112	HIRES-post
2453806.890671	48.63	1.3622809999999999	HIRES-post
2453837.797164	45.91	1.3141459999999998	HIRES-post
2453837.803785	43.89	1.405365	HIRES-post
2453837.8105900004	43.09	1.296677	HIRES-post
2453837.8165619997	44.79	0.985823	HIRES-post
2453841.800822	-71.36	1.0549680000000001	HIRES-post
2453841.8015860002	-71.36	1.0975629999999998	HIRES-post
2453841.802384	-70.01	1.1232360000000001	HIRES-post
2454083.9797799997	40.28	1.139284	HIRES-post
2454083.9806939997	41.8	1.198806	HIRES-post
2454083.981562	42.14	1.1981760000000001	HIRES-post
2454083.9824650004	43.21	1.166592	HIRES-post
2454083.98338	42.87	1.0911549999999999	HIRES-post
2454084.905104	59.19	1.298651	HIRES-post
2454084.906806	59.15	1.3170469999999999	HIRES-post
2454084.908299	56.77	1.373366	HIRES-post
2454084.90978	56.52	1.2478790000000002	HIRES-post
2454084.9110419997	56.75	1.278412	HIRES-post
2454085.120266	67.02	1.332073	HIRES-post
2454085.121366	66.66	1.303648	HIRES-post
2454085.122454	68.47	1.213818	HIRES-post
2454085.1234259997	67.15	1.178061	HIRES-post
2454085.124398	67.5	1.3494059999999999	HIRES-post
2454086.100197	55.66	1.336396	HIRES-post
2454086.101134	57.65	1.269666	HIRES-post
2454086.10206	53.14	1.191768	HIRES-post
2454086.102963	56.34	1.161529	HIRES-post
2454086.103866	55.5	1.2064979999999998	HIRES-post
2454108.9068630002	-50.9	1.154188	HIRES-post
2454108.907685	-52.77	1.145354	HIRES-post
2454108.908565	-52.1	1.168784	HIRES-post
2454108.9094209997	-50.3	1.246433	HIRES-post
2454108.9102310003	-51.99	1.06518	HIRES-post
2454129.898843	61.0	1.230665	HIRES-post
2454129.8997919997	60.71	1.142988	HIRES-post
2454129.900706	61.05	1.242003	HIRES-post
2454129.901597	59.41	1.1998950000000002	HIRES-post
2454129.902488	61.13	1.184453	HIRES-post
2454130.943981	54.27	1.4960790000000002	HIRES-post
2454130.944826	52.49	1.4088049999999999	HIRES-post
2454130.945637	49.76	1.269357	HIRES-post
2454130.946574	52.25	1.230434	HIRES-post
2454130.9475	50.32	1.230041	HIRES-post
2454130.9494439997	46.36	1.263993	HIRES-post
2454130.9503240003	50.06	1.156654	HIRES-post
2454131.8786110003	17.01	1.365695	HIRES-post
2454131.879722	17.59	1.314792	HIRES-post
2454131.880926	20.12	1.24006	HIRES-post
2454131.8822919996	18.69	1.38839	HIRES-post
2454131.8835759996	17.42	1.2743950000000002	HIRES-post
2454138.838403	-33.23	1.11264	HIRES-post
2454138.839201	-32.32	1.115801	HIRES-post
2454138.840116	-34.51	1.13172	HIRES-post
2454138.840914	-32.05	1.183785	HIRES-post
2454138.841725	-34.53	1.1975930000000001	HIRES-post
2454139.047419	-28.3	1.16011	HIRES-post
2454139.048218	-28.39	1.249843	HIRES-post
2454139.049005	-28.57	1.089787	HIRES-post
2454139.0497919996	-30.72	1.1895040000000001	HIRES-post
2454139.0505560003	-29.51	1.0716649999999999	HIRES-post
2454216.774236	57.84	1.101936	HIRES-post
2454216.775243	59.85	1.101794	HIRES-post
2454246.782211	57.92	1.0855780000000002	HIRES-post
2454246.783218	60.1	1.03724	HIRES-post
2454246.784225	55.82	1.1164049999999999	HIRES-post
2454247.8153939997	51.51	1.165309	HIRES-post
2454247.816238	49.75	1.115866	HIRES-post
2454247.81706	51.84	1.1072819999999999	HIRES-post
2454248.790914	34.55	1.090048	HIRES-post
2454248.791875	35.56	1.120248	HIRES-post
2454248.7928130003	32.77	1.027269	HIRES-post
2454249.783218	-1.56	1.207767	HIRES-post
2454249.784086	-4.87	1.014705	HIRES-post
2454250.786493	-25.39	1.17972	HIRES-post
2454250.7874310003	-28.47	1.172231	HIRES-post
2454250.788356	-29.47	1.16648	HIRES-post
2454251.790116	-57.9	1.2737399999999999	HIRES-post
2454251.79103	-54.93	1.10184	HIRES-post
2454251.791921	-57.08	1.212445	HIRES-post
2454255.736019	-71.25	1.028162	HIRES-post
2454255.736771	-72.65	1.076514	HIRES-post
2454255.7375229998	-72.08	1.099701	HIRES-post
2454398.138218	-27.06	1.057181	HIRES-post
2454428.0449650004	-49.16	1.251197	HIRES-post
2454428.045984	-50.99	1.205106	HIRES-post
2454428.046979	-51.08	1.214589	HIRES-post
2454429.003634	-59.35	1.1653799999999999	HIRES-post
2454429.004583	-57.33	1.200732	HIRES-post
2454429.005556	-57.6	1.195159	HIRES-post
2454430.080127	-62.64	1.133019	HIRES-post
2454454.002211	56.56	1.304849	HIRES-post
2454454.0035880003	56.86	1.23468	HIRES-post
2454454.9637849997	34.18	1.281247	HIRES-post
2454455.977072	-7.63	1.314152	HIRES-post
2454458.9602200002	-50.66	1.498081	HIRES-post
2454461.063148	-15.94	1.403542	HIRES-post
2454461.945255	3.66	1.328016	HIRES-post
2454492.9563189996	30.95	1.18382	HIRES-post
2454544.911088	-27.91	1.2002629999999999	HIRES-post
2454545.9036919996	-53.2	1.043072	HIRES-post
2454779.088102	-17.64	1.375361	HIRES-post
2454779.088808	-18.7	1.353652	HIRES-post
2454779.089653	-16.63	1.301619	HIRES-post
2454806.009514	48.3	1.2848030000000001	HIRES-post
2454806.010278	42.99	1.289244	HIRES-post
2454806.0110299997	44.15	1.236646	HIRES-post
2454807.037569	26.16	1.177132	HIRES-post
2454807.038287	33.63	1.6774930000000001	HIRES-post
2454807.03912	30.91	1.62677	HIRES-post
2454808.013322	-12.93	1.238553	HIRES-post
2454808.01412	-16.76	1.233379	HIRES-post
2454808.014803	-15.44	1.185942	HIRES-post
2454809.090706	-25.91	1.192293	HIRES-post
2454809.0914	-26.83	1.2159790000000001	HIRES-post
2454809.092199	-30.51	1.219954	HIRES-post
2454809.9729979998	-33.99	1.035583	HIRES-post
2454809.973727	-36.28	1.138155	HIRES-post
2454809.974479	-33.47	1.24219	HIRES-post
2454810.979062	-43.27	1.109683	HIRES-post
2454810.979769	-44.58	1.1902979999999999	HIRES-post
2454810.980486	-47.4	1.1845430000000001	HIRES-post
2454818.9499150002	93.39	1.384854	HIRES-post
2454819.959841	69.52	1.250846	HIRES-post
2454821.983902	10.69	1.227018	HIRES-post
2454839.046552	-60.37	1.226616	HIRES-post
2454839.0472810003	-57.98	1.196774	HIRES-post
2454839.0480110003	-60.22	1.2749030000000001	HIRES-post
2454847.0932259997	80.37	1.437294	HIRES-post
2454847.094059	78.89	1.4091850000000001	HIRES-post
2454847.094823	80.95	1.436445	HIRES-post
2454864.991483	48.42	1.326358	HIRES-post
2454864.992317	46.47	1.062944	HIRES-post
2454864.9930000002	44.72	1.208485	HIRES-post
2454927.828168	-56.89	1.365124	HIRES-post
2454929.858273	-31.94	1.2053479999999999	HIRES-post
2454929.859858	-40.08	1.286473	HIRES-post
2454929.8614439997	-34.8	1.318535	HIRES-post
2454934.852728	81.47	1.227266	HIRES-post
2454934.853654	81.37	1.131537	HIRES-post
2454934.854568	80.7	1.19476	HIRES-post
2454954.845756	-12.63	1.289017	HIRES-post
2454954.8464389998	-12.91	1.20436	HIRES-post
2454954.847122	-15.23	1.174888	HIRES-post
2454955.873979	-28.81	1.21108	HIRES-post
2454983.744673	-3.67	1.205563	HIRES-post
2454983.745367	-7.18	1.15211	HIRES-post
2454983.746073	-3.56	1.286051	HIRES-post
2454984.760065	-34.45	1.209853	HIRES-post
2454984.7607830004	-35.06	1.307256	HIRES-post
2454984.761489	-37.0	1.164924	HIRES-post
2454985.7334020003	-48.53	1.199776	HIRES-post
2454985.734212	-50.76	1.16498	HIRES-post
2454985.734906	-48.94	1.202848	HIRES-post
2454986.7573720003	-39.58	1.236939	HIRES-post
2454986.758113	-40.49	1.119124	HIRES-post
2454986.7588299997	-44.61	1.166213	HIRES-post
2454987.734946	-39.6	1.161082	HIRES-post
2454987.735814	-38.83	1.16545	HIRES-post
2454987.736682	-34.64	1.318938	HIRES-post
2454988.735274	-13.4	1.255462	HIRES-post
2454988.736119	-14.33	1.19584	HIRES-post
2454988.736871	-14.76	1.192642	HIRES-post
2455109.136438	65.39	1.24586	HIRES-post
2455109.137294	63.83	1.275195	HIRES-post
2455109.138024	59.23	1.240833	HIRES-post
2455134.15161	-32.01	1.1270149999999999	HIRES-post
2455134.152304	-36.01	1.210611	HIRES-post
2455134.152999	-32.72	1.1956209999999998	HIRES-post
2455164.1265060003	-16.11	1.222443	HIRES-post
2455164.127247	-15.03	1.141045	HIRES-post
2455164.127988	-17.39	1.0827309999999999	HIRES-post
2455167.024461	61.94	1.205185	HIRES-post
2455167.025387	64.05	1.231276	HIRES-post
2455167.026383	65.35	1.2149299999999998	HIRES-post
2455167.027378	64.19	1.18296	HIRES-post
2455172.115409	64.73	1.3031620000000002	HIRES-post
2455172.116138	64.12	1.233946	HIRES-post
2455172.116867	65.67	1.178174	HIRES-post
2455173.030689	38.71	1.211319	HIRES-post
2455173.0313830003	41.6	1.277198	HIRES-post
2455173.032089	42.8	1.131556	HIRES-post
2455188.096847	10.78	1.35017	HIRES-post
2455188.097588	8.54	1.383349	HIRES-post
2455188.098363	8.79	1.314993	HIRES-post
2455189.077622	-18.71	1.4295879999999999	HIRES-post
2455189.078247	-22.77	1.384002	HIRES-post
2455189.0788490004	-21.93	1.384362	HIRES-post
2455190.124002	-47.29	1.235554	HIRES-post
2455190.1246849997	-42.89	1.286322	HIRES-post
2455190.125356	-48.06	1.248699	HIRES-post
2455192.0027630003	-63.29	1.3277889999999999	HIRES-post
2455192.0034459997	-63.39	1.143222	HIRES-post
2455192.004117	-65.14	1.153734	HIRES-post
2455193.175557	-52.39	1.387349	HIRES-post
2455193.17624	-50.62	1.17648	HIRES-post
2455196.964795	50.64	1.2521149999999999	HIRES-post
2455196.965489	50.58	1.219797	HIRES-post
2455196.966195	53.46	1.2214690000000001	HIRES-post
2455198.9732419997	88.05	1.272386	HIRES-post
2455198.973971	86.06	1.199416	HIRES-post
2455198.974689	84.26	1.242535	HIRES-post
2455200.9924580003	60.29	1.1916440000000001	HIRES-post
2455200.993407	62.8	1.183612	HIRES-post
2455200.994391	64.09	1.1430420000000001	HIRES-post
2455200.9953400004	62.93	1.200817	HIRES-post
2455200.996324	62.85	1.194585	HIRES-post
2455229.080267	81.61	1.1860549999999999	HIRES-post
2455229.0809959997	81.36	1.147741	HIRES-post
2455229.081748	81.21	1.2625469999999999	HIRES-post
2455229.884589	60.9	1.16764	HIRES-post
2455229.8853060002	64.72	1.1403370000000002	HIRES-post
2455229.886047	61.0	1.1634879999999999	HIRES-post
2455231.812763	11.57	1.170094	HIRES-post
2455231.813527	10.68	1.2411590000000001	HIRES-post
2455231.814418	10.39	1.301903	HIRES-post
2455255.815516	73.76	1.074741	HIRES-post
2455255.8164419997	74.45	1.1543889999999999	HIRES-post
2455255.817136	73.29	0.9823280000000001	HIRES-post
2455256.906837	98.27	1.147851	HIRES-post
2455256.9075080003	101.27	1.107459	HIRES-post
2455256.908214	100.23	1.1359620000000001	HIRES-post
2455260.882984	33.59	1.27348	HIRES-post
2455260.883632	36.28	1.3642	HIRES-post
2455260.8843380003	36.74	1.255517	HIRES-post
2455260.885113	38.39	1.190977	HIRES-post
2455260.885877	34.6	1.2047430000000001	HIRES-post
2455261.916511	2.7	1.197964	HIRES-post
2455261.9173439997	4.11	1.221241	HIRES-post
2455261.918108	-2.76	1.21344	HIRES-post
2455261.918872	1.77	1.225703	HIRES-post
2455261.919613	0.69	1.1996799999999999	HIRES-post
2455284.863241	50.1	1.382408	HIRES-post
2455284.864016	47.75	1.376279	HIRES-post
2455284.864687	45.08	1.368449	HIRES-post
2455285.914864	64.3	1.1335979999999999	HIRES-post
2455285.915732	66.96	1.150432	HIRES-post
2455285.916565	65.87	1.213752	HIRES-post
2455289.722462	21.14	1.105855	HIRES-post
2455289.723156	21.85	1.143699	HIRES-post
2455289.723839	18.34	1.089301	HIRES-post
2455289.7344279997	23.01	1.092582	HIRES-post
2455289.735123	24.31	1.115432	HIRES-post
2455289.735817	20.63	1.1780700000000002	HIRES-post
2455289.749404	21.91	1.131918	HIRES-post
2455289.7501209998	20.82	1.1899959999999998	HIRES-post
2455289.750839	20.78	1.069999	HIRES-post
2455289.7845860003	21.05	1.253711	HIRES-post
2455289.785327	20.76	1.026438	HIRES-post
2455289.7860439997	17.37	1.164944	HIRES-post
2455289.8100349996	13.85	1.093575	HIRES-post
2455289.810741	19.57	1.1631209999999998	HIRES-post
2455289.811447	17.68	1.102112	HIRES-post
2455289.844303	15.12	1.049057	HIRES-post
2455289.845067	16.85	1.029248	HIRES-post
2455289.8458419996	15.55	0.9711850000000001	HIRES-post
2455289.863514	18.38	1.014502	HIRES-post
2455289.864382	18.33	1.056422	HIRES-post
2455289.8653080002	18.15	1.10982	HIRES-post
2455289.888825	14.47	0.9893350000000001	HIRES-post
2455289.889519	15.4	1.065867	HIRES-post
2455289.890225	18.43	1.028378	HIRES-post
2455289.9132439997	17.64	1.087683	HIRES-post
2455289.913996	15.28	1.125047	HIRES-post
2455289.914748	19.78	1.003876	HIRES-post
2455289.931101	18.43	1.070015	HIRES-post
2455289.931853	17.25	1.165802	HIRES-post
2455289.932629	15.42	1.207437	HIRES-post
2455289.948484	18.64	1.279652	HIRES-post
2455289.949606	15.56	1.325275	HIRES-post
2455289.9507400002	17.64	1.241644	HIRES-post
2455311.740502	-11.91	1.203929	HIRES-post
2455311.741717	-11.79	1.186418	HIRES-post
2455311.742447	-12.78	1.2032209999999999	HIRES-post
2455312.825571	20.99	1.0992520000000001	HIRES-post
2455312.826288	23.2	1.185359	HIRES-post
2455312.826994	23.23	1.115	HIRES-post
2455313.743942	51.17	1.142801	HIRES-post
2455313.744625	49.85	1.13333	HIRES-post
2455313.745331	47.6	1.0848790000000001	HIRES-post
2455314.80517	60.34	1.392543	HIRES-post
2455314.8060729997	60.45	1.211206	HIRES-post
2455314.806976	59.28	1.349214	HIRES-post
2455320.7436	-36.72	1.163052	HIRES-post
2455320.744329	-35.64	1.178173	HIRES-post
2455320.7450119997	-35.71	1.131367	HIRES-post
2455321.732891	-51.84	1.098542	HIRES-post
2455321.733643	-54.75	1.123124	HIRES-post
2455321.734534	-48.77	1.2415049999999999	HIRES-post
2455339.791822	-48.27	1.070956	HIRES-post
2455339.793523	-45.93	1.0968120000000001	HIRES-post
2455339.795317	-47.93	1.102424	HIRES-post
2455342.740893	38.68	1.1679899999999999	HIRES-post
2455342.741668	39.53	1.143376	HIRES-post
2455342.742559	39.51	1.041881	HIRES-post
2455342.850085	42.9	1.318867	HIRES-post
2455342.851115	45.15	1.263427	HIRES-post
2455342.8522139997	41.27	1.25429	HIRES-post
2455343.73281	68.57	1.2767540000000002	HIRES-post
2455343.733527	66.16	1.106485	HIRES-post
2455343.7343599997	-93.49	3.378454	HIRES-post
2455344.733477	91.27	1.2514299999999998	HIRES-post
2455344.734298	86.26	1.13125	HIRES-post
2455344.735085	89.43	1.173226	HIRES-post
2455350.742033	-28.64	1.384102	HIRES-post
2455350.742658	-27.46	1.27875	HIRES-post
2455350.7433060003	-30.0	1.4664780000000002	HIRES-post
2455350.74657	-26.97	1.1267719999999999	HIRES-post
2455350.747345	-30.39	1.136626	HIRES-post
2455351.741884	-57.52	1.0652270000000001	HIRES-post
2455351.742579	-52.83	1.016753	HIRES-post
2455351.743273	-54.18	1.083639	HIRES-post
2455465.14495	31.7	1.173893	HIRES-post
2455465.145818	26.2	1.118773	HIRES-post
2455465.146525	28.06	1.215351	HIRES-post
2455466.14451	13.77	1.320519	HIRES-post
2455466.1453549997	16.37	1.240204	HIRES-post
2455466.146154	14.15	1.189535	HIRES-post
2455467.14634	-24.06	1.142319	HIRES-post
2455467.1470689997	-24.43	1.1360139999999999	HIRES-post
2455467.14781	-22.42	1.246504	HIRES-post
2455468.149235	-52.55	1.1303040000000002	HIRES-post
2455468.150161	-52.23	1.08398	HIRES-post
2455468.1509599998	-52.36	1.1061219999999998	HIRES-post
2455469.142871	-44.08	1.3923969999999999	HIRES-post
2455469.143809	-48.9	1.234116	HIRES-post
2455469.144561	-52.32	1.249475	HIRES-post
2455490.155462	43.1	1.300539	HIRES-post
2455490.156168	48.78	1.315182	HIRES-post
2455490.157013	46.15	1.314461	HIRES-post
2455491.153649	74.55	1.214325	HIRES-post
2455491.1544830003	76.92	1.2195280000000002	HIRES-post
2455491.1552	75.75	1.106946	HIRES-post
2455522.018696	78.86	1.133435	HIRES-post
2455522.019425	80.65	1.151834	HIRES-post
2455522.0201189998	79.16	1.171394	HIRES-post
2455542.924419	-76.75	1.456407	HIRES-post
2455542.925599	-69.85	1.243447	HIRES-post
2455542.9263049997	-72.54	1.2681040000000001	HIRES-post
2455545.1320419996	-47.62	1.269903	HIRES-post
2455545.1328060003	-46.14	1.1853280000000002	HIRES-post
2455545.133581	-48.02	1.301664	HIRES-post
2455545.987263	-38.91	1.168101	HIRES-post
2455545.988016	-40.36	1.2656379999999998	HIRES-post
2455545.988768	-37.3	1.291588	HIRES-post
2455557.1287970003	-81.67	1.243041	HIRES-post
2455557.1295040003	-78.32	1.2400719999999998	HIRES-post
2455557.130198	-77.2	1.1366379999999998	HIRES-post
2455557.977558	-83.9	1.29169	HIRES-post
2455557.978368	-81.22	1.289196	HIRES-post
2455557.9793060003	-82.68	1.333258	HIRES-post
2455559.964732	-52.13	1.4251120000000002	HIRES-post
2455559.972707	-52.77	1.5963450000000001	HIRES-post
2455559.9786799997	-52.98	1.383901	HIRES-post
2455584.994368	-55.6	1.159086	HIRES-post
2455584.995086	-52.02	1.210237	HIRES-post
2455584.995815	-55.75	1.2105700000000001	HIRES-post
2455605.966269	18.63	1.3108799999999998	HIRES-post
2455605.966975	16.99	1.206704	HIRES-post
2455605.967669	18.64	1.2518049999999998	HIRES-post
2455606.971727	48.04	1.304291	HIRES-post
2455606.9724560003	51.18	1.286616	HIRES-post
2455606.973174	51.79	1.111157	HIRES-post
2455607.957126	56.35	1.310792	HIRES-post
2455607.9584919997	60.79	1.245689	HIRES-post
2455607.960135	59.02	1.185946	HIRES-post
2455611.961656	42.14	1.317372	HIRES-post
2455611.9623849997	44.47	1.367341	HIRES-post
2455611.963114	43.19	1.417224	HIRES-post
2455633.9175279997	-34.75	1.248235	HIRES-post
2455633.918234	-37.98	1.218098	HIRES-post
2455633.918917	-38.68	1.224976	HIRES-post
2455634.8162970003	-7.78	1.230875	HIRES-post
2455634.816969	-8.25	1.13782	HIRES-post
2455634.817663	-3.84	1.130716	HIRES-post
2455636.750872	38.66	1.088804	HIRES-post
2455636.751578	37.58	1.123402	HIRES-post
2455636.7522380003	38.13	1.190717	HIRES-post
2455671.719334	-8.76	1.141166	HIRES-post
2455671.7200169996	-9.54	1.069834	HIRES-post
2455671.7206880003	-7.2	1.115232	HIRES-post
2455672.7202560003	-50.88	1.151681	HIRES-post
2455672.720939	-47.84	1.161571	HIRES-post
2455672.72161	-50.37	1.213657	HIRES-post
2455673.723088	-63.33	1.1660979999999999	HIRES-post
2455673.723805	-68.05	1.1395620000000002	HIRES-post
2455673.724523	-62.75	1.195634	HIRES-post
2455697.727023	65.76	1.20801	HIRES-post
2455697.727821	67.21	1.251307	HIRES-post
2455697.72862	67.54	1.2048729999999999	HIRES-post
2455698.725704	56.12	1.195606	HIRES-post
2455698.72678	54.11	1.173743	HIRES-post
2455698.7276830003	54.92	1.215751	HIRES-post
2455699.7257740004	38.78	1.1777309999999999	HIRES-post
2455699.726491	39.38	1.1383809999999999	HIRES-post
2455699.727186	39.15	1.10172	HIRES-post
2455700.7253119997	1.81	1.0963479999999999	HIRES-post
2455700.725995	0.31	1.1632799999999999	HIRES-post
2455700.726689	-4.02	1.182258	HIRES-post
2455703.727796	-71.21	1.1472200000000001	HIRES-post
2455703.728502	-72.85	1.021849	HIRES-post
2455703.729196	-71.6	1.071642	HIRES-post
2455722.738173	-17.19	1.238249	HIRES-post
2455722.739087	-13.27	1.128158	HIRES-post
2455722.739943	-14.07	1.261285	HIRES-post
2455723.7308900002	14.93	1.284914	HIRES-post
2455723.731677	13.56	1.3014709999999998	HIRES-post
2455723.7324759997	14.61	1.293756	HIRES-post
2455728.741968	18.57	1.336494	HIRES-post
2455728.742859	18.99	1.460336	HIRES-post
2455728.743727	16.02	1.27962	HIRES-post
2455842.116588	41.82	1.179693	HIRES-post
2455842.117341	44.51	1.117034	HIRES-post
2455842.11807	47.48	1.2233049999999999	HIRES-post
2455843.147966	64.9	1.105969	HIRES-post
2455843.148684	64.7	1.182515	HIRES-post
2455843.1494130003	64.56	1.205194	HIRES-post
2455844.119536	67.54	1.1764569999999999	HIRES-post
2455844.1203119997	63.71	1.222172	HIRES-post
2455844.1211099997	62.35	1.277354	HIRES-post
2455852.136779	-77.17	1.236452	HIRES-post
2455852.137485	-76.69	1.201177	HIRES-post
2455852.138191	-79.09	1.252155	HIRES-post
2455871.0785479997	37.12	1.372428	HIRES-post
2455871.081986	36.45	1.535841	HIRES-post
2455871.091987	37.47	1.341402	HIRES-post
2455878.1035490003	-47.52	1.2669270000000001	HIRES-post
2455878.104243	-49.87	1.22465	HIRES-post
2455878.104926	-46.08	1.205516	HIRES-post
2455879.060782	-70.27	1.2492530000000002	HIRES-post
2455879.061511	-70.29	1.307447	HIRES-post
2455879.062229	-75.51	1.199732	HIRES-post
2455880.073089	-69.48	1.205302	HIRES-post
2455880.07383	-69.09	1.195491	HIRES-post
2455880.074583	-69.4	1.222926	HIRES-post
2455901.998634	49.78	1.149324	HIRES-post
2455901.9992939997	48.45	1.275284	HIRES-post
2455901.999965	48.66	1.1544219999999998	HIRES-post
2455902.990449	51.44	1.265321	HIRES-post
2455902.991201	52.79	1.17082	HIRES-post
2455902.991953	54.71	1.14926	HIRES-post
2455904.112284	25.24	1.146688	HIRES-post
2455904.1129779997	20.3	1.0895700000000001	HIRES-post
2455904.11365	21.58	1.110319	HIRES-post
2455904.922913	6.84	1.346638	HIRES-post
2455904.923619	2.7	1.233858	HIRES-post
2455904.9243139997	0.8	1.330573	HIRES-post
2455932.055142	52.31	1.13926	HIRES-post
2455932.055813	53.08	1.163181	HIRES-post
2455932.056496	55.7	1.197691	HIRES-post
2455944.977145	46.38	1.346208	HIRES-post
2455944.978071	44.52	1.346737	HIRES-post
2455944.9791240003	45.95	1.3680379999999999	HIRES-post
2455960.911818	61.2	1.285334	HIRES-post
2455960.912501	60.09	1.2895889999999999	HIRES-post
2455960.913195	60.29	1.2083	HIRES-post
2455967.868156	-66.9	1.2254200000000002	HIRES-post
2455967.869036	-64.61	1.234127	HIRES-post
2455967.8698810004	-61.4	1.258246	HIRES-post
2455972.796641	31.73	1.277625	HIRES-post
2455972.797336	32.15	1.107063	HIRES-post
2455972.798007	27.79	1.128652	HIRES-post
2455996.987026	-94.68	1.820802	HIRES-post
2455996.993426	-95.86	1.510837	HIRES-post
2455996.997338	-98.46	1.354529	HIRES-post
2456019.884935	47.74	1.154317	HIRES-post
2456019.8856169996	50.13	1.142834	HIRES-post
2456019.8863	53.08	1.0598889999999999	HIRES-post
2456027.960789	-88.46	1.1303020000000001	HIRES-post
2456027.961553	-89.32	1.19987	HIRES-post
2456027.962305	-90.16	1.210807	HIRES-post
2456073.74158	-46.78	1.054023	HIRES-post
2456073.742344	-46.12	1.181072	HIRES-post
2456073.743142	-43.91	1.1018219999999999	HIRES-post
2456076.737575	32.74	1.281949	HIRES-post
2456076.738455	32.09	1.210645	HIRES-post
2456076.7393	34.52	1.227265	HIRES-post
2456079.773089	25.75	1.284167	HIRES-post
2456079.774247	21.49	1.166942	HIRES-post
2456079.775196	22.87	1.20176	HIRES-post
2456193.1479	40.69	1.241087	HIRES-post
2456193.148595	40.67	1.1827219999999998	HIRES-post
2456193.149289	41.41	1.1506399999999999	HIRES-post
2456195.151716	60.67	1.187926	HIRES-post
2456195.1523869997	56.85	1.181431	HIRES-post
2456195.15307	58.67	1.2111129999999999	HIRES-post
2456203.1443849998	-94.6	1.262318	HIRES-post
2456203.145126	-96.36	1.245058	HIRES-post
2456203.1457970003	-95.64	1.137873	HIRES-post
2456208.117871	22.29	1.2448290000000002	HIRES-post
2456208.118588	22.16	1.2020959999999998	HIRES-post
2456208.119294	19.92	1.2209780000000001	HIRES-post
2456209.12949	34.55	1.180798	HIRES-post
2456209.13022	35.06	1.302297	HIRES-post
2456209.1309490004	37.42	1.300224	HIRES-post
2456318.884053	-88.12	1.329438	HIRES-post
2456318.88484	-91.2	1.381787	HIRES-post
2456318.8855919996	-93.54	1.225911	HIRES-post
2456327.836985	55.96	1.287159	HIRES-post
2456327.83776	56.38	1.206324	HIRES-post
2456327.8385240003	54.54	1.2804389999999999	HIRES-post
2456343.758309	4.29	1.238297	HIRES-post
2456343.759027	1.96	1.26997	HIRES-post
2456343.7597560002	0.65	1.155657	HIRES-post
2456446.736136	7.38	1.189616	HIRES-post
2456446.73742	6.63	1.139461	HIRES-post
2456446.738751	6.45	1.111517	HIRES-post
2456586.1553	-65.12	1.319748	HIRES-post
2456586.156029	-64.2	1.3324719999999999	HIRES-post
2456586.156723	-67.46	1.3215860000000001	HIRES-post
2456588.155609	-5.63	1.1790559999999999	HIRES-post
2456588.156362	-4.57	1.2020030000000002	HIRES-post
2456588.157068	-2.58	1.247109	HIRES-post
2456589.106014	20.73	1.282198	HIRES-post
2456589.106721	16.01	1.339969	HIRES-post
2456589.107438	15.98	1.210159	HIRES-post
2456615.075748	-80.87	1.211885	HIRES-post
2456615.08245	-79.03	1.1900620000000002	HIRES-post
2456615.085124	-81.98	1.242298	HIRES-post
2456637.951841	-0.45	1.233609	HIRES-post
2456637.95257	0.07	1.292625	HIRES-post
2456637.953323	3.27	1.232759	HIRES-post
2456674.871717	-23.56	1.2936219999999998	HIRES-post
2456674.872481	-22.58	1.3025930000000001	HIRES-post
2456674.873268	-23.29	1.470198	HIRES-post
2456708.85923	39.67	1.269215	HIRES-post
2456708.860028	37.59	1.167524	HIRES-post
2456708.8608729998	38.48	1.239965	HIRES-post
2456709.847501	10.24	1.276666	HIRES-post
2456709.848299	4.53	1.1324940000000001	HIRES-post
2456709.8490400002	7.37	1.147126	HIRES-post
2456826.7303090002	18.47	1.24566	HIRES-post
2456826.731026	17.58	1.207233	HIRES-post
2456826.7317439998	16.74	1.122354	HIRES-post
2456827.731831	-16.18	1.250682	HIRES-post
2456827.73256	-16.53	1.209243	HIRES-post
2456827.7332900004	-20.65	1.252481	HIRES-post
2456828.7313180002	-35.6	1.296019	HIRES-post
2456828.732105	-34.92	1.280726	HIRES-post
2456828.7328919997	-29.51	1.314254	HIRES-post
2456829.738885	-74.41	1.323595	HIRES-post
2456829.7396830004	-76.6	1.208592	HIRES-post
2456829.74054	-77.16	1.339051	HIRES-post
2457179.7376880003	-28.2	1.15066	HIRES-post
2457179.7383830003	-26.13	1.047988	HIRES-post
2457179.739077	-25.08	1.208888	HIRES-post
2457199.741868	-113.2	1.143856	HIRES-post
2457199.742667	-114.47	1.285076	HIRES-post
2457199.743454	-113.93	1.3239049999999999	HIRES-post
2457327.158907	-66.0	1.135505	HIRES-post
2457327.159555	-70.01	1.1883059999999999	HIRES-post
2457327.160203	-70.34	1.194717	HIRES-post
2457356.1717580003	-42.46	1.211379	HIRES-post
2457379.925915	-6.48	1.316117	HIRES-post
2457379.926691	-7.5	1.284248	HIRES-post
2457379.927443	-6.25	1.31584	HIRES-post
2457384.960662	-26.78	1.253244	HIRES-post
2457384.9623869997	-25.62	1.303775	HIRES-post
2457384.964516	-24.4	1.228972	HIRES-post
2457555.735428	12.19	1.208813	HIRES-post
2457555.7361919996	11.02	1.311177	HIRES-post
2457555.73691	11.98	1.33476	HIRES-post
2457714.1643990004	-90.19	1.976596	HIRES-post
2457717.158767	0.35	1.116525	HIRES-post
2457764.90224	-7.01	1.229132	HIRES-post
2457764.90327	-6.81	1.206166	HIRES-post
2457764.904277	-7.47	1.114001	HIRES-post
2457926.730989	-24.1	1.135237	HIRES-post
2457926.731671	-27.82	1.226773	HIRES-post
2457926.732377	-23.54	1.2105139999999999	HIRES-post
2458029.143146	-26.25	1.327978	HIRES-post
2458029.143863	-24.81	1.308152	HIRES-post
2458029.144546	-22.67	1.236925	HIRES-post
2458160.997264	-19.89	1.292732	HIRES-post
2458160.9979580003	-24.91	1.2608190000000001	HIRES-post
2458160.998641	-19.9	1.404174	HIRES-post
2458181.814865	-94.8	1.430631	HIRES-post
2458181.826832	-97.42	1.3411170000000001	HIRES-post
2458181.841935	-98.27	1.566867	HIRES-post
2458392.1459150002	18.11	1.304066	HIRES-post
2458392.146632	17.67	1.2824870000000002	HIRES-post
2458392.147373	14.39	1.24876	HIRES-post
2458528.935364	-40.75	1.1416959999999998	HIRES-post
2458528.9363470003	-43.54	1.200009	HIRES-post
2458528.937285	-43.33	1.248248	HIRES-post
2458645.72351	-29.54	1.2262709999999999	HIRES-post
2458645.724216	-30.59	1.125326	HIRES-post
2458645.724899	-28.04	1.109823	HIRES-post
2458795.0202490003	-83.13	1.1722110000000001	HIRES-post
2458795.021013	-87.78	1.269284	HIRES-post
2458795.021766	-85.73	1.264728	HIRES-post
2458795.134346	-82.69	1.143494	HIRES-post
2458828.046374	-36.75	1.099124	HIRES-post
2458828.047034	-36.97	1.320582	HIRES-post
2458828.047705	-39.85	1.155737	HIRES-post
2458884.889029	-78.73	1.1739760000000001	HIRES-post
2458884.889678	-79.07	1.193918	HIRES-post
2458884.8903369997	-79.21	1.172015	HIRES-post
2458916.837154	-8.16	1.396385	HIRES-post
2458916.840036	-7.16	1.40575	HIRES-post
2458916.842547	-7.18	1.35801	HIRES-post
2456574.049368	39.79	1.920194	APF
2456577.964103	43.06	2.026137	APF
2456577.965585	43.47	1.91737	APF
2456577.967067	40.71	1.9635759999999998	APF
2456578.049968	42.05	1.767991	APF
2456578.051299	38.67	1.9892189999999998	APF
2456578.05263	33.46	1.859519	APF
2456582.018768	-45.82	2.03203	APF
2456582.020088	-51.84	1.866783	APF
2456582.0213490003	-51.65	1.9446130000000001	APF
2456582.972852	-63.05	1.984694	APF
2456582.9741950002	-61.59	2.003745	APF
2456582.975491	-63.08	2.189156	APF
2456583.9399470002	-69.95	1.9601110000000002	APF
2456583.941429	-69.79	2.0209189999999997	APF
2456583.9429450002	-73.6	1.9657779999999998	APF
2456588.889697	52.55	2.152837	APF
2456588.891109	56.6	2.173454	APF
2456588.8924869997	52.96	2.008426	APF
2456589.945807	70.66	1.9498970000000002	APF
2456589.9470220003	73.04	2.0440869999999998	APF
2456589.9482380003	77.97	2.06956	APF
2456590.03724	77.15	2.067138	APF
2456590.038409	77.14	1.8971740000000001	APF
2456590.039566	79.6	1.995916	APF
2456591.009592	82.09	1.87453	APF
2456591.01083	85.12	2.014165	APF
2456591.012104	86.15	1.9253169999999997	APF
2456591.91732	68.18	2.102591	APF
2456591.918639	62.36	2.035384	APF
2456591.919936	65.12	1.9616349999999998	APF
2456597.939926	-73.72	1.835491	APF
2456597.941419	-73.55	1.940953	APF
2456597.9429240003	-73.3	2.0809159999999998	APF
2456606.867026	47.04	2.1434439999999997	APF
2456606.8686470003	45.18	1.82213	APF
2456606.870464	48.56	2.031136	APF
2456607.066606	49.81	2.026785	APF
2456607.06811	54.86	1.9250880000000001	APF
2456607.069349	51.85	1.829386	APF
2456607.9107729997	33.77	2.001316	APF
2456607.912104	32.25	2.077953	APF
2456607.913424	31.67	2.1055	APF
2456608.080199	17.43	1.757677	APF
2456608.0814610003	19.93	1.871607	APF
2456608.0828029998	24.12	2.013641	APF
2456610.989112	-64.9	1.740505	APF
2456610.990559	-67.02	1.928478	APF
2456610.99196	-59.46	2.036638	APF
2456619.033254	56.42	1.834712	APF
2456619.878852	53.13	2.426952	APF
2456620.030995	56.25	1.936952	APF
2456622.8715959997	17.79	2.258869	APF
2456622.8753	17.1	2.1918509999999998	APF
2456622.877846	14.76	2.064025	APF
2456624.916682	-32.58	1.9038540000000002	APF
2456624.918604	-29.68	1.9462130000000002	APF
2456624.920571	-37.13	1.8764310000000002	APF
2456626.831615	-64.88	2.228191	APF
2456626.833027	-64.74	2.153439	APF
2456626.8344630003	-66.64	2.0923580000000004	APF
2456626.990332	-60.34	2.030857	APF
2456626.9915360003	-63.13	1.9561959999999998	APF
2456626.9927169997	-56.74	2.045588	APF
2456628.841877	-62.71	1.846285	APF
2456628.8449669997	-60.3	1.875991	APF
2456628.848278	-59.14	1.828127	APF
2456629.020364	-51.67	2.002753	APF
2456629.022413	-43.07	1.8240459999999998	APF
2456629.024126	-48.94	1.8101619999999998	APF
2456631.795163	15.28	2.370573	APF
2456631.966832	7.47	2.373023	APF
2456632.80529	69.48	1.6613580000000001	APF
2456633.000791	65.53	1.610527	APF
2456647.791512	56.72	1.696366	APF
2456647.984197	53.12	1.570657	APF
2456648.756015	59.32	2.151198	APF
2456648.7598349997	61.24	1.816857	APF
2456648.7641060003	59.06	2.04193	APF
2456649.008298	73.74	1.9126330000000002	APF
2456649.010393	71.73	2.030287	APF
2456649.012604	69.19	2.042148	APF
2456662.9684220003	59.73	2.064433	APF
2456662.969845	64.02	1.9863790000000001	APF
2456662.971292	62.98	2.1724740000000002	APF
2456663.07713	69.88	2.0957939999999997	APF
2456663.078762	67.56	2.162787	APF
2456663.08037	71.57	2.150568	APF
2456663.865933	76.47	2.121347	APF
2456663.867275	77.62	1.999486	APF
2456663.868629	74.64	2.020084	APF
2456667.9232119997	-9.39	2.013941	APF
2456667.9250060003	-11.83	2.0253240000000003	APF
2456667.926962	-8.65	2.00684	APF
2456668.1063880003	-1.65	2.085419	APF
2456668.1095020003	-6.22	2.238445	APF
2456668.112199	1.8	2.142475	APF
2456674.927934	19.61	1.831306	APF
2456674.929716	14.41	1.851129	APF
2456674.93151	12.5	1.8827919999999998	APF
2456675.105553	8.17	1.857261	APF
2456675.10818	11.41	1.9376759999999997	APF
2456675.110969	7.05	1.846409	APF
2456675.8726959997	36.75	1.929113	APF
2456675.874108	36.22	2.000569	APF
2456675.8755200002	37.08	2.008788	APF
2456676.038995	39.31	1.9920849999999999	APF
2456676.0405349997	39.25	2.1608419999999997	APF
2456676.042097	31.49	1.841981	APF
2456678.911352	83.15	1.919507	APF
2456678.912914	76.48	1.983534	APF
2456678.91443	74.14	1.9814580000000002	APF
2456679.878573	79.94	1.557189	APF
2456680.063077	83.94	2.081741	APF
2456680.065936	89.62	2.0365330000000004	APF
2456680.069397	85.89	2.017084	APF
2456682.879719	11.68	2.8076630000000002	APF
2456682.883411	1.8	2.949106	APF
2456682.887497	7.11	2.3742900000000002	APF
2456683.865638	-25.16	2.1192759999999997	APF
2456683.8673509997	-25.26	2.32631	APF
2456683.869052	-22.98	2.051687	APF
2456689.8694	6.53	1.816746	APF
2456689.995997	6.21	1.847145	APF
2456693.835598	76.48	1.671619	APF
2456693.847403	74.48	1.570423	APF
2456703.00503	-36.97	2.113036	APF
2456705.790324	40.84	2.098287	APF
2456705.815208	42.17	1.4249319999999999	APF
2456706.0305009997	38.05	1.710895	APF
2456708.982396	58.8	2.271986	APF
2456709.965656	45.48	1.872607	APF
2456712.789691	-29.97	2.209159	APF
2456712.790964	-27.64	2.160684	APF
2456712.79226	-34.45	2.10163	APF
2456712.965655	-25.33	2.35867	APF
2456712.96716	-26.6	2.3207310000000003	APF
2456712.968676	-29.27	2.2925619999999998	APF
2456724.754075	56.69	2.224781	APF
2456724.755857	63.33	2.316778	APF
2456724.757605	57.65	2.221646	APF
2456724.941216	60.42	1.86526	APF
2456725.748943	35.11	2.501737	APF
2456725.752774	41.83	2.222068	APF
2456725.7550770002	37.24	2.186341	APF
2456728.761456	-49.0	1.761257	APF
2456728.917823	-54.19	2.403826	APF
2456731.6537	-33.12	2.055126	APF
2456731.7122259997	-38.34	2.074305	APF
2456731.836106	-40.07	2.083043	APF
2456732.742743	-17.88	2.351716	APF
2456740.7447169996	-2.53	2.079377	APF
2456741.6427470003	-36.1	2.142761	APF
2456745.678814	-68.09	2.1821099999999998	APF
2456745.742559	-73.5	2.200524	APF
2456753.647053	60.49	1.969514	APF
2456753.749983	64.44	2.108981	APF
2456754.649485	32.56	2.294511	APF
2456754.651244	27.44	2.057184	APF
2456754.653107	29.71	2.343959	APF
2456757.662322	-60.6	2.192448	APF
2456757.664035	-58.6	2.117501	APF
2456757.665794	-55.16	2.222899	APF
2456758.744109	-59.06	1.9893509999999999	APF
2456761.655098	-27.65	1.599092	APF
2456761.718958	-18.07	1.6967459999999999	APF
2456765.703406	80.0	1.6965540000000001	APF
2456766.716515	83.54	1.67094	APF
2456777.668453	2.98	2.3146709999999997	APF
2456780.6925580003	68.11	1.5791389999999998	APF
2456784.693874	3.03	2.036635	APF
2456784.742006	5.52	1.7206759999999999	APF
2456789.673862	-65.67	1.7248330000000003	APF
2456789.734655	-59.65	1.6703150000000002	APF
2456792.698729	20.02	2.0754799999999998	APF
2456793.713195	29.93	1.9416259999999999	APF
2456796.705583	57.28	1.8051709999999999	APF
2456796.711277	52.41	1.931562	APF
2456924.998966	7.64	1.6864009999999998	APF
2456936.039491	-66.97	1.6683419999999998	APF
2456940.005577	48.33	1.5586659999999999	APF
2456941.9420169997	70.08	1.6525189999999998	APF
2456949.917366	-65.58	1.82728	APF
2456973.058876	54.7	1.50963	APF
2456985.857389	74.48	2.590546	APF
2456985.860364	75.6	2.3182970000000003	APF
2456985.985121	71.6	2.146793	APF
2456985.987667	72.38	2.1099810000000003	APF
2457026.926159	18.17	1.536749	APF
2457052.811275	-79.51	1.5159120000000001	APF
2457127.666936	-50.65	1.6568580000000002	APF
2457132.741024	58.16	1.559226	APF
2457138.723062	-71.34	2.128102	APF
2457142.7404150004	-46.6	2.192917	APF
2457142.7421049997	-49.26	1.8940080000000001	APF
2457142.743748	-45.64	1.946439	APF
2457170.72908	-66.8	1.7540959999999999	APF
2457170.7311400003	-67.55	1.798761	APF
2457170.733257	-65.52	1.843259	APF
2457275.024971	-35.65	2.4478310000000003	APF
2457275.027078	-40.92	2.371538	APF
2457275.0292189997	-35.68	2.447	APF
2457283.987958	-42.0	2.372758	APF
2457283.9906900004	-33.0	2.810118	APF
2457283.993479	-41.35	2.654504	APF
2457287.0395150003	-75.16	2.138305	APF
2457287.041379	-79.38	2.2737380000000003	APF
2457287.043161	-80.21	2.303095	APF
2457290.965064	-0.32	2.4203580000000002	APF
2457290.967043	6.85	2.491282	APF
2457290.968965	6.58	2.531021	APF
2457305.957411	22.91	2.212741	APF
2457305.958685	28.59	2.114819	APF
2457305.95997	27.78	2.396715	APF
2457308.917755	68.0	2.581171	APF
2457308.9192830003	67.25	2.66974	APF
2457308.920823	65.82	2.617849	APF
2457318.941226	-51.4	2.3892900000000004	APF
2457318.942673	-52.96	2.366514	APF
2457318.9440849996	-58.24	2.2979380000000003	APF
2457321.8705169996	26.13	1.808703	APF
2457321.885762	22.72	2.5243830000000003	APF
2457321.887359	29.94	2.582136	APF
2457321.889165	20.88	2.503165	APF
2457333.079523	-62.07	2.045628	APF
2457335.03174	1.09	1.965817	APF
2457335.033129	-5.71	1.755542	APF
2457335.0344599998	-5.43	2.024346	APF
2457337.965045	53.03	1.4851020000000001	APF
2457341.025479	3.16	1.779195	APF
2457341.026833	1.52	1.7954439999999998	APF
2457341.028176	0.22	1.991098	APF
2457345.072031	-76.04	1.6233600000000001	APF
2457348.958432	-15.06	1.843495	APF
2457348.96011	-12.52	1.886368	APF
2457348.961719	-14.62	1.8426150000000001	APF
2457354.785272	32.2	2.4304650000000003	APF
2457354.9236290003	15.47	1.609743	APF
2457355.018984	11.62	2.195364	APF
2457355.0206049997	14.48	2.414156	APF
2457355.022249	9.52	2.354413	APF
2457356.987129	-32.51	2.314752	APF
2457356.9884599997	-32.15	2.340134	APF
2457356.9898490002	-34.72	2.298833	APF
2457362.004548	-70.19	2.0407669999999998	APF
2457362.006284	-67.92	1.868532	APF
2457362.008911	-65.11	2.0156680000000002	APF
2457362.925709	-44.83	1.860221	APF
2457364.986809	16.01	2.286844	APF
2457364.9882099996	10.31	2.209566	APF
2457364.989599	14.37	2.26266	APF
2457415.79483	-44.65	1.604929	APF
2457424.842639	50.16	3.0438970000000003	APF
2457426.794343	59.56	2.2250799999999997	APF
2457426.7959169997	63.5	2.100066	APF
2457426.7974799997	66.84	2.112839	APF
2457427.802449	33.99	2.9707209999999997	APF
2457427.8038729997	39.73	2.795402	APF
2457427.805308	40.58	2.9032310000000003	APF
2457429.813529	-4.87	2.0891450000000003	APF
2457429.815277	-4.84	1.998645	APF
2457429.8173020002	-3.78	1.999524	APF
2457432.758593	-67.9	1.735773	APF
2457432.7874	-70.0	2.497389	APF
2457432.788719	-71.78	2.483524	APF
2457432.789981	-68.27	2.305457	APF
2457669.9309630003	-53.88	1.932907	APF
2457680.066451	-77.11	1.555925	APF
2457682.9046650003	-112.31	1.7696459999999998	APF
2457697.045728	-95.52	1.589824	APF
2457701.074571	-10.68	1.590478	APF
2457702.076451	16.07	2.205882	APF
2457704.083613	55.77	1.545784	APF
2457706.040629	48.9	1.447893	APF
2457707.962467	-18.28	1.6633200000000001	APF
2457718.016216	37.1	1.522661	APF
2457728.029505	-76.12	1.618479	APF
2457729.017246	-53.78	2.170964	APF
2457743.9354	-35.28	1.73984	APF
2457750.055943	41.94	1.719911	APF
2457751.946178	-10.96	2.2356979999999997	APF
2457780.815293	-2.76	1.8110060000000001	APF
2457796.7704209997	-36.08	1.8075259999999997	APF
2457814.767185	-99.24	1.743318	APF
2457815.7864349997	-76.99	1.598717	APF
2457823.714091	29.05	1.874439	APF
2457829.667891	-78.04	2.075586	APF
2457829.7040580004	-75.57	1.9314810000000002	APF
2457847.7189990003	-14.9	1.810338	APF
2457853.677763	-19.5	1.8507740000000001	APF
2457858.7070830003	-104.97	1.60215	APF
2457866.68758	43.36	2.0357	APF
2457873.6955919997	-90.67	1.7500740000000001	APF
2457882.721065	24.11	1.821221	APF
2458022.991564	-23.35	1.692843	APF
2458027.972802	43.32	1.8156919999999999	APF
2458032.975995	-88.72	1.561874	APF
2458041.925525	56.18	2.063025	APF
2458045.9429	-50.31	1.7761810000000002	APF
2458109.9124459997	-53.95	2.00568	APF
2458115.814499	33.95	1.837525	APF
2458119.914975	-61.73	1.9988029999999999	APF
2458129.854928	41.06	1.831348	APF
2458131.799588	17.65	1.7573439999999998	APF
2458131.869289	10.64	1.8196990000000002	APF
2458131.8816279997	13.18	1.7701830000000003	APF
2458152.810599	-77.7	1.7761799999999999	APF
2458152.834407	-75.87	2.081931	APF
2458165.910759	-106.85	1.898166	APF
2458385.977388	-83.95	1.913462	APF
2458387.9692490003	-48.52	1.8104049999999998	APF
2458400.984184	-73.53	1.8016830000000001	APF
2458414.914336	-74.94	1.742777	APF
2458418.932472	12.52	1.839661	APF
2458508.813038	74.27	1.6878959999999998	APF
2458761.993593	51.3	2.838738	APF
2458761.995005	55.14	2.489172	APF
2458761.996441	54.08	2.4360779999999997	APF
2455954.6837838	27417.082430000002	0.14512	HARPS
2455954.7273079	27415.78625	0.14802	HARPS
2455954.7617114	27414.477130000003	0.17744000000000001	HARPS
2455971.6489976	27485.23496	0.14064000000000002	HARPS
2455971.6911953	27485.291610000004	0.14057999999999998	HARPS
2455971.718447	27484.314730000002	0.25795999999999997	HARPS
2455985.6177563	27450.68554	0.13869	HARPS
2455985.6596793	27449.68915	0.13677	HARPS
2455985.683735	27448.47	0.59	HARPS
2456002.5610181	27520.30457	0.16238	HARPS
2456002.6024703	27519.401339999997	0.17085	HARPS
2456002.6325277	27518.61386	0.29830999999999996	HARPS
2456611.6185754	27374.173619999998	0.15782000000000002	HARPS-N
2456611.6601827	27372.53185	0.13155999999999998	HARPS-N
2456611.7029206	27369.73728	0.13326	HARPS-N
2456611.7424528	27367.44329	0.14257999999999998	HARPS-N
2456625.6092034	27395.844160000004	0.15680999999999998	HARPS-N
2456625.651106	27394.096169999997	0.13943	HARPS-N
2456625.694186	27391.29533	0.15037	HARPS-N
2456625.7369085	27388.98645	0.1719	HARPS-N
2456625.7702805	27386.03063	0.23471999999999998	HARPS-N
2456659.5138082	27414.84699	0.15527	HARPS-N
2456659.5588177	27413.4857	0.16055999999999998	HARPS-N
2456659.6046656	27412.13384	0.14795999999999998	HARPS-N
2456659.6331707	27413.0283	0.28988	HARPS-N
2456684.6027541	27401.6079	0.19998	HARPS-N
2456684.6446366	27397.66607	0.20965	HARPS-N
2456684.6895984	27393.223619999997	0.24326	HARPS-N
2456715.5183888	27386.909539999997	0.23174	HARPS-N
2456715.5632045	27385.40238	0.29335	HARPS-N
2456715.6070956	27383.9114	0.29978	HARPS-N
2456746.44198	27391.4808	0.14381	HARPS-N
2456746.4858256	27390.39197	0.14481	HARPS-N
2456746.5233352	27388.83238	0.18622	HARPS-N
2455955.3953	27399.4	1.9	SOPHIE
2455960.5527386	27527.5394	0.5090899999999999	SOPHIE
2455960.5784	27526.5	1.2	SOPHIE
2455960.6439599	27520.8294	0.5626800000000001	SOPHIE
2455960.6808666	27520.46228	0.95385	SOPHIE
2455961.462228	27521.43416	1.0360200000000002	SOPHIE
2455963.4908542	27487.975410000003	0.50244	SOPHIE
2455963.5206045	27487.438019999998	0.88176	SOPHIE
2455963.5927538	27479.22285	0.55691	SOPHIE
2455963.6217	27475.4	1.3	SOPHIE
2455975.2706621	27532.29845	0.47508	SOPHIE
2455975.3015	27531.45	0.77782	SOPHIE
2455975.3728167	27527.716669999998	0.44906999999999997	SOPHIE
2455975.412375	27524.95	0.55	SOPHIE
2455977.49165	27503.7	0.4899	SOPHIE
2455977.5188	27500.0	1.2	SOPHIE
2455977.58645	27491.733330000003	0.4899	SOPHIE
2455980.4403	27413.83333	0.44906999999999997	SOPHIE
2455980.5356	27406.983330000003	0.44906999999999997	SOPHIE
2455983.3916579	27377.07535	0.46816	SOPHIE
2455983.4752667	27372.466669999998	0.4899	SOPHIE
2455983.5102667	27371.766669999997	0.69282	SOPHIE
2455989.2989	27507.1	1.2	SOPHIE
2455989.3700831	27504.91296	0.45516999999999996	SOPHIE
2455989.4010385	27503.382639999996	0.81087	SOPHIE
2455997.3576	27372.8	1.3	SOPHIE
2456011.3684132	27385.92335	0.46153	SOPHIE
2456011.3942	27384.5	1.1	SOPHIE
2456011.46592	27377.26	0.53666	SOPHIE
2456014.3190167	27418.8	0.4899	SOPHIE
2456014.3461	27418.7	1.2	SOPHIE
2456014.41125	27413.95	0.4899	SOPHIE
2456014.4392	27410.9	1.2	SOPHIE
2456352.3738287	27421.09528	0.5788800000000001	SOPHIE
2456355.3391194	27495.81125	0.46153	SOPHIE
2456355.3668	27495.4	1.2	SOPHIE
2456355.4345143	27490.9035	0.52674	SOPHIE
2456355.4675667	27490.13333	0.69282	SOPHIE
