time	mnvel	errvel	tel
2454502.58622556	-85025.7110595703	1.31593	SOPHIE
2454505.52960234	-85040.3823852539	1.33026	SOPHIE
2454594.398942	-85051.4450073242	1.79312	SOPHIE
2454595.37524841	-84677.7801513672	1.04966	SOPHIE
2454870.49803089	-84645.1644897461	2.2180400000000002	SOPHIE
2454880.51981766	-84645.2484130859	1.4534	SOPHIE
2454886.4674381	-84653.0532836914	1.0632199999999998	SOPHIE
2454904.43378996	-84658.0657958984	1.4926700000000002	SOPHIE
2454911.49345656	-84640.2893066406	2.01673	SOPHIE
2454927.53377541	-84661.1251831055	0.8386659999999999	SOPHIE
2454954.39878497	-84651.0391235352	0.931793	SOPHIE
2455269.49523383	-84676.5213012695	0.6664289999999999	SOPHIE
2455328.33587105	-84677.3147583008	1.00054	SOPHIE
2455563.62391732	-84659.4696044922	0.8810830000000001	SOPHIE
2455579.635423	-84664.2303466797	0.819343	SOPHIE
2455584.67185626	-84657.1502685547	0.9365410000000002	SOPHIE
2455615.50284532	-84648.2696533203	0.9984719999999999	SOPHIE
2455619.4886833	-84656.73828125	1.1477600000000001	SOPHIE
2455627.68103385	-84660.530090332	0.930685	SOPHIE
2455662.4811563	-84678.581237793	0.762987	SOPHIE
2455865.67782437	-84632.8353881836	1.2063	SOPHIE
2455875.66989003	-84643.1884765625	0.993904	SOPHIE
2455879.70679237	-84638.8244628906	0.8832640000000002	SOPHIE
2455906.68395655	-84638.2751464844	0.9186650000000001	SOPHIE
2455917.70658119	-84643.798828125	1.69249	SOPHIE
2455929.62107756	-84639.46533203119	1.45163	SOPHIE
2455934.68552144	-84638.9617919922	1.4158300000000001	SOPHIE
2455963.64796071	-84635.7192993164	1.46794	SOPHIE
2455968.52946387	-84637.7487182617	1.70059	SOPHIE
2455979.56031365	-84634.6435546875	0.898818	SOPHIE
2455990.41014433	-84639.95361328119	1.3461	SOPHIE
2456016.45652173	-84629.280090332	0.8688450000000001	SOPHIE
2456026.40464654	-84624.8321533203	1.3885900000000002	SOPHIE
2456029.45642695	-84629.4631958008	1.1477600000000001	SOPHIE
2456042.4306038	-84623.2147216797	1.21517	SOPHIE
2456047.45408389	-84635.3378295898	1.9647599999999998	SOPHIE
2456058.41544069	-84631.0958862305	1.9378700000000002	SOPHIE
2456072.38310771	-84631.0577392578	0.857926	SOPHIE
2456081.37857902	-84630.1116943359	1.14567	SOPHIE
2456251.6632772	-84627.9983520508	0.676695	SOPHIE
2456298.66854185	-84633.171081543	0.847397	SOPHIE
2456314.56576631	-84637.20703125	1.05886	SOPHIE
2456318.62299906	-84636.23046875	1.1681000000000001	SOPHIE
2456319.63427693	-84634.4680786133	1.16097	SOPHIE
2456327.6322687	-84633.171081543	1.20626	SOPHIE
2456344.59795248	-84639.4729614258	1.09168	SOPHIE
2456349.49941823	-84635.8795166016	0.828028	SOPHIE
2456354.52835687	-84634.5977783203	0.716762	SOPHIE
2456372.53271458	-84638.5803222656	1.08826	SOPHIE
2456382.39345377	-84631.7138671875	1.0518100000000001	SOPHIE
2456405.46610999	-84636.8942260742	0.8798779999999999	SOPHIE
2456416.41903675	-84632.5378417969	1.05721	SOPHIE
2456419.43899381	-84636.6424560547	0.865232	SOPHIE
2456437.34466176	-84639.6560668945	1.5697	SOPHIE
2456667.61151818	-84636.116027832	0.9959280000000001	SOPHIE
2456672.67256258	-84639.045715332	1.55182	SOPHIE
2456678.68102767	-84635.4904174805	1.5801800000000001	SOPHIE
2456682.65025415	-84631.8359375	1.10925	SOPHIE
2456699.57792415	-84641.8914794922	1.4182400000000002	SOPHIE
2456708.52824161	-84641.54052734381	1.36397	SOPHIE
2456710.51241059	-84643.2876586914	1.20828	SOPHIE
2456711.50475899	-84644.905090332	1.0523399999999998	SOPHIE
2456730.39818824	-84637.1307373047	0.89492	SOPHIE
2456731.36739421	-84632.5378417969	1.0632300000000001	SOPHIE
2456733.51740365	-84632.7819824219	1.03114	SOPHIE
2456740.49299565	-84631.4315795898	1.2277099999999999	SOPHIE
2456742.42392628	-84634.4680786133	0.779342	SOPHIE
2456752.4457682	-84634.7503662109	1.0661	SOPHIE
2456757.46707946	-84637.2375488281	1.00227	SOPHIE
2456777.45158243	-84638.5879516602	1.00457	SOPHIE
2456793.35762129	-84630.4931640625	1.02451	SOPHIE
2456794.42647562	-84635.986328125	1.11992	SOPHIE
2457030.55554755	-84637.0010375977	1.1621400000000002	SOPHIE
2457033.56118437	-84636.8179321289	1.29881	SOPHIE
2457035.55014393	-84633.5067749023	1.00829	SOPHIE
2457040.67781907	-84632.453918457	0.9626330000000001	SOPHIE
2457053.50947577	-84632.926940918	1.2385199999999998	SOPHIE
2457063.52822082	-84630.6915283203	0.8729680000000001	SOPHIE
2457065.49934239	-84631.0882568359	0.680356	SOPHIE
2457071.58735976	-84631.3400268555	0.916968	SOPHIE
2457079.42962824	-84630.67626953119	1.27768	SOPHIE
2457081.50751735	-84650.9780883789	4.0730699999999995	SOPHIE
2457088.61137137	-84635.2005004883	1.05926	SOPHIE
2457090.54249891	-84632.7133178711	0.841208	SOPHIE
2457094.41432057	-84634.9334716797	1.1994200000000002	SOPHIE
2457105.47467058	-84635.7116699219	2.10446	SOPHIE
2457110.43854538	-84633.9263916016	1.10588	SOPHIE
2457113.49316624	-84632.080078125	1.0745500000000001	SOPHIE
2457115.37621072	-84626.4266967773	0.9377390000000001	SOPHIE
2457120.42734802	-84628.5629272461	1.04754	SOPHIE
2457130.43495557	-84624.382019043	1.17058	SOPHIE
2457383.67502797	-84629.82177734381	0.5984697237521711	SOPHIE
2457390.6581016	-84632.4081420898	0.9906707425779769	SOPHIE
2457404.65114527	-84630.2642822266	0.7659804917881394	SOPHIE
2457411.60623804	-84619.7891235352	0.5953421904589831	SOPHIE
2457419.61610295	-84628.7689208984	0.7023946215967204	SOPHIE
2457442.59416523	-84627.7008056641	0.8067522687913559	SOPHIE
2457465.573574	-84630.5160522461	0.961824	SOPHIE
2457468.51016098	-84626.7547607422	1.05156	SOPHIE
2457469.55261758	-84627.6931762695	0.8863360000000001	SOPHIE
2457471.56380294	-84630.31005859381	1.4092200000000001	SOPHIE
2457474.46923404	-84626.4266967773	1.04033	SOPHIE
2457702.69181997	-84645.149230957	1.5746600000000002	SOPHIE
2457728.6789512127	-84611.90446662215	1.0506472699196832	SOPHIE
2457730.68662331	-84629.3716430664	0.7793779999999998	SOPHIE
2457731.64818795	-84631.2255859375	0.657782	SOPHIE
2457733.62255885	-84629.9514770508	0.98584	SOPHIE
2457734.68961732	-84628.4332275391	0.8756530000000001	SOPHIE
2457739.579378	-84631.0195922852	1.20428	SOPHIE
2457740.61369882	-84623.9395141602	0.8493350000000001	SOPHIE
2457757.7112873	-84630.6076049805	0.995962	SOPHIE
2457759.62486269	-84631.5460205078	0.8865210000000001	SOPHIE
2457760.63761312	-84627.8305053711	0.906309	SOPHIE
2457762.59696065	-84627.1591186523	0.9183370000000001	SOPHIE
2457765.60130736	-84628.60107421881	1.04309	SOPHIE
2457766.6623522	-84626.9226074219	0.980614	SOPHIE
2457770.69022182	-84630.241394043	1.1481700000000001	SOPHIE
2457771.64694912	-84629.0817260742	0.7777290000000001	SOPHIE
2457772.61269189	-84628.8909912109	0.67298	SOPHIE
2457795.55772531	-84629.3411254883	1.1385	SOPHIE
2457800.5499863	-84626.220703125	0.78035	SOPHIE
2457801.53719308	-84625.4806518555	0.840878	SOPHIE
2457814.51857723	-84624.0386962891	0.9737220000000001	SOPHIE
2457817.59501127	-84623.0697631836	1.07764	SOPHIE
2457820.54326261	-84628.2806396484	1.6656900000000001	SOPHIE
2457821.48175968	-84629.6081542969	1.2113200000000002	SOPHIE
2457823.52498399	-84629.3487548828	0.7656499999999999	SOPHIE
2457826.56349626	-84627.9983520508	0.9021279999999999	SOPHIE
2457829.47987005	-84623.9852905273	0.751679	SOPHIE
2457830.49886143	-84627.067565918	0.8505280000000001	SOPHIE
2457832.48376327	-84623.1231689453	0.8720219999999999	SOPHIE
2457833.49816729	-84632.0419311523	1.26283	SOPHIE
2457848.4394673	-84627.2888183594	0.9672199999999999	SOPHIE
2457850.47083817	-84626.0070800781	0.775431	SOPHIE
2457852.4703664	-84624.7253417969	0.715969	SOPHIE
2457854.50304808	-84622.4746704102	0.8175209999999999	SOPHIE
2457855.49948708	-84623.6343383789	0.7661729999999999	SOPHIE
2457857.53697724	-84625.0991821289	0.860951	SOPHIE
2457859.45930956	-84623.7869262695	1.54181	SOPHIE
2457860.41714717	-84625.4806518555	1.2139600000000002	SOPHIE
2457886.43620853	-84629.7302246094	1.00007	SOPHIE
2457888.41414034	-84628.059387207	0.9324309999999998	SOPHIE
2457889.43471199	-84628.303527832	0.884596	SOPHIE
2457891.41997994	-84626.7852783203	1.0512	SOPHIE
2458129.68458441	-84625.4425048828	1.4456800000000003	SOPHIE
2458130.67907599	-84622.3907470703	1.1053300000000001	SOPHIE
2458131.68117101	-84624.8779296875	1.11659	SOPHIE
2458136.63148546	-84621.2463378906	1.0150000000000001	SOPHIE
2458138.62377201	-84621.2158203125	1.2031699999999999	SOPHIE
2458140.62721118	-84622.0169067383	0.938419	SOPHIE
2458141.64861131	-84622.184753418	1.2559699999999998	SOPHIE
2458146.59720474	-84626.9454956055	1.02098	SOPHIE
2458147.62116588	-84624.1836547852	0.969084	SOPHIE
2458148.62684943	-84625.4348754883	1.1123299999999998	SOPHIE
2458151.70643946	-84619.5602416992	1.0423	SOPHIE
2458181.49608874	-84621.0403442383	0.7264619999999998	SOPHIE
2458186.48888547	-84624.1455078125	0.7473850000000001	SOPHIE
2458216.46490376	-84623.2528686523	1.3492899999999999	SOPHIE
2458235.46266667	-84626.9302368164	1.2808400000000002	SOPHIE
2458236.39719966	-84624.3209838867	1.0348	SOPHIE
2458241.5068003	-84623.2070922852	1.3461900000000002	SOPHIE
2458243.47229825	-84634.8419189453	4.77983	SOPHIE
2458245.4751061	-84626.3732910156	1.16382	SOPHIE
2458254.46152788	-84626.8081665039	1.32267	SOPHIE
2458255.445635146	-84630.44304933978	0.9653761714664275	SOPHIE
2458258.3952570898	-84625.82847368674	0.7243110496724381	SOPHIE
2458262.3498356	-84622.5128173828	0.8301740000000002	SOPHIE
2458263.411511658	-84630.13131807075	0.6526817976340858	SOPHIE
2458264.36224144	-84626.2741088867	1.18887	SOPHIE
2458265.35118321	-84620.5596923828	0.963502	SOPHIE
2458270.4100159	-84616.4474487305	0.791809	SOPHIE
2458271.39104254	-84621.4370727539	0.8742300000000002	SOPHIE
2458272.42028287	-84632.9803466797	0.9706710000000001	SOPHIE
2458275.40797928	-84635.2615356445	1.04423	SOPHIE
2458440.69160153	-84622.184753418	1.09734	SOPHIE
2458441.64379263	-84624.7329711914	0.910956	SOPHIE
2458448.67355192	-84618.522644043	0.898455	SOPHIE
2458449.64955344	-84620.2239990234	1.24732	SOPHIE
2458450.64324167	-84618.1335449219	1.6706500000000002	SOPHIE
2458451.67104165	-84612.79296875	1.2064599999999999	SOPHIE
2458456.71608408	-84620.9945678711	1.03782	SOPHIE
2458457.73587294	-84612.7853393555	0.7173799999999999	SOPHIE
2458460.70732489	-84616.3864135742	1.26657	SOPHIE
2458467.70353575	-84618.6904907227	1.0789	SOPHIE
2458470.69482497	-84615.0970458984	0.825983	SOPHIE
2458472.64478656	-84613.3728027344	1.07015	SOPHIE
2458473.72853086	-84612.8768920898	0.8910800000000001	SOPHIE
2458475.69167225	-84615.9286499023	1.2357500000000001	SOPHIE
2458486.65948368	-84618.8659667969	1.50112	SOPHIE
2458488.651957252	-84618.21948306703	1.1690350568902588	SOPHIE
2458489.680546969	-84616.62543729827	1.0726743070730975	SOPHIE
2458490.68940487	-84619.0032958984	1.0169599999999999	SOPHIE
2458496.65495422	-84629.3182373047	4.17565	SOPHIE
2458497.55664912	-84617.1569824219	0.924358	SOPHIE
2458498.63499629	-84617.8283691406	1.36979	SOPHIE
2458499.58467769	-84615.1428222656	0.77128	SOPHIE
2458501.68940641	-84620.4376220703	1.0976299999999999	SOPHIE
2458526.61240309	-84615.2572631836	1.14547	SOPHIE
2458527.62064699	-84612.4725341797	0.852892	SOPHIE
2458528.56930525	-84616.6610717773	0.7235219999999999	SOPHIE
2458529.62525495	-84615.3030395508	0.9434739999999999	SOPHIE
2458530.58599372	-84618.0725097656	0.795244	SOPHIE
2458531.61209037	-84617.9656982422	0.7229380000000001	SOPHIE
2458532.61712045	-84622.200012207	0.9374730000000001	SOPHIE
2458533.5980585	-84620.37851755405	0.6405190715913303	SOPHIE
2458534.522655201	-84621.42397836182	0.5836591712285808	SOPHIE
2458535.478567115	-84619.36438234367	0.521437725545574	SOPHIE
2458543.6011918	-53739.3455505371	128.366	SOPHIE
2458544.53287086	-84621.2463378906	1.19311	SOPHIE
2458546.53556316	-84622.1237182617	1.19567	SOPHIE
2458550.45010964	-84618.766784668	1.0012	SOPHIE
2458551.58686694	-84620.0637817383	0.908626	SOPHIE
2458552.46946186	-84617.9885864258	1.08469	SOPHIE
2458553.46115005	-84616.2490844727	1.23025	SOPHIE
2458556.49171361	-84618.2174682617	1.01944	SOPHIE
2458557.53150792	-84616.7678833008	0.907817	SOPHIE
2458559.47624706	-84618.5531616211	0.9162999999999999	SOPHIE
2458563.55349146	-84619.1024780273	1.09466	SOPHIE
2458586.411661758	-84614.8123413113	0.8072033223811853	SOPHIE
2458587.38467958	-84620.01822979268	0.9357993496120373	SOPHIE
2458590.40297645	-84616.2414550781	0.743989	SOPHIE
2458591.51293246	-84618.0877685547	1.48223	SOPHIE
2458593.46085895	-84620.5139160156	1.09527	SOPHIE
2458600.47126592	-84620.3689575195	1.21244	SOPHIE
2458601.4177961806	-84617.9253496471	0.8040632282567239	SOPHIE
2458602.34178985	-84618.2022094727	1.17855	SOPHIE
2458603.41185502	-84617.4545288086	0.9183779999999998	SOPHIE
2458604.39624355	-84615.4937744141	0.8210379999999999	SOPHIE
2458605.38845496	-84618.6676025391	0.9176240000000001	SOPHIE
2458606.41562826	-84619.743347168	1.0629199999999999	SOPHIE
2458607.39073352	-84618.8125610352	0.877784	SOPHIE
2458619.42807214	-84618.3166503906	1.39951	SOPHIE
2458620.41716494	-84620.30029296881	1.37992	SOPHIE
2458639.37590428	-84618.1259155273	0.8038290000000001	SOPHIE
2458641.39904249	-55602.4322509766	249.978	SOPHIE
2458642.40104358	-84629.46470893218	0.956974320033622	SOPHIE
2458643.36490684	-84618.9041137695	2.8306899999999997	SOPHIE
2458644.3753315	-84619.8425292969	0.8391720000000001	SOPHIE
2458645.3779216	-84619.4229125977	1.3467900000000002	SOPHIE
2458647.385432304	-84612.11950948392	0.8888836688693516	SOPHIE
2458653.3755256	-84631.5383911133	0.882751	SOPHIE
2458654.36702182	-84626.8997192383	1.00738	SOPHIE
2458657.3682947	-84627.9754638672	0.9027590000000001	SOPHIE
2458658.36331182	-84628.8986206055	1.12737	SOPHIE
2458659.36218353	-84629.1427612305	1.20075	SOPHIE
2458660.3665764	-84635.9939575195	1.0260099999999999	SOPHIE
2458661.36538018	-84630.7220458984	1.1921499999999998	SOPHIE
2458662.36435834	-84635.2081298828	1.75767	SOPHIE
2458663.36476082	-84635.4064941406	1.05386	SOPHIE
2458664.36481693	-84633.2321166992	1.5770399999999998	SOPHIE
2458666.36891294	-84636.7416381836	1.59181	SOPHIE
2458825.66307658	-84615.5700683594	0.887104	SOPHIE
2458828.6257052	-84622.7111816406	1.00742	SOPHIE
2458834.66739502	-84617.7749633789	2.09247	SOPHIE
2458853.57809406	-84616.6458129883	1.08118	SOPHIE
2458856.62911503	-84618.9041137695	1.09863	SOPHIE
2458859.59639381	-84620.1019287109	1.03842	SOPHIE
2458860.58020255	-84618.7286376953	0.8835	SOPHIE
2458861.58845601	-84618.6828613281	1.01009	SOPHIE
2458864.54230243	-84617.2561645508	1.09842	SOPHIE
2458873.66816097	-84659.1033935547	27.2212	SOPHIE
2458877.6643256	-84615.7913208008	1.05529	SOPHIE
2458879.69571642	-84619.7967529297	1.00538	SOPHIE
2458881.6281167	-84622.5891113281	1.07641	SOPHIE
2458882.58634001	-84619.0719604492	1.17268	SOPHIE
2458884.60352596	-84623.2604980469	1.48736	SOPHIE
2458885.54789051	-84616.51611328119	1.12436	SOPHIE
2458887.5354133407	-84618.3075659542	0.7662356179573132	SOPHIE
2458888.53389598	-84616.9128417969	0.870034	SOPHIE
2458891.6005258	-84615.3030395508	1.13344	SOPHIE
2458893.60291556	-84616.6076660156	1.3155599999999998	SOPHIE
2458897.59603296	-84621.09375	2.23632	SOPHIE
2458900.555414295	-84619.56945187555	0.8013094551280353	SOPHIE
2458903.483365105	-84617.1211664029	0.7342026110772666	SOPHIE
2458904.5965586137	-84617.60657755064	0.6436648948674043	SOPHIE
2458905.453138708	-84619.92468866166	1.1385230444771566	SOPHIE
2458906.522966086	-84618.03314166653	1.1213853182384312	SOPHIE
2458907.494147129	-84621.77838590546	0.925692692010231	SOPHIE
2458911.579134231	-84618.13148256276	1.0791590003145317	SOPHIE
2458919.422670318	-84621.82897453013	1.1650830246051973	SOPHIE
2458923.43150335	-84620.01202989148	0.8732210303689041	SOPHIE
2459237.0	-84700.0	100.0	SOPHIE
2459242.0	-84700.0	100.0	SOPHIE
2459244.0	-84700.0	100.0	SOPHIE
2459248.0	-84700.0	100.0	SOPHIE
2459264.0	-84700.0	100.0	SOPHIE
2459266.0	-84700.0	100.0	SOPHIE
2459271.0	-84700.0	100.0	SOPHIE
2459273.0	-84700.0	100.0	SOPHIE
2459275.0	-84700.0	100.0	SOPHIE
2459277.0	-84700.0	100.0	SOPHIE
2459279.0	-84700.0	100.0	SOPHIE
2459298.0	-84700.0	100.0	SOPHIE
2459299.0	-84700.0	100.0	SOPHIE
2459301.0	-84700.0	100.0	SOPHIE
2459304.0	-84700.0	100.0	SOPHIE
2459305.0	-84700.0	100.0	SOPHIE
2459327.0	-84700.0	100.0	SOPHIE
2459337.0	-84700.0	100.0	SOPHIE
2459343.0	-84700.0	100.0	SOPHIE
2459346.0	-84700.0	100.0	SOPHIE
2459351.0	-84700.0	100.0	SOPHIE
2459352.0	-84700.0	100.0	SOPHIE
2459360.0	-84700.0	100.0	SOPHIE
2459365.0	-84700.0	100.0	SOPHIE
2459372.0	-84700.0	100.0	SOPHIE
2459379.0	-84700.0	100.0	SOPHIE
2459560.0	-84700.0	100.0	SOPHIE
2459566.0	-84700.0	100.0	SOPHIE
2459570.0	-84700.0	100.0	SOPHIE
2459590.0	-84700.0	100.0	SOPHIE
2459593.0	-84700.0	100.0	SOPHIE
2459597.0	-84700.0	100.0	SOPHIE
2459602.0	-84700.0	100.0	SOPHIE
2459606.0	-84700.0	100.0	SOPHIE
2459620.0	-84700.0	100.0	SOPHIE
2459628.0	-84700.0	100.0	SOPHIE
2459634.0	-84700.0	100.0	SOPHIE
2459642.0	-84700.0	100.0	SOPHIE
2459658.0	-84700.0	100.0	SOPHIE
2459684.0	-84700.0	100.0	SOPHIE
2459707.0	-84700.0	100.0	SOPHIE
2459710.0	-84700.0	100.0	SOPHIE
2459713.0	-84700.0	100.0	SOPHIE
2459716.0	-84700.0	100.0	SOPHIE
2459720.0	-84700.0	100.0	SOPHIE
2459727.0	-84700.0	100.0	SOPHIE
2459736.0	-84700.0	100.0	SOPHIE
2459741.0	-84700.0	100.0	SOPHIE
2459745.0	-84700.0	100.0	SOPHIE
2459749.0	-84700.0	100.0	SOPHIE
2459753.0	-84700.0	100.0	SOPHIE
2459914.0	-53900.0	100.0	SOPHIE
2459918.0	-84700.0	100.0	SOPHIE
2459921.0	-84700.0	100.0	SOPHIE
2459925.0	-84700.0	100.0	SOPHIE
2459955.0	-84700.0	100.0	SOPHIE
2459956.0	-84700.0	100.0	SOPHIE
2459959.0	-84700.0	100.0	SOPHIE
2459972.0	-84700.0	100.0	SOPHIE
2459974.0	-84700.0	100.0	SOPHIE
2459975.0	-84700.0	100.0	SOPHIE
2459978.0	-84700.0	100.0	SOPHIE
2459983.0	-84700.0	100.0	SOPHIE
2459989.0	-84700.0	100.0	SOPHIE
2459990.0	-84700.0	100.0	SOPHIE
2460007.0	-84700.0	100.0	SOPHIE
2460013.0	-84700.0	100.0	SOPHIE
2460037.0	-52700.0	100.0	SOPHIE
2460042.0	-84700.0	100.0	SOPHIE
2460044.0	-84700.0	100.0	SOPHIE
2460045.0	-84700.0	100.0	SOPHIE
2460066.0	-84700.0	100.0	SOPHIE
2460069.0	-84700.0	100.0	SOPHIE
2460073.0	-84700.0	100.0	SOPHIE
2460087.0	-84700.0	100.0	SOPHIE
2460091.0	-84700.0	100.0	SOPHIE
2460096.0	-84700.0	100.0	SOPHIE
2460112.0	-84700.0	100.0	SOPHIE
2460113.0	-84700.0	100.0	SOPHIE
2460262.0	-84700.0	100.0	SOPHIE
2460270.0	-54600.0	100.0	SOPHIE
2460274.0	-84700.0	100.0	SOPHIE
2460277.0	-84700.0	100.0	SOPHIE
2460280.0	-84700.0	100.0	SOPHIE
2460285.0	-84700.0	100.0	SOPHIE
2460287.0	-84700.0	100.0	SOPHIE
2460288.0	-84700.0	100.0	SOPHIE
2460294.0	-84700.0	100.0	SOPHIE
2460297.0	-84700.0	100.0	SOPHIE
2460300.0	-84700.0	100.0	SOPHIE
2460312.0	-84700.0	100.0	SOPHIE
2460313.0	-84700.0	100.0	SOPHIE
2460316.0	-84700.0	100.0	SOPHIE
2460321.0	-84700.0	100.0	SOPHIE
2460324.0	-84700.0	100.0	SOPHIE
2460330.0	-84700.0	100.0	SOPHIE
2460334.0	-84700.0	100.0	SOPHIE
2460337.0	-84700.0	100.0	SOPHIE
2460339.0	-84700.0	100.0	SOPHIE
2460341.0	-84700.0	100.0	SOPHIE
2460351.0	-84700.0	100.0	SOPHIE
2460354.0	-84700.0	100.0	SOPHIE
2460356.0	-84700.0	100.0	SOPHIE
2460365.0	-84700.0	100.0	SOPHIE
2460369.0	-84700.0	100.0	SOPHIE
2460376.0	-84700.0	100.0	SOPHIE
2460383.0	-84700.0	100.0	SOPHIE
2460385.0	-84700.0	100.0	SOPHIE
2460388.0	-84700.0	100.0	SOPHIE
2460392.0	-84700.0	100.0	SOPHIE
2460397.0	-84700.0	100.0	SOPHIE
2460418.0	-84700.0	100.0	SOPHIE
2460421.0	-84700.0	100.0	SOPHIE
2460438.0	-84700.0	100.0	SOPHIE
2460441.0	-84700.0	100.0	SOPHIE
2460449.0	-84700.0	100.0	SOPHIE
2460452.0	-84700.0	100.0	SOPHIE
2460454.0	-84700.0	100.0	SOPHIE
2460457.0	-84700.0	100.0	SOPHIE
2460459.0	-84700.0	100.0	SOPHIE
2460464.0	-84700.0	100.0	SOPHIE
2460472.0	-84700.0	100.0	SOPHIE
2460474.0	-84700.0	100.0	SOPHIE
2460475.0	-84700.0	100.0	SOPHIE
2460477.0	-84700.0	100.0	SOPHIE
2460488.0	-84700.0	100.0	SOPHIE
2460490.0	-84700.0	100.0	SOPHIE
2460492.0	-84700.0	100.0	SOPHIE
4854594.398942	-84675.7659912109	3417.4612156102085	SOPHIE
4854951.4041670505	-84632.50604320575	3152.7841749323675	SOPHIE
4856405.46610999	-85024.3377685547	8519.51	SOPHIE
2446958.709	-10.21	16.81126	Hamilton
2447194.925	-1.48	24.197487	Hamilton
2447224.7499	-15.98	15.527620999999998	Hamilton
2447578.8053	-1.56	10.841738	Hamilton
2448019.7205	-10.33	10.362383	Hamilton
2448376.7367	-12.74	12.074192999999998	Hamilton
2448646.0892	-30.11	12.761474	Hamilton
2448648.9893	-19.46	11.653231	Hamilton
2448992.0724	-18.83	10.959923	Hamilton
2449173.6811	-10.73	11.177791	Hamilton
2449349.0787	-13.56	20.19961	Hamilton
2449349.924	-9.97	13.745576000000002	Hamilton
2449464.7538	-2.58	17.478392	Hamilton
2449469.7153	-21.16	9.579904999999998	Hamilton
2449769.9416	-3.58	6.046141	Hamilton
2449793.886719	-2.59	4.676541	Hamilton
2450088.981445	-6.1	5.083344	Hamilton
2450144.890625	-5.81	6.485150000000001	Hamilton
2450179.711914	-0.44	4.823196	Hamilton
2450180.726562	1.22	4.456698	Hamilton
2450181.75293	9.55	4.809534	Hamilton
2450422.0776711823	-5.711735888331651	3.5053091957615736	Hamilton
2450438.0200983332	-1.7027745144544553	3.451010584693805	Hamilton
2450442.046663724	4.6437412228074475	3.7070721910168722	Hamilton
2450502.8760332717	9.373699592352947	4.2582161676422805	Hamilton
2450504.884911906	0.7308797661308848	3.3910681663154802	Hamilton
2450610.7042316226	-3.764331141396259	3.14597734293875	Hamilton
2450614.717773	-12.23	6.240824	Hamilton
2450645.6905562617	2.824026158033785	3.9838548696571485	Hamilton
2450793.969727	-8.74	4.597290000000001	Hamilton
2451155.066406	-10.14	8.868004	Hamilton
2451242.853516	7.17	6.741475999999999	Hamilton
2451303.720703	-2.18	5.410375	Hamilton
2451536.985352	3.47	6.398344	Hamilton
2451540.054688	1.49	8.275922	Hamilton
2451914.060547	-1.56	6.733640000000001	Hamilton
2452299.9067443656	-2.3388540004448117	3.442771134333783	Hamilton
2452333.957031	9.39	6.074619	Hamilton
2452334.859375	7.45	13.673123	Hamilton
2452427.724644292	-10.130946883359533	4.545237340685149	Hamilton
2452429.745117	-3.15	5.173759	Hamilton
2452687.9682836337	4.349116550357923	3.916579783057552	Hamilton
2453010.058594	-4.68	5.0376270000000005	Hamilton
2453069.841797	0.44	5.491426	Hamilton
2453155.714844	-2.45	4.413745	Hamilton
2453389.937604	7.97	4.631279	Hamilton
2453390.957766	4.34	4.841044000000001	Hamilton
2453392.008519	0.31	4.449086	Hamilton
2453392.933947	8.84	4.455023999999999	Hamilton
2454100.077431	0.54	5.107876	Hamilton
2454104.035729	8.17	4.815998	Hamilton
2454134.94037	-10.12	4.771793	Hamilton
2454548.842778	1.37	5.006008	Hamilton
2454864.926343	-14.0	5.624241	Hamilton
2450602.911331	-4.95	0.714708	HIRES-pre
2450603.863264	-7.14	0.8242320000000001	HIRES-pre
2450604.797419	0.54	0.768716	HIRES-pre
2450605.759745	0.27	0.680085	HIRES-pre
2450606.765231	0.54	0.843466	HIRES-pre
2450609.784097	3.78	0.8147059999999999	HIRES-pre
2450787.1170953796	-2.322815208008037	0.6099856653028133	HIRES-pre
2450839.100243	0.55	0.8582630000000001	HIRES-pre
2451172.009097	0.15	0.8998259999999999	HIRES-pre
2451228.108588	-0.33	0.9127909999999999	HIRES-pre
2451310.801308	-0.33	0.827156	HIRES-pre
2451551.073067	-1.13	0.899957	HIRES-pre
2451583.02338	-2.35	0.870343	HIRES-pre
2451679.825903	-0.19	0.709194	HIRES-pre
2451702.834005	-0.92	0.783963	HIRES-pre
2451703.790567	7.06	0.755751	HIRES-pre
2451704.810856	3.51	0.91202	HIRES-pre
2451705.821215	1.67	0.819391	HIRES-pre
2451706.855544	0.72	0.892879	HIRES-pre
2451900.176655	0.85	0.760208	HIRES-pre
2451983.981782	-5.79	1.025439	HIRES-pre
2452098.738183	8.93	1.150601	HIRES-pre
2452100.738356	9.94	1.007936	HIRES-pre
2452333.995556	11.73	1.149006	HIRES-pre
2452603.16	6.69	1.010505	HIRES-pre
2452652.124201	11.79	1.103667	HIRES-pre
2452680.990243	3.23	1.086654	HIRES-pre
2452711.91265	6.11	1.016098	HIRES-pre
2452712.911146	2.11	1.08287	HIRES-pre
2453018.162674	8.11	1.005266	HIRES-pre
2453339.1332084704	-1.9333003882754145	0.620776226713286	HIRES-post
2453340.145433218	1.1576439737703936	0.6191594580684396	HIRES-post
2453369.056674394	-3.090890516691779	0.6202484803172555	HIRES-post
2453370.055303348	2.1681710467972453	0.7174431118041753	HIRES-post
2453398.063922204	-0.107132680065811	0.6225140246576903	HIRES-post
2453398.948524836	0.8831405501585965	0.657685360132701	HIRES-post
2453401.046961375	2.6908360475800612	0.710464333453663	HIRES-post
2453480.7781692613	3.404263717633458	0.5557160519156487	HIRES-post
2453546.7699093996	2.932254474034373	0.6613378193775405	HIRES-post
2453547.7487350856	5.011418115060472	0.6291539391785476	HIRES-post
2453548.7954181703	3.706697597643398	0.6274518276229422	HIRES-post
2453549.7834894257	2.073210108545145	0.6313342095739646	HIRES-post
2453550.8087362745	0.1897610101061612	0.6086158624985919	HIRES-post
2453551.8132074326	0.1302530730420656	0.6318624537445661	HIRES-post
2453570.773204183	4.450942524274302	0.6639639755677562	HIRES-post
2453575.7770702234	-7.653205380056594	0.9295381031612664	HIRES-post
2453576.7529356657	-2.404479603036805	0.611541496377424	HIRES-post
2453693.105323679	2.5957376935226626	0.4850601304217195	HIRES-post
2453694.1392378043	1.8176850431879843	0.45343523548024967	HIRES-post
2453695.1190264346	0.7256272998719726	0.5200075496855409	HIRES-post
2453696.0935050026	2.095381997642078	0.5147623920636236	HIRES-post
2453697.1225150577	0.2233679761338153	0.5607311061924597	HIRES-post
2453724.1560296593	2.637017876803939	0.6843836361719658	HIRES-post
2453725.0558479843	2.4751752893621104	0.7088031900393665	HIRES-post
2453747.059375	0.8	1.024322	HIRES-post
2453747.967326873	1.7885673162857225	0.6643341370553213	HIRES-post
2453748.929502	0.77	1.109627	HIRES-post
2453749.92162	0.5	1.028438	HIRES-post
2453750.931123	-1.98	1.024284	HIRES-post
2453753.0879575713	3.5739359136837634	0.6361667433552937	HIRES-post
2453754.0532779573	2.551320113283067	0.6636142609433238	HIRES-post
2453776.060941428	-1.1369209938443305	0.669109002171592	HIRES-post
2453806.843329883	3.1170411384115875	0.7103228422882514	HIRES-post
2454246.862287355	-1.6247035871064812	0.6502338614196501	HIRES-post
2454247.831759	-3.03	0.964591	HIRES-post
2454248.933021	-1.57	0.8877179999999999	HIRES-post
2454249.794387	-2.7	0.9828709999999999	HIRES-post
2454250.831389	-3.06	0.920647	HIRES-post
2454251.884931	-1.82	0.953955	HIRES-post
2454255.8608415	0.9762547218885123	0.593684260923184	HIRES-post
2454277.807245	-3.01	0.961535	HIRES-post
2454278.82735	-2.7	0.9440699999999999	HIRES-post
2454279.818704	-1.45	0.864497	HIRES-post
2454285.845451	-4.83	1.110464	HIRES-post
2454294.78088	-0.24	0.9476670000000001	HIRES-post
2454300.751458	0.74	0.91353	HIRES-post
2454304.7725	-3.16	1.098168	HIRES-post
2454305.7706013704	-3.8326931018330477	0.7217065713401146	HIRES-post
2454306.77662	-2.83	0.988343	HIRES-post
2454307.7536229054	-1.090447852009513	0.700673813298032	HIRES-post
2454308.7557903454	-0.03655297439031173	0.6938827116597344	HIRES-post
2454309.751007	-1.3	1.02279	HIRES-post
2454310.7477666195	0.42975065869456747	0.6801336913562162	HIRES-post
2454311.747303	0.61	0.981521	HIRES-post
2454312.744838	2.55	0.9504240000000002	HIRES-post
2454313.747153	-1.34	1.129809	HIRES-post
2454314.756019	-5.6	1.071496	HIRES-post
2454318.750625	1.77	0.93354	HIRES-post
2454455.100364285	-0.4567976864338975	0.7363797594355672	HIRES-post
2454456.1408218415	-1.2924501409769487	0.7537156388259508	HIRES-post
2454458.1624685805	-5.160236188952288	0.8423379900415948	HIRES-post
2454461.118368	-5.6	1.065066	HIRES-post
2454461.964028	-2.94	1.149632	HIRES-post
2454493.016759	-0.64	0.9218480000000001	HIRES-post
2454548.01081	0.83	0.910737	HIRES-post
2454548.938333	-3.55	0.901365	HIRES-post
2454633.806447	-1.92	0.922102	HIRES-post
2454639.757593	-4.4	0.911178	HIRES-post
2454640.769444	-2.47	0.903134	HIRES-post
2454641.820729	-0.71	0.9538800000000001	HIRES-post
2454643.796298885	1.353815403856018	0.5537289782266167	HIRES-post
2454778.15581	-1.43	0.9288139999999999	HIRES-post
2454779.092989308	-5.782725798364353	0.6183676306934105	HIRES-post
2454780.1292212415	-4.0612475582239815	0.6009127058925814	HIRES-post
2454808.163796	2.79	1.074135	HIRES-post
2454809.131215	1.82	1.103222	HIRES-post
2454810.027998	2.88	1.111435	HIRES-post
2454839.080382	0.0	1.116183	HIRES-post
2454865.107389	1.14	0.9080469999999999	HIRES-post
2454985.869533	0.68	0.9903159999999999	HIRES-post
2455016.800638	-4.28	0.939276	HIRES-post
2455198.037080245	0.5275066890909752	0.6366938287812752	HIRES-post
2455311.7972029364	-8.397451664738563	0.6202290490543644	HIRES-post
2455312.8626212412	-8.625062521785317	0.4954502349149831	HIRES-post
2455313.7617816334	-5.5886980097783185	0.4986970013421531	HIRES-post
2455314.7917635757	-7.95813884259656	0.5686100683387929	HIRES-post
2455319.883423159	-2.186508774647038	0.5383939532512795	HIRES-post
2455339.828891	-5.46	1.008375	HIRES-post
2455342.8820941444	-2.3454146237232263	0.5633327591057364	HIRES-post
2455522.1185407112	-0.22351990106331387	0.5282236205236092	HIRES-post
2455635.03064	-2.95	1.013033	HIRES-post
2455671.919221	-0.24	1.028032	HIRES-post
2455722.765012	-0.82	0.945807	HIRES-post
2455728.795115158	-4.56222214533241	0.36149994641147937	HIRES-post
2455731.756922	-1.12	1.005684	HIRES-post
2455733.7439159537	-4.7725877172685855	0.5693123082840255	HIRES-post
2455734.7910424005	-4.54714824740393	0.5324641959156247	HIRES-post
2455749.782838	-2.35	1.043256	HIRES-post
2455912.094522436	5.5960059962788185	0.6350506258313583	HIRES-post
2456018.8489744468	-0.5092716491450312	0.6148015686386982	HIRES-post
2456024.9144755355	2.920483137725485	0.6394038862643632	HIRES-post
2456144.731171438	1.957036619093786	0.6661627529237677	HIRES-post
2456145.730393	0.83	1.13389	HIRES-post
2456446.777773	1.65	0.936891	HIRES-post
2456448.808572	-0.89	0.9641099999999999	HIRES-post
2456449.793882	-0.09	0.929166	HIRES-post
2456450.807442	0.05	0.868232	HIRES-post
2456451.80377	0.7	0.945943	HIRES-post
2456472.749517	0.19	0.9795209999999999	HIRES-post
2456473.749435	-0.99	0.9068139999999999	HIRES-post
2456474.735061	-2.98	0.8725910000000001	HIRES-post
2456475.741762	-4.25	0.957659	HIRES-post
2456476.74203	-0.45	0.9532810000000002	HIRES-post
2456477.742623	-3.62	0.956934	HIRES-post
2456478.741134	-0.66	1.081854	HIRES-post
2456482.743276	3.24	0.9753280000000001	HIRES-post
2456483.740773	3.44	1.017902	HIRES-post
2456484.740308	1.45	0.9421659999999998	HIRES-post
2456485.736592	1.61	0.917079	HIRES-post
2456486.73694	-0.08	0.931608	HIRES-post
2456487.737138	-0.69	0.939983	HIRES-post
2456488.733309	-1.41	0.95379	HIRES-post
2456489.746541	-2.13	0.9603570000000001	HIRES-post
2456494.739992	4.21	1.4217449999999998	HIRES-post
2456506.724881	-1.38	1.054642	HIRES-post
2456512.72653	0.45	1.156753	HIRES-post
2456513.731761	-3.63	1.143176	HIRES-post
2456614.155137	-2.47	0.9824799999999999	HIRES-post
2456615.158096	-0.35	0.8723319999999999	HIRES-post
2456674.9366333326	-3.8417766187518496	0.6531276279380887	HIRES-post
2456676.1619199063	6.700035211158352	0.6212610961474179	HIRES-post
2456708.8916354943	-2.0895618566820833	0.5889686542098151	HIRES-post
2456826.7380289845	-5.643939198548223	0.5193765956832527	HIRES-post
2456827.743280232	-6.419516923339925	0.5280055453057362	HIRES-post
2456828.7403204977	-6.158284906068472	0.5871895244420211	HIRES-post
2456844.7365072593	0.09270753999815218	0.9158828886654204	HIRES-post
2456855.7351570446	3.2996364786070917	0.5394669136218141	HIRES-post
2457201.748620987	-0.7651191279388128	0.5324978964959429	HIRES-post
2457209.7469586534	-1.0330399692011787	0.5691444243665322	HIRES-post
2457213.7455799207	-1.5725487492869703	0.603935650657001	HIRES-post
2457216.749817225	-1.0007269810506798	0.5627063031710922	HIRES-post
2457586.7338616434	2.0045202364725303	0.5333154825932461	HIRES-post
2457718.16485932	-4.36919952851408	0.5147242243522456	HIRES-post
2458439.121814	-0.39	1.7130130000000001	HIRES-post
2458491.1861488386	-1.4506324357246911	0.4775237522324776	HIRES-post
2458491.957536891	-1.9531450117701548	0.6014332874372627	HIRES-post
2458508.9951459803	-2.5083427011376163	0.5961976341272457	HIRES-post
2458510.0736564016	-2.6172853561406537	0.6088260836668916	HIRES-post
2458532.9609794784	-3.3410095168885627	0.5658934053974884	HIRES-post
2458559.91534362	-3.9726907073568465	0.5940566926061109	HIRES-post
2458568.8091176483	-2.9309880886552824	0.5782761139198085	HIRES-post
2458569.8169508353	0.4713168952185006	0.5674910697581035	HIRES-post
2458584.922206672	-0.9509313340311861	0.8250073613064236	HIRES-post
2458610.927223811	-4.967916684682071	0.7370744492211656	HIRES-post
2458615.9216425535	-1.2253164594160655	0.571127839763754	HIRES-post
2458796.1599124544	-1.269041348239996	0.6021570439548378	HIRES-post
2458919.041105	-3.17	1.052657	HIRES-post
2456505.689186	1.69	1.6645399999999997	APF
2456506.673181	2.42	1.5822560000000003	APF
2456735.937338	2.36	2.2898499999999995	APF
2456740.8767812927	6.78170142119071	1.7180636644073053	APF
2456761.71314	3.13	2.300948	APF
2456938.045339898	2.763729522073582	1.2842963112384167	APF
2456942.039675297	0.7816045548571815	1.2422195530270856	APF
2456971.010226116	0.8957007915235624	1.3125626534771877	APF
2456972.9215882495	2.5923202504339353	1.2821745007387635	APF
2456988.978486157	1.218041465178307	1.332076630438879	APF
2457016.0607090984	2.605188485187564	1.3037504795725245	APF
2457027.056723	3.11	2.103833	APF
2457029.0136048533	-2.644847058270489	1.4192676699794669	APF
2457035.0395220113	-2.7017160738351835	1.2893521840524091	APF
2457054.9004608216	0.011977951766532213	1.2489536433628852	APF
2457123.798051	2.47	1.478051	APF
2457125.775675	2.77	1.7110029999999998	APF
2457140.766748	-1.56	1.672873	APF
2457142.728965	-3.29	1.716287	APF
2457143.690531	0.81	1.703412	APF
2457145.747632	-0.47	1.6158179999999998	APF
2457165.69917	-1.1	1.727786	APF
2457168.747007	2.98	1.484009	APF
2457170.698944	1.2	1.494268	APF
2457176.705412723	0.800033270968436	1.246232855747054	APF
2457178.68049	-0.09	2.370189	APF
2457179.727579632	3.3066816075299865	1.3301242213950588	APF
2457185.687737	2.78	1.7799060000000002	APF
2457187.706599	-0.86	1.6990839999999998	APF
2457188.689297	-2.53	1.421746	APF
2457189.696565	-1.8	1.695689	APF
2457191.691557	-0.99	1.68577	APF
2457193.682752437	-0.47098302231293576	1.8561767806798255	APF
2457195.689277	0.07	1.713304	APF
2457196.711468	0.32	1.8669560000000003	APF
2457202.7130985563	0.4766961125740101	1.8488397945672363	APF
2457204.690273	1.39	1.738363	APF
2457207.688888	1.16	1.633753	APF
2457208.70794	2.01	2.116619	APF
2457211.714323829	-0.19071846052684627	1.8937305552181076	APF
2457215.686324	-1.52	1.896485	APF
2457217.714309	-1.95	2.00296	APF
2457218.683734	3.04	1.792294	APF
2457220.682599718	-0.20813237115342953	1.4814558147447086	APF
2457222.682688	0.68	2.172248	APF
2457224.70371	-2.79	2.1057	APF
2457226.678825	-3.82	1.804558	APF
2457227.677182	-2.06	1.8909610000000001	APF
2457229.699907	-2.04	2.059495	APF
2457232.675817	2.36	1.8957139999999997	APF
2457233.696809	-1.26	2.188264	APF
2457235.6761829755	-3.344796554670104	1.7943377400022242	APF
2457238.674038	-3.02	2.123373	APF
2457318.977472	-5.01	2.189596	APF
2457321.964403	0.32	1.99286	APF
2457325.973864	-4.04	2.380862	APF
2457330.960049	-8.8	2.325013	APF
2457332.942751	-3.96	2.116512	APF
2457334.905152	-3.1	1.850717	APF
2457340.894133	-3.5	1.6618159999999997	APF
2457347.884983	1.68	2.071278	APF
2457348.862883	-1.72	2.092385	APF
2457350.879626	2.19	2.46198	APF
2457354.8579883613	0.980395722597285	1.7900923468809724	APF
2457356.863828	-0.71	2.316696	APF
2457408.0579503234	-0.4436428647758518	1.2925756142862292	APF
2457413.932991502	3.8045115804734713	1.7771937226480572	APF
2457415.835416	1.7	1.7394010000000002	APF
2457424.936544	-0.31	1.743241	APF
2457426.950051	-3.21	1.758916	APF
2457429.960073	-2.41	1.516556	APF
2457432.957756	-2.06	1.981238	APF
2457439.924608	-3.67	1.818199	APF
2457441.848661	-4.8220914150699485	2.069289387315819	APF
2457443.878119	-3.47	1.549738	APF
2457446.876454	-4.37	1.603031	APF
2457449.912727	-0.53	1.7058009999999997	APF
2457465.852071	2.66	1.476348	APF
2457466.845308	0.77	1.4989469999999998	APF
2457471.794424608	-1.1810036941730424	1.3879028036073457	APF
2457473.7845088956	1.1927410982637878	1.483682647944434	APF
2457478.7548782597	-0.31927096571502167	1.8199591849932193	APF
2457480.771599	-0.69	1.4790959999999997	APF
2457482.756682748	-0.5456274917489415	1.3874471965173456	APF
2457483.647197491	-4.970496480756958	1.841471126649771	APF
2457495.695826	0.8	1.5033509999999999	APF
2457498.7467875984	-7.552075455085519	1.8641250360857622	APF
2457505.693071	1.43	2.666598	APF
2457507.707922	-0.69	2.055681	APF
2457524.742318534	-1.2907013331959023	1.8101128791066865	APF
2457525.673241	0.86	1.7629040000000002	APF
2457537.67582	2.02	1.488682	APF
2457549.726483	-2.76	1.979991	APF
2457558.706602884	-1.115922593462872	1.9260668123762588	APF
2457560.706483	-2.63	1.943448	APF
2457564.770158	-1.34	1.8076539999999999	APF
2457566.716521	2.01	2.202554	APF
2457569.688485	0.56	1.6269170000000002	APF
2457570.754152	1.26	2.05087	APF
2457571.715533	-0.21	1.8895550000000003	APF
2457573.689995	3.38	1.9641380000000002	APF
2457576.70865354	0.7664318438485105	1.9258673640755288	APF
2457581.695713	3.1	1.835002	APF
2457584.6836	4.81	2.054719	APF
2457586.68259255	1.673417328504384	1.9613331467613018	APF
2457587.684066	-2.26	1.820991	APF
2457588.680289	1.23	1.675988	APF
2457591.684728	0.32	1.706121	APF
2457669.044339	-1.12	1.937348	APF
2457684.987078	-2.57	2.088175	APF
2457687.966081	-2.13	2.098846	APF
2457696.949266	-2.76	1.902779	APF
2457700.972155	-3.44	1.543679	APF
2457701.912907	-1.84	2.165532	APF
2457702.903247	-3.36	2.151473	APF
2457703.931195	-6.03	1.8453290000000002	APF
2457705.892397	-4.67	1.891388	APF
2457717.910629	-5.95	1.84252	APF
2457742.048035	-4.16	1.752818	APF
2457744.058855	-0.66	2.1783200000000003	APF
2457750.107943	-0.52	1.867083	APF
2457752.030526	-1.64	1.7161399999999998	APF
2457780.928145253	-3.6053050753959694	1.7847433238727275	APF
2457783.884126154	-4.1337884220328425	1.1607768261143134	APF
2457796.89569	-3.25	2.9951169999999996	APF
2457814.95494	1.94	1.7476710000000002	APF
2457815.883469	-0.51	1.8005070000000003	APF
2457821.85202	-4.15	1.904046	APF
2457823.7795894397	-3.4764558919936337	1.724969248662364	APF
2457824.838388	-3.55	1.8807970000000003	APF
2457838.8070438523	-4.856033558301942	1.880835765799363	APF
2457845.794934	-3.27	1.7813590000000001	APF
2457847.7317425404	-4.2558097673636395	1.7620668798871408	APF
2457858.655384238	-2.532432268236185	1.93811190279834	APF
2457865.651708	-0.45	1.8120160000000003	APF
2457871.686288	-2.15	2.595717	APF
2457872.682871309	-2.39219657560988	1.7186529367600887	APF
2457873.6816372937	-3.926378218081286	1.6557163102568995	APF
2457875.6893402445	-4.550532363137254	1.6456552100346853	APF
2457877.731805	-3.1	1.602929	APF
2457882.674097877	-2.60947243002533	1.3940810975841396	APF
2457891.6863365294	-1.4357515081928587	1.7935970251532076	APF
2457893.674993	0.15	1.6497589999999998	APF
2457894.677371	-2.3	1.335298	APF
2457896.699765	-1.36	1.8349779999999998	APF
2457897.694528	-3.5	1.8533199999999999	APF
2457901.697026	-3.56	1.7057279999999997	APF
2457903.6824867846	0.43638151770300415	1.7586920328945337	APF
2457907.6835626503	-4.876951408214963	1.668992366481865	APF
2457909.6829454163	-0.8109010508721849	1.6602950072718268	APF
2457911.684873	-6.85	1.812798	APF
2457917.704768422	-1.7501495815062813	1.7752209581626524	APF
2457922.687942	-4.71	1.9371710000000002	APF
2457927.711453926	-3.078251055017077	1.8586581649999396	APF
2457930.712239259	-4.144437398993289	1.8044526160830705	APF
2457931.707361	0.13	1.951318	APF
2457933.68951841	0.915934982980332	1.3436130473562506	APF
2457937.691306	-2.63	1.769233	APF
2457940.691525	0.52	2.143144	APF
2457941.6855496755	-0.4375830353838879	1.9345562458039254	APF
2457948.7006618083	-1.779122107150659	1.3287401583911929	APF
2457951.686925886	-4.440056380967844	1.900918906913129	APF
2457953.692802	-4.27	1.83857	APF
2457954.699268	-2.63	1.880534	APF
2457961.675472	-1.9	2.156245	APF
2457962.677099	-5.24	2.046031	APF
2458032.04321	-1.49	1.996888	APF
2458037.990634	-2.52	2.058492	APF
2458040.007966	-2.08	2.100865	APF
2458051.978033	-1.29	1.9501610000000003	APF
2458052.955204	-0.57	2.30471	APF
2458053.954275	-5.01	2.165556	APF
2458087.872102	-2.06	1.7800620000000003	APF
2458089.064175	-0.93	1.932849	APF
2458107.064474	-5.17	1.8376490000000003	APF
2458109.978827	-5.49	2.491427	APF
2458114.049013	-3.76	2.05006	APF
2458115.9532575896	-5.282706106224323	1.3108240360224357	APF
2458118.043486	-4.08	1.676222	APF
2458120.036995	-4.61	1.861411	APF
2458129.989723	-1.61	1.935464	APF
2458131.940500605	-3.5139101297849153	1.3405322073234287	APF
2458150.817052	-2.52	1.7177489999999997	APF
2458152.926513	-1.86	1.958166	APF
2458156.85989823	-8.663496903885363	1.6319242693967106	APF
2458162.8642194355	-4.693953450709721	1.6806420894501182	APF
2458165.857309254	-4.089742793245357	1.8535401663235258	APF
2458166.884501	-1.76	1.760298	APF
2458196.802841656	-6.354756496117075	1.9159811574661765	APF
2458204.7569257887	-3.2147874904515983	2.02785010362199	APF
2458207.725554	-4.7	1.845403	APF
2458210.760159	-3.64	1.815155	APF
2458222.932595	-0.49	1.543562	APF
2458228.6757859522	0.692936139218856	0.9570409671617526	APF
2458230.664967	2.05	1.513148	APF
2458233.6750898873	1.5916373746010755	1.3420908619075416	APF
2458240.7216953817	1.0222407472465869	1.7579170865059488	APF
2458241.8609748846	0.2564102554206982	1.7538167914794311	APF
2458256.690934836	-0.33919994316188806	1.7041575855457025	APF
2458261.679152	-5.47	1.790432	APF
2458273.728306	-1.55	1.731371	APF
2458275.702941	-3.79	1.407566	APF
2458283.734819	0.21	1.9071600000000002	APF
2458285.692936	-2.75	1.734939	APF
2458288.703999964	-4.574781614283596	1.4188445147635227	APF
2458289.688627	-4.63	1.915321	APF
2458291.6913162693	-3.668153179769865	1.9225673297428072	APF
2458294.719973011	0.2343401582036495	1.8888467804151627	APF
2458299.715176887	-1.3403924656249193	1.7892213694707597	APF
2458304.693539	0.49	2.007611	APF
2458307.703867	1.81	1.8421540000000003	APF
2458308.705529	0.65	1.9729350000000003	APF
2458311.704805	-3.62	2.068158	APF
2458314.699276	-4.14	1.9257179999999998	APF
2458318.684574	-3.11	2.212864	APF
2458320.70047	-3.51	2.094733	APF
2458321.694566	1.41	1.857773	APF
2458326.675725	-5.44	2.7168340000000004	APF
2458405.988327	-1.82	2.203719	APF
2458414.987016	-4.39	2.200192	APF
2458419.053858	-5.92	1.8672430000000002	APF
2458420.032812	-4.61	1.7642250000000002	APF
2458428.035853	-3.19	2.205577	APF
2458476.079957	4.09	2.418695	APF
2458487.990455	0.34	1.9014589999999998	APF
2458508.876616	-1.57	1.919936	APF
2458512.92411	1.34	2.6699320000000006	APF
2458557.929699	-3.89	1.561574	APF
2458574.792737	-4.03	1.632459	APF
2458606.7930733543	-1.8398666309766936	0.7003491453034367	APF
2458607.814254561	-2.2797153345727974	1.1703708051553618	APF
2458617.710241	0.94	2.54897	APF
2458805.0376871866	-4.562641030992187	0.9729210713151499	APF
2458955.8026507413	-0.46053239788142686	0.9806439840036437	APF
