mnvel	errvel	time	tel
-84677.3147583008	1.00054	2455328.33587105	SOPHIE
-84622.802734375	0.852384	2458263.36371723	SOPHIE
-84640.5181884766	1.01477	2458263.47925115	SOPHIE
-84616.7678833008	0.907817	2458557.53150792	SOPHIE
-84638.2751464844	0.9186650000000001	2455906.68395655	SOPHIE
-84645.2484130859	1.4534	2454880.51981766	SOPHIE
-84638.9617919922	1.4158300000000001	2455934.68552144	SOPHIE
-84621.0403442383	0.7264619999999999	2458181.49608874	SOPHIE
-84616.3635253906	1.10059	2458586.37721102	SOPHIE
-84613.0065917969	1.18747	2458586.45176622	SOPHIE
-84618.5531616211	0.9163	2458559.47624706	SOPHIE
-84633.2778930664	1.1653799999999999	2458258.46526634	SOPHIE
-84622.7111816406	1.00742	2458828.6257052	SOPHIE
-84624.3209838867	1.0348	2458236.39719966	SOPHIE
-84623.2070922852	1.34619	2458241.5068003	SOPHIE
-84626.9302368164	1.2808400000000002	2458235.46266667	SOPHIE
-84633.171081543	0.847397	2456298.66854185	SOPHIE
-84615.1428222656	0.77128	2458499.58467769	SOPHIE
-84616.2414550781	0.743989	2458590.40297645	SOPHIE
-84620.5062866211	1.33927	2458587.41708323	SOPHIE
-84619.5526123047	1.3081200000000002	2458587.35376575	SOPHIE
-84619.0032958984	1.0169599999999999	2458490.68940487	SOPHIE
-84615.5090332031	1.55249	2458489.64138534	SOPHIE
-84617.6452636719	1.4838200000000001	2458489.71632081	SOPHIE
-84615.4937744141	0.8210379999999999	2458604.39624355	SOPHIE
-84617.4545288086	0.9183779999999999	2458603.41185502	SOPHIE
-84618.2022094727	1.17855	2458602.34178985	SOPHIE
-84653.0532836914	1.0632199999999998	2454886.4674381	SOPHIE
-84618.9498901367	1.47561	2458601.49534061	SOPHIE
-84617.49267578119	0.958931	2458601.38504838	SOPHIE
-84620.3689575195	1.21244	2458600.47126592	SOPHIE
-84629.3182373047	4.17565	2458496.65495422	SOPHIE
-84619.6212768555	1.4295200000000001	2458911.65592578	SOPHIE
-84616.1575317383	1.6454900000000001	2458911.4773868	SOPHIE
-84622.0245361328	1.1885999999999999	2458907.53938963	SOPHIE
-84651.0391235352	0.931793	2454954.39878497	SOPHIE
-84618.0877685547	1.48223	2458591.51293246	SOPHIE
-84629.4631958008	1.1477600000000001	2456029.45642695	SOPHIE
-84636.23046875	1.1681000000000001	2456318.62299906	SOPHIE
-85025.7110595703	1.31593	2454502.58622556	SOPHIE
-84678.581237793	0.762987	2455662.4811563	SOPHIE
-84612.8768920898	0.8910800000000001	2458473.72853086	SOPHIE
-84615.9286499023	1.2357500000000001	2458475.69167225	SOPHIE
-84618.2174682617	1.01944	2458556.49171361	SOPHIE
-84618.9041137695	1.09863	2458856.62911503	SOPHIE
-84636.7416381836	1.59181	2458666.36891294	SOPHIE
-84612.7853393555	0.71738	2458457.73587294	SOPHIE
-84624.1455078125	0.7473850000000001	2458186.48888547	SOPHIE
-84623.1155395508	1.22847	2458900.65499262	SOPHIE
-84616.943359375	1.0571700000000002	2458900.48167052	SOPHIE
-84621.09375	2.23632	2458897.59603296	SOPHIE
-84617.8283691406	1.36979	2458498.63499629	SOPHIE
-84675.7659912109	4833.02	4854594.398942	SOPHIE
-84675.7659912109	4833.02	4854594.398942	SOPHIE
-85051.4450073242	1.79312	2454594.398942	SOPHIE
-84616.9128417969	0.870034	2458888.53389598	SOPHIE
-84618.1335449219	1.6706500000000002	2458450.64324167	SOPHIE
-84618.8125610352	0.877784	2458607.39073352	SOPHIE
-84619.743347168	1.0629199999999999	2458606.41562826	SOPHIE
-84618.6676025391	0.917624	2458605.38845496	SOPHIE
-84621.39892578119	1.47577	2458907.42440222	SOPHIE
-84615.7608032227	1.33628	2458906.5703813	SOPHIE
-84633.5601806641	1.16138	2458255.47900931	SOPHIE
-84623.47412109381	1.73652	2458255.37102098	SOPHIE
-84626.8081665039	1.32267	2458254.46152788	SOPHIE
-84643.798828125	1.69249	2455917.70658119	SOPHIE
-84622.200012207	0.937473	2458532.61712045	SOPHIE
-84618.1259155273	0.803829	2458639.37590428	SOPHIE
-84648.2696533203	0.998472	2455615.50284532	SOPHIE
-84612.1444702148	1.51187	2458647.3988889	SOPHIE
-84618.522644043	0.898455	2458448.67355192	SOPHIE
-84627.9983520508	0.676695	2456251.6632772	SOPHIE
-84639.6560668945	1.5697	2456437.34466176	SOPHIE
-84616.4474487305	0.791809	2458270.4100159	SOPHIE
-84616.6610717773	0.723522	2458528.56930525	SOPHIE
-84612.4725341797	0.852892	2458527.62064699	SOPHIE
-84639.95361328119	1.3461	2455990.41014433	SOPHIE
-84623.2528686523	1.3492899999999999	2458216.46490376	SOPHIE
-84660.530090332	0.930685	2455627.68103385	SOPHIE
-84622.6272583008	1.33968	2458923.33425865	SOPHIE
-84618.0801391602	1.15143	2458923.50333881	SOPHIE
-84612.79296875	1.2064599999999999	2458451.67104165	SOPHIE
-84620.2239990234	1.24732	2458449.64955344	SOPHIE
-84633.171081543	1.20626	2456327.6322687	SOPHIE
-84619.7967529297	1.00538	2458879.69571642	SOPHIE
-84622.5891113281	1.07641	2458881.6281167	SOPHIE
-84635.7192993164	1.46794	2455963.64796071	SOPHIE
-84616.6458129883	1.08118	2458853.57809406	SOPHIE
-84620.5139160156	1.09527	2458593.46085895	SOPHIE
-84635.3378295898	1.9647599999999998	2456047.45408389	SOPHIE
-84639.4729614258	1.09168	2456344.59795248	SOPHIE
-84618.6904907227	1.0789	2458467.70353575	SOPHIE
-84616.3864135742	1.26657	2458460.70732489	SOPHIE
-84619.2169189453	1.04511	2458534.66030103	SOPHIE
-84618.049621582	0.90164	2458535.58135635	SOPHIE
-84617.7749633789	2.09247	2458834.66739502	SOPHIE
-84635.9939575195	1.0260099999999999	2458660.3665764	SOPHIE
-84628.8986206055	1.12737	2458658.36331182	SOPHIE
-84677.7801513672	1.04966	2454595.37524841	SOPHIE
-84630.7220458984	1.1921499999999998	2458661.36538018	SOPHIE
-84635.4064941406	1.05386	2458663.36476082	SOPHIE
-84633.2321166992	1.57704	2458664.36481693	SOPHIE
-84635.2081298828	1.75767	2458662.36435834	SOPHIE
-84629.1427612305	1.20075	2458659.36218353	SOPHIE
-84618.8659667969	1.50112	2458486.65948368	SOPHIE
-84622.1237182617	1.19567	2458546.53556316	SOPHIE
-84621.2463378906	1.1931100000000001	2458544.53287086	SOPHIE
-53739.3455505371	128.366	2458543.6011918	SOPHIE
-84625.5111694336	2.32195	2458905.36467146	SOPHIE
-84616.6305541992	0.9535830000000001	2458904.55975641	SOPHIE
-84618.4234619141	0.872386	2458904.62736028	SOPHIE
-84618.1564331055	1.30634	2458905.48114072	SOPHIE
-84623.4436035156	2.06195	2458906.41006996	SOPHIE
-84658.0657958984	1.49267	2454904.43378996	SOPHIE
-84631.0577392578	0.857926	2456072.38310771	SOPHIE
-84640.2893066406	2.01673	2454911.49345656	SOPHIE
-84661.1251831055	0.8386659999999999	2454927.53377541	SOPHIE
-84616.2490844727	1.23025	2458553.46115005	SOPHIE
-84620.0637817383	0.908626	2458551.58686694	SOPHIE
-84617.9885864258	1.08469	2458552.46946186	SOPHIE
-84618.766784668	1.0012	2458550.45010964	SOPHIE
-85044.2276000977	6917.16	4854951.4041670505	SOPHIE
-84524.543762207	3542.11	4854951.4041670505	SOPHIE
-84638.5803222656	1.08826	2456372.53271458	SOPHIE
-84615.7913208008	1.05529	2458877.6643256	SOPHIE
-84615.0970458984	0.825983	2458470.69482497	SOPHIE
-84637.20703125	1.05886	2456314.56576631	SOPHIE
-84656.73828125	1.1477600000000001	2455619.4886833	SOPHIE
-84638.8244628906	0.883264	2455879.70679237	SOPHIE
-84622.3373413086	1.4379	2458919.35697998	SOPHIE
-84634.4680786133	1.16097	2456319.63427693	SOPHIE
-84618.6828613281	1.01009	2458861.58845601	SOPHIE
-84618.7286376953	0.8835	2458860.58020255	SOPHIE
-84620.1019287109	1.03842	2458859.59639381	SOPHIE
-84615.5700683594	0.887104	2458825.66307658	SOPHIE
-84616.3864135742	1.29428	2458903.60002598	SOPHIE
-84617.4697875977	0.8915270000000001	2458903.42801254	SOPHIE
-84612.1063232422	1.09887	2458647.37832346	SOPHIE
-84659.1033935547	27.2212	2458873.66816097	SOPHIE
-84622.5128173828	0.8301740000000001	2458262.3498356	SOPHIE
-84620.4376220703	1.09763	2458501.68940641	SOPHIE
-84619.1024780273	1.09466	2458563.55349146	SOPHIE
-84626.2741088867	1.18887	2458264.36224144	SOPHIE
-84621.4370727539	0.8742300000000001	2458271.39104254	SOPHIE
-84632.9803466797	0.970671	2458272.42028287	SOPHIE
-84615.3030395508	1.13344	2458891.6005258	SOPHIE
-84637.7487182617	1.70059	2455968.52946387	SOPHIE
-84620.5596923828	0.963502	2458265.35118321	SOPHIE
-84664.2303466797	0.819343	2455579.635423	SOPHIE
-84618.3166503906	1.39951	2458619.42807214	SOPHIE
-84645.1644897461	2.2180400000000002	2454870.49803089	SOPHIE
-84620.30029296881	1.37992	2458620.41716494	SOPHIE
-84633.2321166992	1.36006	2458642.4281685	SOPHIE
-84625.7705688477	1.34677	2458642.37444618	SOPHIE
-84623.2604980469	1.48736	2458884.60352596	SOPHIE
-84616.51611328119	1.12436	2458885.54789051	SOPHIE
-84676.5213012695	0.6664289999999999	2455269.49523383	SOPHIE
-84626.3732910156	1.16382	2458245.4751061	SOPHIE
-84618.049621582	0.862797	2458887.52573796	SOPHIE
-84619.270324707	1.66688	2458887.571526	SOPHIE
-84659.4696044922	0.881083	2455563.62391732	SOPHIE
-84634.6435546875	0.898818	2455979.56031365	SOPHIE
-84634.5977783203	0.716762	2456354.52835687	SOPHIE
-84620.8572387695	1.9879899999999997	2458919.54823645	SOPHIE
-84632.8353881836	1.2063	2455865.67782437	SOPHIE
-84632.5378417969	1.05721	2456416.41903675	SOPHIE
-84627.9754638672	0.9027590000000001	2458657.3682947	SOPHIE
-84617.2561645508	1.09842	2458864.54230243	SOPHIE
-84657.1502685547	0.9365410000000001	2455584.67185626	SOPHIE
-84615.2572631836	1.14547	2458526.61240309	SOPHIE
-84613.3728027344	1.07015	2458472.64478656	SOPHIE
-84621.1395263672	0.924579	2458258.35119061	SOPHIE
-84619.499206543	0.899143	2458533.64967224	SOPHIE
-84617.1112060547	0.744271	2458535.45011771	SOPHIE
-84628.2119750977	1.24754	2458535.36171477	SOPHIE
-84619.0719604492	1.17268	2458882.58634001	SOPHIE
-84617.0196533203	0.916164	2458534.52046264	SOPHIE
-84630.1956176758	1.09859	2458534.37371447	SOPHIE
-84621.2844848633	0.91267	2458533.54488009	SOPHIE
-84622.7722167969	2.04596	2458488.53049006	SOPHIE
-84616.0125732422	1.42447	2458488.71083773	SOPHIE
-84635.2615356445	1.04423	2458275.40797928	SOPHIE
-84623.2147216797	1.21517	2456042.4306038	SOPHIE
-85024.3377685547	8519.51	4856405.46610999	SOPHIE
-84636.8942260742	0.8798779999999999	2456405.46610999	SOPHIE
-84617.9656982422	0.722938	2458531.61209037	SOPHIE
-84618.0725097656	0.795244	2458530.58599372	SOPHIE
-84626.8997192383	1.00738	2458654.36702182	SOPHIE
-84631.5383911133	0.882751	2458653.3755256	SOPHIE
-84615.3030395508	0.943474	2458529.62525495	SOPHIE
-55602.4322509766	249.978	2458641.39904249	SOPHIE
-84636.6424560547	0.865232	2456419.43899381	SOPHIE
-84629.280090332	0.8688450000000001	2456016.45652173	SOPHIE
-84616.6076660156	1.3155599999999998	2458893.60291556	SOPHIE
-84631.7138671875	1.0518100000000001	2456382.39345377	SOPHIE
-84634.8419189453	4.77983	2458243.47229825	SOPHIE
-84635.8795166016	0.828028	2456349.49941823	SOPHIE
-84639.46533203119	1.45163	2455929.62107756	SOPHIE
-84619.8425292969	0.839172	2458644.3753315	SOPHIE
-84618.9041137695	2.8306899999999997	2458643.36490684	SOPHIE
-84630.1116943359	1.14567	2456081.37857902	SOPHIE
-84643.1884765625	0.9939040000000001	2455875.66989003	SOPHIE
-84632.7819824219	1.03114	2456733.51740365	SOPHIE
-84630.67626953119	1.27768	2457079.42962824	SOPHIE
-84643.2876586914	1.20828	2456710.51241059	SOPHIE
-84624.8779296875	1.11659	2458131.68117101	SOPHIE
-84621.2463378906	1.0150000000000001	2458136.63148546	SOPHIE
-84622.3907470703	1.1053300000000001	2458130.67907599	SOPHIE
-84621.2158203125	1.2031699999999999	2458138.62377201	SOPHIE
-84622.184753418	1.2559699999999998	2458141.64861131	SOPHIE
-84619.5602416992	1.0423	2458151.70643946	SOPHIE
-84624.1836547852	0.9690840000000001	2458147.62116588	SOPHIE
-84631.8359375	1.10925	2456682.65025415	SOPHIE
-84625.4348754883	1.1123299999999998	2458148.62684943	SOPHIE
-84626.9454956055	1.02098	2458146.59720474	SOPHIE
-84622.0169067383	0.938419	2458140.62721118	SOPHIE
-84625.4425048828	1.44568	2458129.68458441	SOPHIE
-84632.080078125	1.0745500000000001	2457113.49316624	SOPHIE
-84626.7852783203	1.0512	2457891.41997994	SOPHIE
-84628.303527832	0.8845959999999999	2457889.43471199	SOPHIE
-84628.059387207	0.9324309999999999	2457888.41414034	SOPHIE
-84629.7302246094	1.00007	2457886.43620853	SOPHIE
-84625.4806518555	1.2139600000000002	2457860.41714717	SOPHIE
-84623.7869262695	1.54181	2457859.45930956	SOPHIE
-84625.0991821289	0.860951	2457857.53697724	SOPHIE
-84623.6343383789	0.766173	2457855.49948708	SOPHIE
-84622.4746704102	0.8175209999999999	2457854.50304808	SOPHIE
-84624.7253417969	0.715969	2457852.4703664	SOPHIE
-84626.0070800781	0.775431	2457850.47083817	SOPHIE
-84627.2888183594	0.96722	2457848.4394673	SOPHIE
-84629.6081542969	1.2113200000000002	2457821.48175968	SOPHIE
-84624.0386962891	0.973722	2457814.51857723	SOPHIE
-84628.2806396484	1.6656900000000001	2457820.54326261	SOPHIE
-84632.0419311523	1.26283	2457833.49816729	SOPHIE
-84623.1231689453	0.872022	2457832.48376327	SOPHIE
-84623.0697631836	1.07764	2457817.59501127	SOPHIE
-84627.067565918	0.8505280000000001	2457830.49886143	SOPHIE
-84629.3487548828	0.7656499999999999	2457823.52498399	SOPHIE
-84623.9852905273	0.751679	2457829.47987005	SOPHIE
-84627.9983520508	0.9021279999999999	2457826.56349626	SOPHIE
-84625.4806518555	0.840878	2457801.53719308	SOPHIE
-84626.220703125	0.78035	2457800.5499863	SOPHIE
-84629.3411254883	1.1385	2457795.55772531	SOPHIE
-84628.8909912109	0.67298	2457772.61269189	SOPHIE
-84629.0817260742	0.777729	2457771.64694912	SOPHIE
-84630.241394043	1.14817	2457770.69022182	SOPHIE
-84641.54052734381	1.36397	2456708.52824161	SOPHIE
-84626.9226074219	0.9806140000000001	2457766.6623522	SOPHIE
-84628.60107421881	1.04309	2457765.60130736	SOPHIE
-84641.8914794922	1.4182400000000002	2456699.57792415	SOPHIE
-84627.1591186523	0.918337	2457762.59696065	SOPHIE
-84635.4904174805	1.5801800000000001	2456678.68102767	SOPHIE
-84627.8305053711	0.906309	2457760.63761312	SOPHIE
-84636.116027832	0.9959280000000001	2456667.61151818	SOPHIE
-84631.5460205078	0.886521	2457759.62486269	SOPHIE
-84639.045715332	1.55182	2456672.67256258	SOPHIE
-84630.6076049805	0.995962	2457757.7112873	SOPHIE
-84623.9395141602	0.849335	2457740.61369882	SOPHIE
-84631.0195922852	1.20428	2457739.579378	SOPHIE
-84644.905090332	1.0523399999999998	2456711.50475899	SOPHIE
-84632.5378417969	1.0632300000000001	2456731.36739421	SOPHIE
-84634.4680786133	0.779342	2456742.42392628	SOPHIE
-84628.4332275391	0.875653	2457734.68961732	SOPHIE
-84629.9514770508	0.9858399999999999	2457733.62255885	SOPHIE
-84637.2375488281	1.00227	2456757.46707946	SOPHIE
-84631.2255859375	0.657782	2457731.64818795	SOPHIE
-84629.3716430664	0.7793779999999999	2457730.68662331	SOPHIE
-54989.307403564504	52.218199999999996	2457728.65693274	SOPHIE
-84623.9013671875	1.0508600000000001	2457728.67896013	SOPHIE
-84630.4931640625	1.02451	2456793.35762129	SOPHIE
-84635.986328125	1.11992	2456794.42647562	SOPHIE
-84637.1307373047	0.89492	2456730.39818824	SOPHIE
-84634.7503662109	1.0661	2456752.4457682	SOPHIE
-84638.5879516602	1.00457	2456777.45158243	SOPHIE
-84631.4315795898	1.2277099999999999	2456740.49299565	SOPHIE
-84630.5160522461	0.961824	2457465.573574	SOPHIE
-84637.0010375977	1.1621400000000002	2457030.55554755	SOPHIE
-84632.453918457	0.962633	2457040.67781907	SOPHIE
-84626.4266967773	0.937739	2457115.37621072	SOPHIE
-84631.3400268555	0.916968	2457071.58735976	SOPHIE
-84635.7116699219	2.10446	2457105.47467058	SOPHIE
-84628.5629272461	1.04754	2457120.42734802	SOPHIE
-84634.9334716797	1.1994200000000002	2457094.41432057	SOPHIE
-84632.7133178711	0.841208	2457090.54249891	SOPHIE
-84635.2005004883	1.05926	2457088.61137137	SOPHIE
-84631.0882568359	0.680356	2457065.49934239	SOPHIE
-84650.9780883789	4.0730699999999995	2457081.50751735	SOPHIE
-84630.6915283203	0.872968	2457063.52822082	SOPHIE
-84626.4266967773	1.04033	2457474.46923404	SOPHIE
-84630.31005859381	1.4092200000000001	2457471.56380294	SOPHIE
-84627.6931762695	0.886336	2457469.55261758	SOPHIE
-84626.7547607422	1.05156	2457468.51016098	SOPHIE
-84633.5067749023	1.00829	2457035.55014393	SOPHIE
-84630.2642822266	1.08326	2457404.65114527	SOPHIE
-84630.2642822266	1.08326	2457404.65114527	SOPHIE
-84633.9263916016	1.10588	2457110.43854538	SOPHIE
-84628.7689208984	0.993336	2457419.61610295	SOPHIE
-84628.7689208984	0.993336	2457419.61610295	SOPHIE
-84636.8179321289	1.29881	2457033.56118437	SOPHIE
-84627.7008056641	1.14092	2457442.59416523	SOPHIE
-84627.7008056641	1.14092	2457442.59416523	SOPHIE
-84619.7891235352	0.841941	2457411.60623804	SOPHIE
-84619.7891235352	0.841941	2457411.60623804	SOPHIE
-84624.382019043	1.17058	2457130.43495557	SOPHIE
-84629.82177734381	0.8463639999999999	2457383.67502797	SOPHIE
-84629.82177734381	0.8463639999999999	2457383.67502797	SOPHIE
-84632.4081420898	1.40102	2457390.6581016	SOPHIE
-84632.4081420898	1.40102	2457390.6581016	SOPHIE
-84632.926940918	1.2385199999999998	2457053.50947577	SOPHIE
-84645.149230957	1.5746600000000002	2457702.69181997	SOPHIE
-84700.0	100.0	2459642.0	SOPHIE
-84700.0	100.0	2459713.0	SOPHIE
-84700.0	100.0	2459720.0	SOPHIE
-84700.0	100.0	2459710.0	SOPHIE
-84700.0	100.0	2459918.0	SOPHIE
-84700.0	100.0	2459560.0	SOPHIE
-84700.0	100.0	2460454.0	SOPHIE
-84700.0	100.0	2460457.0	SOPHIE
-84700.0	100.0	2460452.0	SOPHIE
-84700.0	100.0	2460449.0	SOPHIE
-84700.0	100.0	2460285.0	SOPHIE
-84700.0	100.0	2460312.0	SOPHIE
-84700.0	100.0	2460321.0	SOPHIE
-84700.0	100.0	2460330.0	SOPHIE
-84700.0	100.0	2460324.0	SOPHIE
-84700.0	100.0	2459974.0	SOPHIE
-84700.0	100.0	2460313.0	SOPHIE
-84700.0	100.0	2460316.0	SOPHIE
-84700.0	100.0	2460300.0	SOPHIE
-84700.0	100.0	2459707.0	SOPHIE
-84700.0	100.0	2459273.0	SOPHIE
-84700.0	100.0	2459277.0	SOPHIE
-84700.0	100.0	2459279.0	SOPHIE
-84700.0	100.0	2459275.0	SOPHIE
-84700.0	100.0	2459271.0	SOPHIE
-84700.0	100.0	2460472.0	SOPHIE
-84700.0	100.0	2460474.0	SOPHIE
-84700.0	100.0	2460475.0	SOPHIE
-84700.0	100.0	2459298.0	SOPHIE
-84700.0	100.0	2459301.0	SOPHIE
-84700.0	100.0	2459299.0	SOPHIE
-84700.0	100.0	2459346.0	SOPHIE
-84700.0	100.0	2459352.0	SOPHIE
-84700.0	100.0	2459351.0	SOPHIE
-84700.0	100.0	2459343.0	SOPHIE
-84700.0	100.0	2459360.0	SOPHIE
-84700.0	100.0	2459365.0	SOPHIE
-84700.0	100.0	2459372.0	SOPHIE
-84700.0	100.0	2459606.0	SOPHIE
-84700.0	100.0	2459305.0	SOPHIE
-84700.0	100.0	2459304.0	SOPHIE
-84700.0	100.0	2459921.0	SOPHIE
-84700.0	100.0	2460297.0	SOPHIE
-84700.0	100.0	2460288.0	SOPHIE
-84700.0	100.0	2460287.0	SOPHIE
-84700.0	100.0	2460277.0	SOPHIE
-84700.0	100.0	2460280.0	SOPHIE
-84700.0	100.0	2460274.0	SOPHIE
-84700.0	100.0	2460066.0	SOPHIE
-84700.0	100.0	2459593.0	SOPHIE
-84700.0	100.0	2459959.0	SOPHIE
-84700.0	100.0	2459955.0	SOPHIE
-84700.0	100.0	2459956.0	SOPHIE
-84700.0	100.0	2460073.0	SOPHIE
-84700.0	100.0	2459337.0	SOPHIE
-84700.0	100.0	2459327.0	SOPHIE
-84700.0	100.0	2459266.0	SOPHIE
-84700.0	100.0	2460013.0	SOPHIE
-84700.0	100.0	2460397.0	SOPHIE
-84700.0	100.0	2460385.0	SOPHIE
-84700.0	100.0	2460383.0	SOPHIE
-84700.0	100.0	2459628.0	SOPHIE
-84700.0	100.0	2459242.0	SOPHIE
-84700.0	100.0	2459248.0	SOPHIE
-84700.0	100.0	2460421.0	SOPHIE
-84700.0	100.0	2460418.0	SOPHIE
-84700.0	100.0	2459237.0	SOPHIE
-84700.0	100.0	2460096.0	SOPHIE
-84700.0	100.0	2460459.0	SOPHIE
-84700.0	100.0	2460369.0	SOPHIE
-84700.0	100.0	2460356.0	SOPHIE
-84700.0	100.0	2460392.0	SOPHIE
-84700.0	100.0	2460388.0	SOPHIE
-84700.0	100.0	2459741.0	SOPHIE
-84700.0	100.0	2459727.0	SOPHIE
-84700.0	100.0	2460441.0	SOPHIE
-84700.0	100.0	2460438.0	SOPHIE
-84700.0	100.0	2459602.0	SOPHIE
-84700.0	100.0	2459597.0	SOPHIE
-84700.0	100.0	2459716.0	SOPHIE
-84700.0	100.0	2460488.0	SOPHIE
-84700.0	100.0	2460069.0	SOPHIE
-84700.0	100.0	2460365.0	SOPHIE
-84700.0	100.0	2460354.0	SOPHIE
-84700.0	100.0	2460351.0	SOPHIE
-84700.0	100.0	2460339.0	SOPHIE
-84700.0	100.0	2459753.0	SOPHIE
-84700.0	100.0	2459749.0	SOPHIE
-84700.0	100.0	2459634.0	SOPHIE
-84700.0	100.0	2459590.0	SOPHIE
-84700.0	100.0	2460007.0	SOPHIE
-84700.0	100.0	2459684.0	SOPHIE
-84700.0	100.0	2459745.0	SOPHIE
-84700.0	100.0	2460113.0	SOPHIE
-84700.0	100.0	2460112.0	SOPHIE
-84700.0	100.0	2459972.0	SOPHIE
-54600.0	100.0	2460270.0	SOPHIE
-84700.0	100.0	2459978.0	SOPHIE
-84700.0	100.0	2460376.0	SOPHIE
-84700.0	100.0	2460262.0	SOPHIE
-84700.0	100.0	2460490.0	SOPHIE
-84700.0	100.0	2460294.0	SOPHIE
-84700.0	100.0	2460492.0	SOPHIE
-84700.0	100.0	2460477.0	SOPHIE
-84700.0	100.0	2459620.0	SOPHIE
-84700.0	100.0	2459658.0	SOPHIE
-53900.0	100.0	2459914.0	SOPHIE
-84700.0	100.0	2460341.0	SOPHIE
-84700.0	100.0	2459566.0	SOPHIE
-84700.0	100.0	2459570.0	SOPHIE
-84700.0	100.0	2459975.0	SOPHIE
-84700.0	100.0	2459989.0	SOPHIE
-84700.0	100.0	2459990.0	SOPHIE
-84700.0	100.0	2459983.0	SOPHIE
-84700.0	100.0	2460334.0	SOPHIE
-84700.0	100.0	2460337.0	SOPHIE
-84700.0	100.0	2459244.0	SOPHIE
-84700.0	100.0	2460464.0	SOPHIE
-52700.0	100.0	2460037.0	SOPHIE
-84700.0	100.0	2459736.0	SOPHIE
-84700.0	100.0	2460045.0	SOPHIE
-84700.0	100.0	2460044.0	SOPHIE
-84700.0	100.0	2460042.0	SOPHIE
-84700.0	100.0	2459264.0	SOPHIE
-84700.0	100.0	2460087.0	SOPHIE
-84700.0	100.0	2460091.0	SOPHIE
-84700.0	100.0	2459379.0	SOPHIE
-84700.0	100.0	2459925.0	SOPHIE
-84619.4229125977	1.3467900000000002	2458645.3779216	SOPHIE
-84631.0958862305	1.93787	2456058.41544069	SOPHIE
-84624.7329711914	0.910956	2458441.64379263	SOPHIE
-84622.184753418	1.09734	2458440.69160153	SOPHIE
-84620.9945678711	1.03782	2458456.71608408	SOPHIE
-84617.1569824219	0.924358	2458497.55664912	SOPHIE
-84624.8321533203	1.38859	2456026.40464654	SOPHIE
-85040.3823852539	1.33026	2454505.52960234	SOPHIE
-10.21	16.81126	2446958.709	Hamilton
-1.48	24.197487	2447194.925	Hamilton
-15.98	15.527621	2447224.7499	Hamilton
-1.56	10.841738	2447578.8053	Hamilton
-10.33	10.362383	2448019.7205	Hamilton
-12.74	12.074193	2448376.7367	Hamilton
-30.11	12.761474	2448646.0892	Hamilton
-19.46	11.653231	2448648.9893	Hamilton
-18.83	10.959923	2448992.0724	Hamilton
-10.73	11.177791	2449173.6811	Hamilton
-13.56	20.19961	2449349.0787	Hamilton
-9.97	13.745576	2449349.924	Hamilton
-2.58	17.478392	2449464.7538	Hamilton
-21.16	9.579905	2449469.7153	Hamilton
-3.58	6.046141	2449769.9416	Hamilton
-2.59	4.676541	2449793.886719	Hamilton
-6.1	5.083344	2450088.981445	Hamilton
-5.81	6.48515	2450144.890625	Hamilton
-0.44	4.823196	2450179.711914	Hamilton
1.22	4.456698	2450180.726562	Hamilton
9.55	4.809534	2450181.75293	Hamilton
-2.15	4.800473	2450422.071289	Hamilton
-9.78	5.130477	2450422.084961	Hamilton
-3.79	4.906944	2450438.012695	Hamilton
0.34	4.854412	2450438.027344	Hamilton
4.21	4.838872	2450442.041016	Hamilton
5.26	5.767802	2450442.054688	Hamilton
6.78	5.695905	2450502.869141	Hamilton
12.66	6.411454	2450502.884766	Hamilton
-0.51	5.182394	2450504.875977	Hamilton
1.66	4.484371	2450504.891602	Hamilton
1.62	4.820169	2450610.689931	Hamilton
-7.76	4.152323	2450610.714844	Hamilton
-12.23	6.240824	2450614.717773	Hamilton
4.29	5.350396	2450645.683594	Hamilton
1.0	5.968131	2450645.699219	Hamilton
-8.74	4.59729	2450793.969727	Hamilton
-10.14	8.868004	2451155.066406	Hamilton
7.17	6.741476	2451242.853516	Hamilton
-2.18	5.410375	2451303.720703	Hamilton
3.47	6.398344	2451536.985352	Hamilton
1.49	8.275922	2451540.054688	Hamilton
-1.56	6.73364	2451914.060547	Hamilton
-1.74	4.996931	2452299.896484	Hamilton
-2.88	4.750071	2452299.916016	Hamilton
9.39	6.074619	2452333.957031	Hamilton
7.45	13.673123	2452334.859375	Hamilton
-11.42	6.026245	2452427.71875	Hamilton
-8.43	6.922401	2452427.732422	Hamilton
-3.15	5.173759	2452429.745117	Hamilton
4.85	5.802745	2452687.956055	Hamilton
3.93	5.30802	2452687.978516	Hamilton
-4.68	5.037627	2453010.058594	Hamilton
0.44	5.491426	2453069.841797	Hamilton
-2.45	4.413745	2453155.714844	Hamilton
7.97	4.631279	2453389.937604	Hamilton
4.34	4.841044	2453390.957766	Hamilton
0.31	4.449086	2453392.008519	Hamilton
8.84	4.455024	2453392.933947	Hamilton
0.54	5.107876	2454100.077431	Hamilton
8.17	4.815998	2454104.035729	Hamilton
-10.12	4.771793	2454134.94037	Hamilton
1.37	5.006008	2454548.842778	Hamilton
-14.0	5.624241	2454864.926343	Hamilton
-4.95	0.714708	2450602.911331	HIRES-pre
-7.14	0.824232	2450603.863264	HIRES-pre
0.54	0.768716	2450604.797419	HIRES-pre
0.27	0.680085	2450605.759745	HIRES-pre
0.54	0.843466	2450606.765231	HIRES-pre
3.78	0.814706	2450609.784097	HIRES-pre
-2.11	0.997336	2450787.111944	HIRES-pre
-2.45	0.771006	2450787.120174	HIRES-pre
0.55	0.858263	2450839.100243	HIRES-pre
0.15	0.899826	2451172.009097	HIRES-pre
-0.33	0.912791	2451228.108588	HIRES-pre
-0.33	0.827156	2451310.801308	HIRES-pre
-1.13	0.899957	2451551.073067	HIRES-pre
-2.35	0.870343	2451583.02338	HIRES-pre
-0.19	0.709194	2451679.825903	HIRES-pre
-0.92	0.783963	2451702.834005	HIRES-pre
7.06	0.755751	2451703.790567	HIRES-pre
3.51	0.91202	2451704.810856	HIRES-pre
1.67	0.819391	2451705.821215	HIRES-pre
0.72	0.892879	2451706.855544	HIRES-pre
0.85	0.760208	2451900.176655	HIRES-pre
-5.79	1.025439	2451983.981782	HIRES-pre
8.93	1.150601	2452098.738183	HIRES-pre
9.94	1.007936	2452100.738356	HIRES-pre
11.73	1.149006	2452333.995556	HIRES-pre
6.69	1.010505	2452603.16	HIRES-pre
11.79	1.103667	2452652.124201	HIRES-pre
3.23	1.086654	2452680.990243	HIRES-pre
6.11	1.016098	2452711.91265	HIRES-pre
2.11	1.08287	2452712.911146	HIRES-pre
8.11	1.005266	2453018.162674	HIRES-pre
-1.59	0.847852	2453339.131678	HIRES-post
-2.33	0.91141	2453339.134977	HIRES-post
0.16	0.906518	2453340.143877	HIRES-post
2.03	0.847687	2453340.146794	HIRES-post
-3.31	0.827527	2453369.055787	HIRES-post
-2.81	0.936958	2453369.057812	HIRES-post
2.01	1.008868	2453370.053993	HIRES-post
2.33	1.020467	2453370.056644	HIRES-post
-0.81	0.892079	2453398.062616	HIRES-post
0.56	0.869106	2453398.065162	HIRES-post
1.03	0.920521	2453398.947465	HIRES-post
0.73	0.94	2453398.94963	HIRES-post
1.91	0.998971	2453401.045417	HIRES-post
3.49	1.010627	2453401.048542	HIRES-post
3.46	0.791215	2453480.777014	HIRES-post
3.35	0.780693	2453480.779294	HIRES-post
2.39	0.916997	2453546.768715	HIRES-post
3.52	0.954687	2453546.771204	HIRES-post
5.07	0.879426	2453547.746921	HIRES-post
4.95	0.900463	2453547.750637	HIRES-post
4.22	0.885892	2453548.794109	HIRES-post
3.19	0.888817	2453548.796736	HIRES-post
1.93	0.903257	2453549.782199	HIRES-post
2.21	0.882778	2453549.784722	HIRES-post
1.02	0.841694	2453550.807604	HIRES-post
-0.72	0.881082	2453550.809977	HIRES-post
-0.13	0.885691	2453551.812025	HIRES-post
0.4	0.901701	2453551.814433	HIRES-post
3.55	0.92941	2453570.77066	HIRES-post
5.39	0.948866	2453570.775856	HIRES-post
-7.98	1.579325	2453575.773333	HIRES-post
-7.48	1.14978	2453575.779051	HIRES-post
-3.41	0.908086	2453576.751076	HIRES-post
-1.57	0.827255	2453576.754479	HIRES-post
2.69	0.795661	2453693.1036	HIRES-post
3.46	0.824206	2453693.105486	HIRES-post
1.41	0.913428	2453693.107396	HIRES-post
1.4	0.776523	2453694.137141	HIRES-post
2.27	0.844356	2453694.13919	HIRES-post
1.85	0.744803	2453694.141204	HIRES-post
0.76	0.873151	2453695.116447	HIRES-post
1.16	0.941275	2453695.118785	HIRES-post
0.3	0.891654	2453695.121933	HIRES-post
2.07	0.891492	2453696.091458	HIRES-post
0.68	0.895795	2453696.093507	HIRES-post
3.51	0.887554	2453696.095532	HIRES-post
-0.39	1.007938	2453697.120162	HIRES-post
-0.01	0.909724	2453697.122523	HIRES-post
1.12	1.006137	2453697.12485	HIRES-post
2.66	0.93102	2453724.154306	HIRES-post
2.61	1.009461	2453724.158056	HIRES-post
2.48	0.985277	2453725.054664	HIRES-post
2.47	1.020446	2453725.057118	HIRES-post
0.8	1.024322	2453747.059375	HIRES-post
1.59	0.925108	2453747.965903	HIRES-post
2.0	0.954607	2453747.968843	HIRES-post
0.77	1.109627	2453748.929502	HIRES-post
0.5	1.028438	2453749.92162	HIRES-post
-1.98	1.024284	2453750.931123	HIRES-post
4.37	0.912157	2453753.08684	HIRES-post
2.82	0.887693	2453753.089016	HIRES-post
2.92	0.972459	2453754.052072	HIRES-post
2.23	0.907853	2453754.054329	HIRES-post
-1.92	0.994808	2453776.059769	HIRES-post
-0.49	0.904195	2453776.06191	HIRES-post
3.54	0.990927	2453806.841991	HIRES-post
2.67	1.018747	2453806.844745	HIRES-post
-0.73	0.911937	2454246.861343	HIRES-post
-2.55	0.927397	2454246.863264	HIRES-post
-3.03	0.964591	2454247.831759	HIRES-post
-1.57	0.887718	2454248.933021	HIRES-post
-2.7	0.982871	2454249.794387	HIRES-post
-3.06	0.920647	2454250.831389	HIRES-post
-1.82	0.953955	2454251.884931	HIRES-post
1.25	0.830373	2454255.860185	HIRES-post
0.69	0.849134	2454255.861528	HIRES-post
-3.01	0.961535	2454277.807245	HIRES-post
-2.7	0.94407	2454278.82735	HIRES-post
-1.45	0.864497	2454279.818704	HIRES-post
-4.83	1.110464	2454285.845451	HIRES-post
-0.24	0.947667	2454294.78088	HIRES-post
0.74	0.91353	2454300.751458	HIRES-post
-3.16	1.098168	2454304.7725	HIRES-post
-3.12	1.005503	2454305.769479	HIRES-post
-4.59	1.036497	2454305.771794	HIRES-post
-2.83	0.988343	2454306.77662	HIRES-post
0.08	1.05958	2454307.75191	HIRES-post
-2.0	0.934053	2454307.754954	HIRES-post
0.23	0.958551	2454308.754479	HIRES-post
-0.33	1.005746	2454308.757234	HIRES-post
-1.3	1.02279	2454309.751007	HIRES-post
0.87	0.999429	2454310.746586	HIRES-post
0.05	0.928222	2454310.748785	HIRES-post
0.61	0.981521	2454311.747303	HIRES-post
2.55	0.950424	2454312.744838	HIRES-post
-1.34	1.129809	2454313.747153	HIRES-post
-5.6	1.071496	2454314.756019	HIRES-post
1.77	0.93354	2454318.750625	HIRES-post
-0.59	1.034533	2454455.050185	HIRES-post
-0.32	1.048402	2454455.151898	HIRES-post
-0.06	1.085451	2454456.106887	HIRES-post
-2.44	1.047397	2454456.172419	HIRES-post
-5.19	1.186584	2454458.15706	HIRES-post
-5.13	1.195963	2454458.167963	HIRES-post
-5.6	1.065066	2454461.118368	HIRES-post
-2.94	1.149632	2454461.964028	HIRES-post
-0.64	0.921848	2454493.016759	HIRES-post
0.83	0.910737	2454548.01081	HIRES-post
-3.55	0.901365	2454548.938333	HIRES-post
-1.92	0.922102	2454633.806447	HIRES-post
-4.4	0.911178	2454639.757593	HIRES-post
-2.47	0.903134	2454640.769444	HIRES-post
-0.71	0.95388	2454641.820729	HIRES-post
-0.95	0.986648	2454643.794016	HIRES-post
3.53	0.940712	2454643.796285	HIRES-post
1.27	0.951673	2454643.798437	HIRES-post
-1.43	0.928814	2454778.15581	HIRES-post
-5.88	1.027538	2454779.091505	HIRES-post
-5.57	1.044006	2454779.093113	HIRES-post
-5.92	1.154226	2454779.094711	HIRES-post
-5.9	1.077345	2454780.127477	HIRES-post
-3.92	1.051668	2454780.129132	HIRES-post
-2.61	0.998194	2454780.130799	HIRES-post
2.79	1.074135	2454808.163796	HIRES-post
1.82	1.103222	2454809.131215	HIRES-post
2.88	1.111435	2454810.027998	HIRES-post
0.0	1.116183	2454839.080382	HIRES-post
1.14	0.908047	2454865.107389	HIRES-post
0.68	0.990316	2454985.869533	HIRES-post
-4.28	0.939276	2455016.800638	HIRES-post
0.74	1.106071	2455198.035309	HIRES-post
0.96	1.114826	2455198.037033	HIRES-post
-0.09	1.087974	2455198.038839	HIRES-post
-9.01	1.131595	2455311.79506	HIRES-post
-6.53	1.065759	2455311.797144	HIRES-post
-9.64	1.032415	2455311.799042	HIRES-post
-7.9	0.837782	2455312.861366	HIRES-post
-9.02	0.866758	2455312.862663	HIRES-post
-9.01	0.871057	2455312.863936	HIRES-post
-5.85	0.921623	2455313.76037	HIRES-post
-4.35	0.854682	2455313.761736	HIRES-post
-6.53	0.823484	2455313.762951	HIRES-post
-8.1	1.006913	2455314.789942	HIRES-post
-8.46	1.035315	2455314.791759	HIRES-post
-7.44	0.923051	2455314.793298	HIRES-post
-2.79	1.062558	2455319.879068	HIRES-post
-1.95	0.85576	2455319.883894	HIRES-post
-2.01	0.913398	2455319.886105	HIRES-post
-5.46	1.008375	2455339.828891	HIRES-post
-2.98	1.042494	2455342.880408	HIRES-post
-2.27	0.963848	2455342.882005	HIRES-post
-1.91	0.930647	2455342.883521	HIRES-post
0.02	0.867432	2455522.11724	HIRES-post
-0.1	0.954795	2455522.118594	HIRES-post
-0.62	0.929268	2455522.119983	HIRES-post
-2.95	1.013033	2455635.03064	HIRES-post
-0.24	1.028032	2455671.919221	HIRES-post
-0.82	0.945807	2455722.765012	HIRES-post
-4.77	0.884662	2455728.768942	HIRES-post
-6.32	0.961398	2455728.770365	HIRES-post
-5.01	1.03963	2455728.771788	HIRES-post
-2.82	1.057864	2455728.773235	HIRES-post
-5.86	0.993956	2455728.774786	HIRES-post
-6.16	1.134876	2455728.842315	HIRES-post
-2.54	1.098734	2455728.844445	HIRES-post
-2.34	1.080405	2455728.846968	HIRES-post
-1.12	1.005684	2455731.756922	HIRES-post
-5.94	0.935254	2455733.742542	HIRES-post
-4.48	1.027759	2455733.743977	HIRES-post
-3.71	1.002333	2455733.745436	HIRES-post
-4.69	0.900142	2455734.7898	HIRES-post
-5.92	0.935477	2455734.791061	HIRES-post
-3.03	0.932412	2455734.792357	HIRES-post
-2.35	1.043256	2455749.782838	HIRES-post
6.86	0.834821	2455912.093625	HIRES-post
3.86	0.978355	2455912.095755	HIRES-post
-0.64	1.029933	2456018.847367	HIRES-post
-0.66	1.06782	2456018.849034	HIRES-post
-0.2	1.100358	2456018.850746	HIRES-post
3.03	0.924354	2456024.913226	HIRES-post
2.82	0.88541	2456024.915622	HIRES-post
2.57	1.100862	2456144.729598	HIRES-post
0.56	1.171261	2456144.731253	HIRES-post
2.69	1.195817	2456144.732943	HIRES-post
0.83	1.13389	2456145.730393	HIRES-post
1.65	0.936891	2456446.777773	HIRES-post
-0.89	0.96411	2456448.808572	HIRES-post
-0.09	0.929166	2456449.793882	HIRES-post
0.05	0.868232	2456450.807442	HIRES-post
0.7	0.945943	2456451.80377	HIRES-post
0.19	0.979521	2456472.749517	HIRES-post
-0.99	0.906814	2456473.749435	HIRES-post
-2.98	0.872591	2456474.735061	HIRES-post
-4.25	0.957659	2456475.741762	HIRES-post
-0.45	0.953281	2456476.74203	HIRES-post
-3.62	0.956934	2456477.742623	HIRES-post
-0.66	1.081854	2456478.741134	HIRES-post
3.24	0.975328	2456482.743276	HIRES-post
3.44	1.017902	2456483.740773	HIRES-post
1.45	0.942166	2456484.740308	HIRES-post
1.61	0.917079	2456485.736592	HIRES-post
-0.08	0.931608	2456486.73694	HIRES-post
-0.69	0.939983	2456487.737138	HIRES-post
-1.41	0.95379	2456488.733309	HIRES-post
-2.13	0.960357	2456489.746541	HIRES-post
4.21	1.421745	2456494.739992	HIRES-post
-1.38	1.054642	2456506.724881	HIRES-post
0.45	1.156753	2456512.72653	HIRES-post
-3.63	1.143176	2456513.731761	HIRES-post
-2.47	0.98248	2456614.155137	HIRES-post
-0.35	0.872332	2456615.158096	HIRES-post
-4.37	1.05955	2456674.935309	HIRES-post
-2.61	1.178317	2456674.936721	HIRES-post
-4.41	1.167807	2456674.938156	HIRES-post
5.25	0.909207	2456676.160939	HIRES-post
7.97	0.850882	2456676.162779	HIRES-post
-3.04	0.984557	2456708.89029	HIRES-post
-1.12	0.97828	2456708.891725	HIRES-post
-2.13	1.113662	2456708.893241	HIRES-post
-5.83	0.928748	2456826.736776	HIRES-post
-6.38	0.851376	2456826.738026	HIRES-post
-4.59	0.925223	2456826.739276	HIRES-post
-7.95	0.893782	2456827.741963	HIRES-post
-4.46	0.913466	2456827.743282	HIRES-post
-6.8	0.937949	2456827.744729	HIRES-post
-5.99	1.048993	2456828.738922	HIRES-post
-5.06	1.006486	2456828.740299	HIRES-post
-7.39	0.997818	2456828.741607	HIRES-post
1.11	1.00096	2456844.735426	HIRES-post
-5.14	2.270163	2456844.742069	HIRES-post
3.39	1.061666	2456855.733401	HIRES-post
1.45	0.910741	2456855.734963	HIRES-post
4.9	0.862803	2456855.736491	HIRES-post
-1.02	0.879354	2457201.747391	HIRES-post
-1.05	0.949019	2457201.748687	HIRES-post
-0.19	0.943598	2457201.749972	HIRES-post
-0.52	1.078641	2457209.745592	HIRES-post
-0.81	0.966808	2457209.746842	HIRES-post
-1.62	0.929363	2457209.748081	HIRES-post
-0.96	1.066904	2457213.744183	HIRES-post
-2.95	1.007522	2457213.745584	HIRES-post
-0.64	1.067185	2457213.746973	HIRES-post
-0.19	1.012771	2457216.748461	HIRES-post
-2.23	0.969964	2457216.749746	HIRES-post
-0.54	0.944765	2457216.751065	HIRES-post
1.84	0.956524	2457586.732588	HIRES-post
2.59	0.918959	2457586.733815	HIRES-post
1.59	0.898484	2457586.73503	HIRES-post
-4.59	0.867815	2457718.163649	HIRES-post
-5.49	0.875213	2457718.164922	HIRES-post
-2.83	0.936135	2457718.166196	HIRES-post
-0.39	1.713013	2458439.121814	HIRES-post
-2.4	1.08017	2458491.184334	HIRES-post
-1.84	1.040212	2458491.185642	HIRES-post
-1.0	1.073314	2458491.186926	HIRES-post
-1.0	1.073314	2458491.186926	HIRES-post
-1.0	1.073314	2458491.186926	HIRES-post
-4.64	0.991457	2458491.956211	HIRES-post
1.0	1.067504	2458491.957612	HIRES-post
-1.79	1.072286	2458491.959012	HIRES-post
-1.45	1.021046	2458508.993704	HIRES-post
-2.27	1.076507	2458508.995174	HIRES-post
-3.74	1.004424	2458508.996517	HIRES-post
-1.7	1.020483	2458510.070171	HIRES-post
-1.6	1.070843	2458510.074026	HIRES-post
-4.66	1.074896	2458510.077151	HIRES-post
-2.95	1.075076	2458532.959286	HIRES-post
-4.15	0.92087	2458532.960871	HIRES-post
-2.77	0.963031	2458532.962457	HIRES-post
-3.13	1.053016	2458559.91381	HIRES-post
-4.1	1.001412	2458559.915315	HIRES-post
-4.65	1.034389	2458559.916854	HIRES-post
-1.65	0.987801	2458568.807763	HIRES-post
-3.71	1.013786	2458568.809117	HIRES-post
-3.49	1.00374	2458568.810517	HIRES-post
1.64	1.015522	2458569.815643	HIRES-post
1.2	0.979516	2458569.816893	HIRES-post
-1.26	0.956415	2458569.818166	HIRES-post
-1.56	1.018688	2458584.921227	HIRES-post
0.21	1.406408	2458584.924074	HIRES-post
-6.48	1.014871	2458610.926524	HIRES-post
-3.28	1.072256	2458610.928005	HIRES-post
-2.26	0.997798	2458615.920209	HIRES-post
-1.65	1.016806	2458615.921598	HIRES-post
0.1	0.956034	2458615.922998	HIRES-post
-1.18	1.05946	2458796.158319	HIRES-post
-1.46	1.029764	2458796.159928	HIRES-post
-1.16	1.040324	2458796.161433	HIRES-post
-3.17	1.052657	2458919.041105	HIRES-post
1.69	1.66454	2456505.689186	APF
2.42	1.582256	2456506.673181	APF
2.36	2.28985	2456735.937338	APF
5.89	2.543453	2456740.825596	APF
7.53	2.329976	2456740.919735	APF
3.13	2.300948	2456761.71314	APF
1.23	1.757792	2456938.040397	APF
4.52	1.881	2456938.051	APF
0.85	1.804528	2456942.034986	APF
0.72	1.712602	2456942.043899	APF
1.14	1.835435	2456971.00616	APF
0.64	1.877777	2456971.014482	APF
3.55	1.776076	2456972.916672	APF
1.55	1.8529	2456972.926939	APF
1.85	1.838715	2456988.972101	APF
0.52	1.932461	2456988.985539	APF
2.22	1.800275	2457016.054781	APF
3.03	1.890603	2457016.067247	APF
3.11	2.103833	2457027.056723	APF
-4.01	2.082108	2457029.008716	APF
-1.46	1.939741	2457029.017848	APF
-2.88	1.814789	2457035.035939	APF
-2.52	1.832174	2457035.043174	APF
-0.75	1.834722	2457054.895809	APF
0.67	1.70498	2457054.904478	APF
2.47	1.478051	2457123.798051	APF
2.77	1.711003	2457125.775675	APF
-1.56	1.672873	2457140.766748	APF
-3.29	1.716287	2457142.728965	APF
0.81	1.703412	2457143.690531	APF
-0.47	1.615818	2457145.747632	APF
-1.1	1.727786	2457165.69917	APF
2.98	1.484009	2457168.747007	APF
1.2	1.494268	2457170.698944	APF
0.32	1.712836	2457176.694988	APF
1.34	1.816618	2457176.717139	APF
-0.09	2.370189	2457178.68049	APF
4.17	2.567567	2457179.701086	APF
2.99	1.555062	2457179.737298	APF
2.78	1.779906	2457185.687737	APF
-0.86	1.699084	2457187.706599	APF
-2.53	1.421746	2457188.689297	APF
-1.8	1.695689	2457189.696565	APF
-0.99	1.68577	2457191.691557	APF
-0.02	2.658419	2457193.6814	APF
-0.9	2.592869	2457193.684039	APF
0.07	1.713304	2457195.689277	APF
0.32	1.866956	2457196.711468	APF
-1.55	2.61575	2457202.711836	APF
2.5	2.61356	2457202.714359	APF
1.39	1.738363	2457204.690273	APF
1.16	1.633753	2457207.688888	APF
2.01	2.116619	2457208.70794	APF
1.93	2.718503	2457211.712793	APF
-2.19	2.639522	2457211.715767	APF
-1.52	1.896485	2457215.686324	APF
-1.95	2.00296	2457217.714309	APF
3.04	1.792294	2457218.683734	APF
-3.47	2.875962	2457220.680755	APF
0.97	1.728411	2457220.683266	APF
0.68	2.172248	2457222.682688	APF
-2.79	2.1057	2457224.70371	APF
-3.82	1.804558	2457226.678825	APF
-2.06	1.890961	2457227.677182	APF
-2.04	2.059495	2457229.699907	APF
2.36	1.895714	2457232.675817	APF
-1.26	2.188264	2457233.696809	APF
-3.45	2.906382	2457235.668591	APF
-3.28	2.280939	2457235.680859	APF
-3.02	2.123373	2457238.674038	APF
-5.01	2.189596	2457318.977472	APF
0.32	1.99286	2457321.964403	APF
-4.04	2.380862	2457325.973864	APF
-8.8	2.325013	2457330.960049	APF
-3.96	2.116512	2457332.942751	APF
-3.1	1.850717	2457334.905152	APF
-3.5	1.661816	2457340.894133	APF
1.68	2.071278	2457347.884983	APF
-1.72	2.092385	2457348.862883	APF
2.19	2.46198	2457350.879626	APF
-0.98	2.643793	2457354.854008	APF
2.64	2.432528	2457354.861358	APF
-0.71	2.316696	2457356.863828	APF
1.31	1.843346	2457408.051655	APF
-2.14	1.812988	2457408.06404	APF
7.35	2.403781	2457413.9318	APF
-0.47	2.639369	2457413.934428	APF
1.7	1.739401	2457415.835416	APF
-0.31	1.743241	2457424.936544	APF
-3.21	1.758916	2457426.950051	APF
-2.41	1.516556	2457429.960073	APF
-2.06	1.981238	2457432.957756	APF
-3.67	1.818199	2457439.924608	APF
-4.38	2.9169	2457441.847293	APF
-5.27	2.936028	2457441.850047	APF
-3.47	1.549738	2457443.878119	APF
-4.37	1.603031	2457446.876454	APF
-0.53	1.705801	2457449.912727	APF
2.66	1.476348	2457465.852071	APF
0.77	1.498947	2457466.845308	APF
-0.86	2.363298	2457471.71699	APF
-1.35	1.714755	2457471.835191	APF
0.72	2.363938	2457473.724872	APF
1.5	1.905797	2457473.82327	APF
-3.1	2.626235	2457478.753609	APF
2.25	2.524406	2457478.756051	APF
-0.69	1.479096	2457480.771599	APF
1.2	2.429961	2457482.745965	APF
-1.39	1.690015	2457482.761867	APF
-6.08	2.539409	2457483.645831	APF
-3.74	2.67429	2457483.648713	APF
0.8	1.503351	2457495.695826	APF
-8.47	2.694982	2457498.745454	APF
-6.71	2.581237	2457498.748011	APF
1.43	2.666598	2457505.693071	APF
-0.69	2.055681	2457507.707922	APF
-2.13	2.5367	2457524.740984	APF
-0.42	2.58372	2457524.743703	APF
0.86	1.762904	2457525.673241	APF
2.02	1.488682	2457537.67582	APF
-2.76	1.979991	2457549.726483	APF
0.34	2.615812	2457558.705342	APF
-2.84	2.84653	2457558.708096	APF
-2.63	1.943448	2457560.706483	APF
-1.34	1.807654	2457564.770158	APF
2.01	2.202554	2457566.716521	APF
0.56	1.626917	2457569.688485	APF
1.26	2.05087	2457570.754152	APF
-0.21	1.889555	2457571.715533	APF
3.38	1.964138	2457573.689995	APF
2.55	2.669296	2457576.707161	APF
-1.17	2.781333	2457576.710274	APF
3.1	1.835002	2457581.695713	APF
4.81	2.054719	2457584.6836	APF
3.57	2.683966	2457586.681271	APF
-0.5	2.873179	2457586.684107	APF
-2.26	1.820991	2457587.684066	APF
1.23	1.675988	2457588.680289	APF
0.32	1.706121	2457591.684728	APF
-1.12	1.937348	2457669.044339	APF
-2.57	2.088175	2457684.987078	APF
-2.13	2.098846	2457687.966081	APF
-2.76	1.902779	2457696.949266	APF
-3.44	1.543679	2457700.972155	APF
-1.84	2.165532	2457701.912907	APF
-3.36	2.151473	2457702.903247	APF
-6.03	1.845329	2457703.931195	APF
-4.67	1.891388	2457705.892397	APF
-5.95	1.84252	2457717.910629	APF
-4.16	1.752818	2457742.048035	APF
-0.66	2.17832	2457744.058855	APF
-0.52	1.867083	2457750.107943	APF
-1.64	1.71614	2457752.030526	APF
-2.99	2.504657	2457780.926892	APF
-4.24	2.543815	2457780.929438	APF
-1.65	2.32956	2457783.81615	APF
-2.65	2.393746	2457783.818685	APF
-6.24	2.293591	2457783.94531	APF
-5.77	2.274571	2457783.947845	APF
-3.25	2.995117	2457796.89569	APF
1.94	1.747671	2457814.95494	APF
-0.51	1.800507	2457815.883469	APF
-4.15	1.904046	2457821.85202	APF
-2.06	2.580922	2457823.77836	APF
-4.62	2.318995	2457823.780582	APF
-3.55	1.880797	2457824.838388	APF
-5.07	2.653533	2457838.805771	APF
-4.64	2.66632	2457838.808329	APF
-3.27	1.781359	2457845.794934	APF
-5.52	2.472003	2457847.73053	APF
-2.95	2.512365	2457847.732995	APF
-0.5	2.697846	2457858.654113	APF
-4.7	2.786092	2457858.65674	APF
-0.45	1.812016	2457865.651708	APF
-2.15	2.595717	2457871.686288	APF
-0.95	2.396253	2457872.681753	APF
-3.92	2.466347	2457872.684056	APF
-2.27	2.328628	2457873.680596	APF
-5.62	2.354662	2457873.682702	APF
-2.4	2.423702	2457875.687968	APF
-6.39	2.24157	2457875.690514	APF
-3.1	1.602929	2457877.731805	APF
-2.89	2.132174	2457882.670593	APF
-2.4	1.842461	2457882.676715	APF
-0.97	2.597824	2457891.684877	APF
-1.86	2.479378	2457891.687666	APF
0.15	1.649759	2457893.674993	APF
-2.3	1.335298	2457894.677371	APF
-1.36	1.834978	2457896.699765	APF
-3.5	1.85332	2457897.694528	APF
-3.56	1.705728	2457901.697026	APF
-1.27	2.354502	2457903.68131	APF
2.59	2.64512	2457903.683972	APF
-4.73	2.531095	2457907.682274	APF
-4.99	2.220006	2457907.684554	APF
-1.08	2.53947	2457909.68164	APF
-0.61	2.19421	2457909.68392	APF
-6.85	1.812798	2457911.684873	APF
-1.45	2.436119	2457917.703482	APF
-2.09	2.59223	2457917.706225	APF
-4.71	1.937171	2457922.687942	APF
-3.66	2.681119	2457927.710065	APF
-2.54	2.578937	2457927.712739	APF
-2.39	2.48241	2457930.711022	APF
-6.11	2.627532	2457930.713603	APF
0.13	1.951318	2457931.707361	APF
3.63	2.687022	2457933.685101	APF
2.88	2.373333	2457933.687671	APF
-2.13	2.050279	2457933.693469	APF
-2.63	1.769233	2457937.691306	APF
0.52	2.143144	2457940.691525	APF
-3.74	2.695572	2457941.684332	APF
3.07	2.778043	2457941.686843	APF
0.1	2.56448	2457948.694456	APF
-4.27	2.476529	2457948.696713	APF
-1.3	1.994847	2457948.706979	APF
-5.14	2.651627	2457951.685683	APF
-3.7	2.726549	2457951.68824	APF
-4.27	1.83857	2457953.692802	APF
-2.63	1.880534	2457954.699268	APF
-1.9	2.156245	2457961.675472	APF
-5.24	2.046031	2457962.677099	APF
-1.49	1.996888	2458032.04321	APF
-2.52	2.058492	2458037.990634	APF
-2.08	2.100865	2458040.007966	APF
-1.29	1.950161	2458051.978033	APF
-0.57	2.30471	2458052.955204	APF
-5.01	2.165556	2458053.954275	APF
-2.06	1.780062	2458087.872102	APF
-0.93	1.932849	2458089.064175	APF
-5.17	1.837649	2458107.064474	APF
-5.49	2.491427	2458109.978827	APF
-3.76	2.05006	2458114.049013	APF
-3.33	2.670236	2458115.884683	APF
-5.85	2.603191	2458115.887322	APF
-3.42	2.490854	2458116.017829	APF
-8.97	2.742133	2458116.02048	APF
-4.08	1.676222	2458118.043486	APF
-4.61	1.861411	2458120.036995	APF
-1.61	1.935464	2458129.989723	APF
-4.61	2.764554	2458131.911906	APF
-4.3	2.695037	2458131.914476	APF
-2.64	1.863545	2458131.965937	APF
-2.52	1.717749	2458150.817052	APF
-1.86	1.958166	2458152.926513	APF
-7.23	2.272464	2458156.858811	APF
-10.19	2.345025	2458156.861056	APF
-4.79	2.331153	2458162.862991	APF
-4.59	2.42521	2458162.865549	APF
-2.54	2.569895	2458165.856021	APF
-5.77	2.675922	2458165.858706	APF
-1.76	1.760298	2458166.884501	APF
-4.65	2.661007	2458196.801487	APF
-8.19	2.76097	2458196.8043	APF
0.24	2.851456	2458204.755576	APF
-6.75	2.884455	2458204.758307	APF
-4.7	1.845403	2458207.725554	APF
-3.64	1.815155	2458210.760159	APF
-0.49	1.543562	2458222.932595	APF
1.13	1.334416	2458228.667777	APF
0.23	1.373344	2458228.684269	APF
2.05	1.513148	2458230.664967	APF
1.19	1.857825	2458233.666579	APF
2.03	1.940906	2458233.684379	APF
0.75	2.332777	2458240.720625	APF
1.38	2.674189	2458240.723102	APF
2.92	2.416144	2458241.859803	APF
-2.71	2.549792	2458241.86228	APF
-2.36	2.368465	2458256.689841	APF
1.83	2.45389	2458256.692109	APF
-5.47	1.790432	2458261.679152	APF
-1.55	1.731371	2458273.728306	APF
-3.79	1.407566	2458275.702941	APF
0.21	1.90716	2458283.734819	APF
-2.75	1.734939	2458285.692936	APF
-3.4	2.241649	2458288.702037	APF
-5.36	1.83267	2458288.705312	APF
-4.63	1.915321	2458289.688627	APF
-2.26	2.773871	2458291.690011	APF
-4.97	2.667112	2458291.692523	APF
-0.48	2.764267	2458294.718684	APF
0.86	2.587001	2458294.721102	APF
-2.35	2.621542	2458299.713866	APF
-0.46	2.448041	2458299.71632	APF
0.49	2.007611	2458304.693539	APF
1.81	1.842154	2458307.703867	APF
0.65	1.972935	2458308.705529	APF
-3.62	2.068158	2458311.704805	APF
-4.14	1.925718	2458314.699276	APF
-3.11	2.212864	2458318.684574	APF
-3.51	2.094733	2458320.70047	APF
1.41	1.857773	2458321.694566	APF
-5.44	2.716834	2458326.675725	APF
-1.82	2.203719	2458405.988327	APF
-4.39	2.200192	2458414.987016	APF
-5.92	1.867243	2458419.053858	APF
-4.61	1.764225	2458420.032812	APF
-3.19	2.205577	2458428.035853	APF
4.09	2.418695	2458476.079957	APF
0.34	1.901459	2458487.990455	APF
-1.57	1.919936	2458508.876616	APF
1.34	2.669932	2458512.92411	APF
-3.89	1.561574	2458557.929699	APF
-4.03	1.632459	2458574.792737	APF
-2.62	1.661794	2458606.789748	APF
-2.62	1.661794	2458606.789748	APF
-2.96	1.712722	2458606.79329	APF
-2.96	1.712722	2458606.79329	APF
0.26	1.777859	2458606.796646	APF
0.26	1.777859	2458606.796646	APF
-1.21	2.02838	2458607.810972	APF
-2.84	2.086017	2458607.814224	APF
-2.79	1.971846	2458607.817384	APF
0.94	2.54897	2458617.710241	APF
-2.82	1.628854	2458805.032462	APF
-5.94	1.739189	2458805.03781	APF
-5.14	1.692901	2458805.043215	APF
-1.06	1.752731	2458955.793681	APF
-0.92	1.707029	2458955.803449	APF
0.49	1.641386	2458955.809779	APF
