# target ra dec BJD RV_mlc_nzp e_RV_mlc_nzp RV_drs_nzp e_RV_drs_nzp RV_mlc e_RV_mlc RV_drs e_RV_drs RV_mlc_j e_RV_mlc_j CRX e_CRX dLW e_dLW Halpha e_Halpha NaD1 e_NaD1 NaD2 e_NaD2 f_RV FWHM_DRS CONTRAST_DRS BIS RVGUESS SNR_DRS BJD_DRS BERV BERV_DRS DRIFT e_DRIFT SA NZP_mlc dNZP_mlc NZP_drs dNZP_drs TMMEAN EXPTIME MLCRX E_MLCRX TIMEID DRIFT_LAMP MASK PROGID PROGPI AIRMASS OBHAB THAR_FP DPR_TYPE RHKp dRHKp sourceflag vsinflag metflag
# From HARPS RV bank
HD134987 228.3691115 -25.310035 2453050.8613261 -54.431909 0.871393 5113.565785 1.00225 -10.981296 0.283746 5115.684287 0.20463 -10.909075 0.285601 -18.675304 5.132749 -49.280182 2.539765 0.427594 0.000237 0.286492 0.000305 0.390779 0.000397 0 7.432 51.659983 -0.022054 5.001 309.6 2453050.86132 30.04015 30.040252 0.734 -9999999 0.0 1.892172 0.823901 2.118502 0.981138 0.51 899.9958 -18.635624 5.113611 2004-02-15T08:32:12.434 -9999999 G2 072.C-0488(E) Mayor -9999999 HARPS_ech_obs_all HARPS_ech_obs_thosimult STAR_WAVE_G5 6.3947329574657e-06 2.99016427296636e-07 0 0 0
HD134987 228.3691115 -25.310035 2453162.4465261 42.430805 1.125879 5210.136677 1.167287 84.060605 0.730675 5211.235222 0.632317 84.05809 0.73121 5.736045 6.707686 -14.341599 1.852056 0.429047 0.000664 0.289422 0.000885 0.389742 0.001147 0 7.423441 51.251387 -0.022469 5.12 108.9 2453162.44651 -10.724661 -10.724241 0.181 -9999999 0.030472 0.071359 0.856573 1.068073 0.98119 0.52 100.0034 5.739327 6.678062 2004-06-05T22:34:24.966 -9999999 G2 073.D-0578(A) Bouchy -9999999 HARPS_ech_obs_all HARPS_ech_obs_thosimult STAR_WAVE_G5V 5.45646172453416e-06 7.87983394285747e-07 0 0 0
HD134987 228.3691115 -25.310035 2453162.4479976 40.676336 1.124043 5208.067461 1.170934 82.305673 0.727845 5209.16324 0.639025 82.331928 0.728228 5.979564 7.079154 -14.095363 1.872759 0.429654 0.000654 0.288298 0.000874 0.389669 0.001135 0 7.426642 51.259328 -0.020834 5.12 109.4 2453162.448 -10.726747 -10.726348 0.299 -9999999 0.030472 0.070897 0.856572 1.065307 0.981189 0.48 100.0024 5.981136 7.052824 2004-06-05T22:36:36.108 -9999999 G2 073.D-0578(A) Bouchy -9999999 HARPS_ech_obs_all HARPS_ech_obs_thosimult STAR_WAVE_G5V 4.75268858135574e-06 7.83182578802027e-07 0 0 0
HD134987 228.3691115 -25.310035 2453162.4495297 41.904806 1.091033 5209.754438 1.147984 83.533662 0.675751 5210.847338 0.595933 83.526001 0.676472 -1.51357 5.505235 -17.862976 1.894421 0.428283 0.000616 0.288845 0.000819 0.389104 0.001062 0 7.419069 51.277659 -0.020466 5.12 116.9 2453162.44952 -10.728948 -10.728539 0.308 -9999999 0.030473 0.070415 0.856571 1.062427 0.981188 0.49 100.001 -1.506018 5.470799 2004-06-05T22:38:47.489 -9999999 G2 073.D-0578(A) Bouchy -9999999 HARPS_ech_obs_all HARPS_ech_obs_thosimult STAR_WAVE_G5V 7.56776863741816e-06 7.21926929722487e-07 0 0 0
HD134987 228.3691115 -25.310035 2453162.4510567 41.116337 1.100292 5208.880922 1.156241 82.744714 0.690601 5209.970952 0.61169 82.862818 0.691128 11.523338 6.845591 -13.11879 1.952847 0.431603 0.000634 0.288259 0.000839 0.390174 0.001092 0 7.42694 51.243093 -0.020323 5.12 114.0 2453162.45105 -10.731173 -10.730761 0.306 -9999999 0.030473 0.069936 0.85657 1.059557 0.981187 0.5 100.0017 11.528489 6.812359 2004-06-05T22:40:58.430 -9999999 G2 073.D-0578(A) Bouchy -9999999 HARPS_ech_obs_all HARPS_ech_obs_thosimult STAR_WAVE_G5V 7.84854429540204e-06 7.86678927265998e-07 0 0 0
HD134987 228.3691115 -25.310035 2453162.4525953 41.297014 1.104274 5210.159335 1.158472 82.924907 0.696929 5211.246474 0.615898 82.957681 0.697466 0.639126 6.716764 -18.790944 1.882818 0.430186 0.000638 0.287999 0.000846 0.387959 0.001098 0 7.418797 51.25498 -0.02083 5.12 113.0 2453162.45259 -10.733446 -10.733042 0.356 -9999999 0.030473 0.069453 0.856569 1.056666 0.981186 0.52 100.0029 0.65231 6.686586 2004-06-05T22:43:09.372 -9999999 G2 073.D-0578(A) Bouchy -9999999 HARPS_ech_obs_all HARPS_ech_obs_thosimult STAR_WAVE_G5V 1.6621036029729e-06 8.43805344393382e-07 0 0 0
HD134987 228.3691115 -25.310035 2453162.4541115 41.48397 1.1064 5209.591918 1.160143 83.111387 0.700294 5210.676208 0.619038 83.132519 0.700813 4.251022 6.254492 -17.684821 1.97384 0.428584 0.000644 0.288929 0.000854 0.389647 0.001109 0 7.421468 51.256491 -0.019785 5.12 112.2 2453162.45411 -10.735716 -10.735307 0.366 -9999999 0.030474 0.068976 0.856568 1.053816 0.981185 0.52 100.0011 4.255334 6.218902 2004-06-05T22:45:20.373 -9999999 G2 073.D-0578(A) Bouchy -9999999 HARPS_ech_obs_all HARPS_ech_obs_thosimult STAR_WAVE_G5V 4.66503427649699e-06 7.30187904271488e-07 0 0 0
HD134987 228.3691115 -25.310035 2453162.4556031 40.273975 1.100223 5208.388761 1.156257 81.900923 0.690496 5209.470247 0.611726 81.901952 0.691109 6.861762 5.841919 -20.312714 1.703736 0.430003 0.000643 0.288563 0.000848 0.389401 0.001102 0 7.418954 51.28366 -0.020998 5.12 113.0 2453162.4556 -10.737978 -10.737567 0.442 -9999999 0.030474 0.068508 0.856567 1.051012 0.981184 0.5 100.0018 6.863264 5.802882 2004-06-05T22:47:31.255 -9999999 G2 073.D-0578(A) Bouchy -9999999 HARPS_ech_obs_all HARPS_ech_obs_thosimult STAR_WAVE_G5V 4.18908313920305e-06 7.98050919866497e-07 0 0 0
HD134987 228.3691115 -25.310035 2453162.4703057 42.080883 1.054451 5210.572665 1.122586 83.703213 0.614959 5211.626522 0.545431 83.822727 0.615641 -0.594929 5.530668 -19.999885 1.763546 0.4304 0.000574 0.290035 0.000758 0.389771 0.000984 0 7.420978 51.278049 -0.021473 5.12 126.4 2453162.4703 -10.761789 -10.76138 0.514 -9999999 0.030478 0.063889 0.856558 1.023379 0.981175 0.49 100.0001 -0.593442 5.484474 2004-06-05T23:08:42.607 -9999999 G2 073.D-0578(A) Bouchy -9999999 HARPS_ech_obs_all HARPS_ech_obs_thosimult STAR_WAVE_G5V 6.79976822422137e-06 6.53218917038838e-07 0 0 0
HD134987 228.3691115 -25.310035 2453162.4718209 40.871215 1.055165 5208.985419 1.124172 82.493069 0.616185 5210.036429 0.548691 82.493236 0.616791 2.468649 5.843399 -21.938011 2.04359 0.430179 0.000584 0.289922 0.000766 0.389946 0.000994 0 7.416831 51.296177 -0.023235 5.12 125.1 2453162.47181 -10.764396 -10.763983 0.496 -9999999 0.030479 0.063413 0.856557 1.020531 0.981174 0.49 99.9962 2.475224 5.80126 2004-06-05T23:10:53.519 -9999999 G2 073.D-0578(A) Bouchy -9999999 HARPS_ech_obs_all HARPS_ech_obs_thosimult STAR_WAVE_G5V 4.8975084608793e-06 6.0902471684815e-07 0 0 0
HD134987 228.3691115 -25.310035 2453162.47335 40.592057 1.078364 5209.064019 1.140661 82.213431 0.655118 5210.112155 0.581728 82.26224 0.655513 2.186066 5.586441 -16.220039 1.639902 0.430782 0.00061 0.289608 0.000806 0.391174 0.001047 0 7.423174 51.261571 -0.020406 5.12 119.0 2453162.47334 -10.767055 -10.766649 0.687 -9999999 0.030479 0.062933 0.856556 1.017657 0.981173 0.5 100.001 2.186039 5.539585 2004-06-05T23:13:04.640 -9999999 G2 073.D-0578(A) Bouchy -9999999 HARPS_ech_obs_all HARPS_ech_obs_thosimult STAR_WAVE_G5V 5.15540983108768e-06 7.37710705363583e-07 0 0 0
HD134987 228.3691115 -25.310035 2453162.4748401 40.820185 1.075637 5209.682275 1.139079 82.441091 0.650621 5210.727611 0.578621 82.446751 0.651224 2.098885 4.729831 -16.629499 1.830419 0.430356 0.000613 0.289406 0.000805 0.387637 0.001041 0 7.423517 51.278463 -0.022568 5.12 119.1 2453162.47484 -10.769673 -10.769267 0.394 -9999999 0.03048 0.062465 0.856555 1.014856 0.981172 0.48 99.9961 2.098222 4.675671 2004-06-05T23:15:15.392 -9999999 G2 073.D-0578(A) Bouchy -9999999 HARPS_ech_obs_all HARPS_ech_obs_thosimult STAR_WAVE_G5V 5.61992951074657e-06 7.5035114718273e-07 0 0 0
HD134987 228.3691115 -25.310035 2453162.4763792 40.178 1.036179 5208.024331 1.110205 81.798422 0.583079 5209.066774 0.51948 81.889244 0.583861 10.891774 5.193152 -18.550603 1.530865 0.430185 0.000555 0.289494 0.000727 0.393048 0.000948 0 7.420375 51.288531 -0.021497 5.12 131.9 2453162.47637 -10.772406 -10.771994 0.402 -9999999 0.03048 0.061981 0.856555 1.011963 0.981171 0.5 100.002 10.907138 5.143858 2004-06-05T23:17:26.373 -9999999 G2 073.D-0578(A) Bouchy -9999999 HARPS_ech_obs_all HARPS_ech_obs_thosimult STAR_WAVE_G5V 6.05859177516643e-06 6.17022069226454e-07 0 0 0
HD134987 228.3691115 -25.310035 2453162.4779061 37.53933 1.047252 5206.33604 1.117753 79.159273 0.602539 5207.375614 0.535423 79.186103 0.603066 2.939977 4.424137 -22.369085 1.938897 0.428841 0.000567 0.288407 0.000744 0.38992 0.000968 0 7.41969 51.303347 -0.017851 5.12 128.4 2453162.4779 -10.775145 -10.774745 0.529 -9999999 0.03048 0.061502 0.856554 1.009094 0.98117 0.51 100.0012 2.942332 4.35543 2004-06-05T23:19:37.304 -9999999 G2 073.D-0578(A) Bouchy -9999999 HARPS_ech_obs_all HARPS_ech_obs_thosimult STAR_WAVE_G5V 4.05270214571356e-06 7.01346681662045e-07 0 0 0
HD134987 228.3691115 -25.310035 2453162.4794223 40.81215 1.03171 5208.728811 1.10664 82.431616 0.575103 5209.765536 0.511821 82.427052 0.57577 15.131521 5.268555 -20.514981 1.670992 0.429458 0.000546 0.287404 0.000712 0.390143 0.000929 0 7.418755 51.303461 -0.019681 5.12 133.9 2453162.47942 -10.777891 -10.777486 0.692 -9999999 0.030481 0.061026 0.856553 1.006244 0.981169 0.51 100.0002 15.148223 5.224213 2004-06-05T23:21:48.306 -9999999 G2 073.D-0578(A) Bouchy -9999999 HARPS_ech_obs_all HARPS_ech_obs_thosimult STAR_WAVE_G5V 5.86268806839411e-06 6.56493738647403e-07 0 0 0
HD134987 228.3691115 -25.310035 2453162.4809299 40.530626 1.047283 5209.135728 1.117788 82.149619 0.602595 5210.169619 0.5355 82.218127 0.603377 7.823768 5.445337 -19.470754 1.746656 0.429435 0.000566 0.288612 0.000743 0.388766 0.000965 0 7.423186 51.284394 -0.021483 5.12 128.6 2453162.48092 -10.780649 -10.780233 0.571 -9999999 0.030481 0.060552 0.856552 1.00341 0.981168 0.49 100.0019 7.841244 5.400635 2004-06-05T23:24:00.567 -9999999 G2 073.D-0578(A) Bouchy -9999999 HARPS_ech_obs_all HARPS_ech_obs_thosimult STAR_WAVE_G5V 4.51448925398759e-06 6.37648665481417e-07 0 0 0
HD134987 228.3691115 -25.310035 2453162.4824574 37.390818 1.045964 5205.268308 1.116407 79.009331 0.600301 5206.299329 0.532612 79.075251 0.600887 3.828605 4.94577 -19.101149 1.678687 0.429885 0.000564 0.288306 0.000739 0.38902 0.000961 0 7.422148 51.287549 -0.020492 5.12 129.2 2453162.48245 -10.783471 -10.783065 0.479 -9999999 0.030482 0.060072 0.856551 1.000539 0.981167 0.5 100.0013 3.843158 4.881268 2004-06-05T23:26:11.548 -9999999 G2 073.D-0578(A) Bouchy -9999999 HARPS_ech_obs_all HARPS_ech_obs_thosimult STAR_WAVE_G5V 5.12732853176426e-06 7.84444374863841e-07 0 0 0
HD134987 228.3691115 -25.310035 2453162.4839823 38.954379 1.033933 5207.823992 1.108794 80.572413 0.579084 5208.852147 0.516466 80.597281 0.579812 4.853529 4.147314 -20.487657 1.810724 0.430074 0.000556 0.288554 0.000724 0.389554 0.00094 0 7.423243 51.289568 -0.019188 5.12 132.2 2453162.48398 -10.786315 -10.785908 0.376 -9999999 0.030482 0.059593 0.85655 0.997673 0.981166 0.51 99.9961 4.854259 4.075399 2004-06-05T23:28:22.310 -9999999 G2 073.D-0578(A) Bouchy -9999999 HARPS_ech_obs_all HARPS_ech_obs_thosimult STAR_WAVE_G5V 2.16361944268734e-06 7.34994105628544e-07 0 0 0
HD134987 228.3691115 -25.310035 2453162.4854866 41.241257 1.046481 5210.619794 1.117158 82.858818 0.601204 5211.645122 0.534188 82.90731 0.60196 0.929319 5.613672 -21.152466 1.792728 0.429673 0.000567 0.288389 0.000743 0.389915 0.000966 0 7.423592 51.295998 -0.019188 5.12 128.6 2453162.48548 -10.789146 -10.788734 0.393 -9999999 0.030482 0.059121 0.856549 0.994846 0.981165 0.5 100.001 0.942626 5.564134 2004-06-05T23:30:33.282 -9999999 G2 073.D-0578(A) Bouchy -9999999 HARPS_ech_obs_all HARPS_ech_obs_thosimult STAR_WAVE_G5V 3.1412559912791e-06 7.64132163228682e-07 0 0 0
HD134987 228.3691115 -25.310035 2453162.4870055 37.604818 1.035489 5205.494442 1.110015 79.221902 0.58186 5206.516916 0.519086 79.252899 0.582452 10.264178 4.703128 -24.337409 1.972462 0.42916 0.000557 0.289622 0.000729 0.390129 0.000946 0 7.416045 51.309565 -0.022939 5.12 131.6 2453162.487 -10.792031 -10.791625 0.457 -9999999 0.030483 0.058644 0.856549 0.991991 0.981164 0.5 100.0002 10.268091 4.636514 2004-06-05T23:32:44.522 -9999999 G2 073.D-0578(A) Bouchy -9999999 HARPS_ech_obs_all HARPS_ech_obs_thosimult STAR_WAVE_G5V 6.33987906434063e-06 5.48647552150727e-07 0 0 0
HD134987 228.3691115 -25.310035 2453162.4884962 38.284042 1.029866 5206.866939 1.105589 79.900658 0.571795 5207.886611 0.509553 79.892686 0.572586 6.768418 5.704464 -22.425654 1.648913 0.429671 0.000545 0.288427 0.000712 0.390848 0.000928 0 7.417118 51.316839 -0.01863 5.12 134.2 2453162.48849 -10.794888 -10.794481 0.335 -9999999 0.030483 0.058175 0.856548 0.989189 0.981163 0.48 99.9998 6.771849 5.656013 2004-06-05T23:34:55.324 -9999999 G2 073.D-0578(A) Bouchy -9999999 HARPS_ech_obs_all HARPS_ech_obs_thosimult STAR_WAVE_G5V 5.14039986894904e-06 5.08091495568716e-07 0 0 0
HD134987 228.3691115 -25.310035 2453162.4900638 41.30557 1.058595 5209.848442 1.127205 82.921694 0.622054 5210.865169 0.554898 83.009743 0.622662 -6.024309 5.164536 -18.684513 1.746694 0.429843 0.000593 0.289185 0.000776 0.391764 0.001009 0 7.423189 51.288384 -0.022789 5.12 123.6 2453162.49005 -10.79792 -10.797496 0.392 -9999999 0.030484 0.057683 0.856547 0.986243 0.981163 0.52 100.0013 -6.008739 5.115552 2004-06-05T23:37:06.765 -9999999 G2 073.D-0578(A) Bouchy -9999999 HARPS_ech_obs_all HARPS_ech_obs_thosimult STAR_WAVE_G5V 5.90038861638e-06 6.80189828100989e-07 0 0 0
HD134987 228.3691115 -25.310035 2453162.4915646 38.805933 1.067369 5207.149119 1.133646 80.421585 0.636872 5208.163025 0.567869 80.503097 0.637527 10.391255 5.769974 -16.821465 2.019555 0.429929 0.000602 0.290377 0.000792 0.390183 0.001026 0 7.423072 51.257249 -0.018392 5.12 121.3 2453162.49156 -10.800848 -10.800442 0.563 -9999999 0.030484 0.057211 0.856546 0.983422 0.981162 0.51 99.9961 10.39408 5.72051 2004-06-05T23:39:17.447 -9999999 G2 073.D-0578(A) Bouchy -9999999 HARPS_ech_obs_all HARPS_ech_obs_thosimult STAR_WAVE_G5V 8.62276666652284e-06 6.14768431146519e-07 0 0 0
HD134987 228.3691115 -25.310035 2453162.4930821 37.065138 1.046714 5205.924224 1.117564 78.680313 0.601614 5206.935279 0.535044 78.700023 0.602338 -0.207758 5.265067 -19.833874 1.716236 0.429573 0.000569 0.287572 0.000744 0.390938 0.000971 0 7.420108 51.282735 -0.019539 5.12 128.3 2453162.49308 -10.803833 -10.803419 0.507 -9999999 0.030485 0.056735 0.856545 0.98057 0.981161 0.51 99.9965 -0.207064 5.205338 2004-06-05T23:41:28.558 -9999999 G2 073.D-0578(A) Bouchy -9999999 HARPS_ech_obs_all HARPS_ech_obs_thosimult STAR_WAVE_G5V 7.31336747044105e-06 5.56081307928471e-07 0 0 0
HD134987 228.3691115 -25.310035 2453162.4945947 41.393487 1.032431 5210.036066 1.108107 83.008187 0.576408 5211.044278 0.515002 83.035772 0.577199 3.398068 5.43816 -22.13949 1.369503 0.430062 0.000552 0.288681 0.000721 0.389673 0.000937 0 7.419266 51.299122 -0.023486 5.12 132.7 2453162.49459 -10.806835 -10.806439 0.571 -9999999 0.030485 0.05626 0.856545 0.977727 0.98116 0.51 100.0017 3.410305 5.393346 2004-06-05T23:43:39.249 -9999999 G2 073.D-0578(A) Bouchy -9999999 HARPS_ech_obs_all HARPS_ech_obs_thosimult STAR_WAVE_G5V 6.45860151410751e-06 6.0214612460183e-07 0 0 0
HD134987 228.3691115 -25.310035 2453162.4960812 41.085191 1.047935 5209.837389 1.118858 82.699424 0.603738 5210.842807 0.537746 82.7342 0.604316 5.542654 4.806318 -21.040235 2.099301 0.429621 0.000574 0.289567 0.000753 0.390148 0.000977 0 7.421504 51.284823 -0.02581 5.12 127.4 2453162.49607 -10.809809 -10.809396 0.441 -9999999 0.030485 0.055793 0.856544 0.974933 0.981159 0.49 100.0017 5.558722 4.751057 2004-06-05T23:45:49.691 -9999999 G2 073.D-0578(A) Bouchy -9999999 HARPS_ech_obs_all HARPS_ech_obs_thosimult STAR_WAVE_G5V 6.39841693227834e-06 6.26506093962392e-07 0 0 0
HD134987 228.3691115 -25.310035 2453162.4975931 38.511791 1.079401 5207.28283 1.14278 80.125549 0.656841 5208.285408 0.585897 80.199397 0.657377 5.886799 4.874548 -16.134351 1.795067 0.429146 0.000622 0.28813 0.000816 0.390254 0.001062 0 7.420775 51.271062 -0.023455 5.12 117.4 2453162.49759 -10.812858 -10.812447 0.302 -9999999 0.030486 0.055318 0.856543 0.972092 0.981158 0.49 99.9963 5.886133 4.811423 2004-06-05T23:48:00.323 -9999999 G2 073.D-0578(A) Bouchy -9999999 HARPS_ech_obs_all HARPS_ech_obs_thosimult STAR_WAVE_G5V 5.2038923473138e-06 6.60839981867553e-07 0 0 0
HD134987 228.3691115 -25.310035 2453162.4991223 38.009847 1.065678 5206.76449 1.13183 79.623125 0.634039 5207.764194 0.564242 79.664343 0.634572 -2.837309 5.671754 -17.77736 1.825558 0.42948 0.000596 0.28925 0.000785 0.391428 0.001021 0 7.425531 51.276314 -0.023089 5.12 122.0 2453162.49912 -10.815967 -10.815565 0.422 -9999999 0.030486 0.054837 0.856542 0.969218 0.981157 0.5 100.0004 -2.823249 5.62128 2004-06-05T23:50:11.454 -9999999 G2 073.D-0578(A) Bouchy -9999999 HARPS_ech_obs_all HARPS_ech_obs_thosimult STAR_WAVE_G5V 4.8037831684644e-06 6.20758629512997e-07 0 0 0
HD134987 228.3691115 -25.310035 2453162.5006405 40.630947 1.052653 5208.694399 1.121907 82.243748 0.611894 5209.69125 0.544065 82.264148 0.612396 7.021522 5.055142 -20.15416 2.076293 0.429185 0.000584 0.290477 0.000764 0.391756 0.000992 0 7.419855 51.290839 -0.023182 5.12 125.7 2453162.50063 -10.819078 -10.818665 0.271 -9999999 0.030487 0.054361 0.856541 0.966364 0.981157 0.5 100.0006 7.027915 5.002574 2004-06-05T23:52:22.625 -9999999 G2 073.D-0578(A) Bouchy -9999999 HARPS_ech_obs_all HARPS_ech_obs_thosimult STAR_WAVE_G5V 8.50493936008681e-06 6.19053673389833e-07 0 0 0
HD134987 228.3691115 -25.310035 2453162.5021647 40.149778 1.05898 5207.469912 1.127386 81.7621 0.622718 5208.463898 0.555277 81.779453 0.623421 0.824878 5.381209 -20.297782 1.470029 0.428727 0.000588 0.287987 0.000772 0.390713 0.001005 0 7.420311 51.284261 -0.019925 5.12 123.8 2453162.50216 -10.822225 -10.821814 0.351 -9999999 0.030487 0.053882 0.856541 0.963499 0.981156 0.51 100.0002 0.830349 5.327252 2004-06-05T23:54:33.326 -9999999 G2 073.D-0578(A) Bouchy -9999999 HARPS_ech_obs_all HARPS_ech_obs_thosimult STAR_WAVE_G5V 5.4412217945966e-06 7.75214721481576e-07 0 0 0
HD134987 228.3691115 -25.310035 2453162.5036818 40.623615 1.058867 5208.648413 1.128145 82.235461 0.622526 5209.639548 0.556817 82.352574 0.623182 2.043513 5.131957 -16.412774 1.874321 0.429922 0.000591 0.28821 0.000774 0.389847 0.001007 0 7.423924 51.26501 -0.02351 5.12 123.5 2453162.50368 -10.825382 -10.824981 0.403 -9999999 0.030487 0.053405 0.85654 0.960648 0.981155 0.51 100.0005 2.05341 5.08156 2004-06-05T23:56:44.408 -9999999 G2 073.D-0578(A) Bouchy -9999999 HARPS_ech_obs_all HARPS_ech_obs_thosimult STAR_WAVE_G5V 5.88064544264643e-06 6.69830700379131e-07 0 0 0
HD134987 228.3691115 -25.310035 2453162.5051862 39.447951 1.058188 5208.45397 1.127241 81.059324 0.621372 5209.442278 0.554985 81.088684 0.621866 -0.889757 6.18049 -20.612104 1.972536 0.429927 0.000596 0.290059 0.000779 0.390798 0.001011 0 7.419545 51.303427 -0.02016 5.12 123.1 2453162.50518 -10.828536 -10.828128 0.231 -9999999 0.030488 0.052933 0.856539 0.95782 0.981154 0.5 100.0015 -0.876964 6.134109 2004-06-05T23:58:55.389 -9999999 G2 073.D-0578(A) Bouchy -9999999 HARPS_ech_obs_all HARPS_ech_obs_thosimult STAR_WAVE_G5V 3.61141826735644e-06 6.15233049746261e-07 0 0 0
HD134987 228.3691115 -25.310035 2453162.5066943 40.764505 1.06494 5208.8609 1.131982 82.375405 0.632803 5209.846374 0.564554 82.382597 0.633409 2.977893 5.451593 -18.590189 1.807724 0.429321 0.000602 0.289176 0.000788 0.389664 0.001023 0 7.423236 51.271273 -0.022529 5.12 121.6 2453162.50669 -10.831721 -10.831299 0.388 -9999999 0.030488 0.052459 0.856538 0.954986 0.981153 0.49 100.0005 2.982656 5.401269 2004-06-06T00:01:06.690 -9999999 G2 073.D-0578(A) Bouchy -9999999 HARPS_ech_obs_all HARPS_ech_obs_thosimult STAR_WAVE_G5V 4.53586613019205e-06 6.31911952619489e-07 0 0 0
HD134987 228.3691115 -25.310035 2453165.4589127 39.458965 1.127553 5207.195385 1.174301 81.235429 0.733262 5208.962989 0.645185 81.263192 0.734004 -1.451518 6.452026 -34.042536 2.126612 0.429525 0.000681 0.278124 0.000897 0.380187 0.001171 0 7.424336 51.399047 -0.020826 5.2 106.8 2453165.45891 -12.102061 -12.10165 0.06 -9999999 0.031294 0.218023 0.856565 1.73631 0.981182 0.5 100.0064 -1.424751 6.413409 2004-06-08T22:52:27.359 -9999999 G2 073.D-0578(A) Bouchy -9999999 HARPS_ech_obs_all HARPS_ech_obs_thosimult STAR_WAVE_G5V 4.24695118533038e-06 8.97469893263793e-07 0 0 0
HD134987 228.3691115 -25.310035 2453165.4604443 43.084471 1.07319 5210.565461 1.136648 84.860454 0.646556 5212.330187 0.573806 84.850426 0.647319 5.909916 5.695695 -32.678851 1.684123 0.428923 0.000611 0.278981 0.000803 0.378501 0.001044 0 7.421866 51.385133 -0.019946 5.2 119.4 2453165.46044 -12.104626 -12.104203 0.074 -9999999 0.031295 0.217542 0.856564 1.733431 0.981181 0.51 100.0029 5.936357 5.661351 2004-06-08T22:54:38.701 -9999999 G2 073.D-0578(A) Bouchy -9999999 HARPS_ech_obs_all HARPS_ech_obs_thosimult STAR_WAVE_G5V 8.13589345517827e-06 6.33989790159481e-07 0 0 0
HD134987 228.3691115 -25.310035 2453165.4619193 40.839829 1.099827 5209.233419 1.153858 82.615349 0.689869 5210.995373 0.607186 82.619334 0.690438 11.884248 5.910338 -26.447413 1.884668 0.429085 0.000636 0.278815 0.000843 0.378541 0.001096 0 7.429168 51.345948 -0.019162 5.2 113.6 2453165.46192 -12.107123 -12.10672 0.263 -9999999 0.031295 0.217079 0.856563 1.730659 0.98118 0.48 100.0061 11.910432 5.876372 2004-06-08T22:56:49.142 -9999999 G2 073.D-0578(A) Bouchy -9999999 HARPS_ech_obs_all HARPS_ech_obs_thosimult STAR_WAVE_G5V 6.78504169515144e-06 7.48165911668227e-07 0 0 0
HD134987 228.3691115 -25.310035 2453165.4634842 39.255727 1.07673 5207.203716 1.138044 81.030755 0.652417 5208.96273 0.57657 81.077456 0.653171 5.125045 6.146645 -29.423946 1.579202 0.429027 0.000606 0.279682 0.000802 0.379466 0.001044 0 7.425453 51.355418 -0.021265 5.2 119.5 2453165.46348 -12.109801 -12.109389 0.142 -9999999 0.031296 0.216587 0.856562 1.727718 0.981179 0.52 100.0062 5.144153 6.105904 2004-06-08T22:59:00.353 -9999999 G2 073.D-0578(A) Bouchy -9999999 HARPS_ech_obs_all HARPS_ech_obs_thosimult STAR_WAVE_G5V 1.12190352494803e-05 5.26707170484444e-07 0 0 0
HD134987 228.3691115 -25.310035 2453165.4649318 42.467638 1.072956 5209.465593 1.134255 84.242212 0.646171 5211.221886 0.569056 84.235016 0.646923 5.539806 6.569495 -29.617151 1.902557 0.428536 0.000597 0.278808 0.00079 0.379687 0.001029 0 7.425809 51.359215 -0.021156 5.2 121.2 2453165.46493 -12.112306 -12.111887 -0.021 -9999999 0.031296 0.216133 0.856561 1.724997 0.981178 0.46 100.002 5.572471 6.542311 2004-06-08T23:01:11.434 -9999999 G2 073.D-0578(A) Bouchy -9999999 HARPS_ech_obs_all HARPS_ech_obs_thosimult STAR_WAVE_G5V 5.34227725292656e-06 6.41844854560506e-07 0 0 0
HD134987 228.3691115 -25.310035 2453165.46646 40.473989 1.091162 5207.393712 1.147822 82.248082 0.675973 5209.147133 0.59564 82.278523 0.676627 11.476139 5.704332 -25.611808 1.649271 0.428781 0.000624 0.279201 0.000827 0.378919 0.001075 0 7.424654 51.348535 -0.021384 5.2 115.8 2453165.46645 -12.114977 -12.114567 0.037 -9999999 0.031296 0.215653 0.85656 1.722125 0.981177 0.47 100.003 11.497105 5.658043 2004-06-08T23:03:22.476 -9999999 G2 073.D-0578(A) Bouchy -9999999 HARPS_ech_obs_all HARPS_ech_obs_thosimult STAR_WAVE_G5V 4.43898093332773e-06 8.29088787759894e-07 0 0 0
HD134987 228.3691115 -25.310035 2453165.4680374 39.995804 1.055573 5208.234055 1.123745 81.769402 0.61688 5209.984512 0.547811 81.703257 0.617713 16.349898 5.140295 -28.741679 1.436695 0.428843 0.000584 0.278131 0.000765 0.379722 0.000998 0 7.422052 51.369966 -0.022368 5.2 125.0 2453165.46803 -12.117763 -12.117342 0.17 -9999999 0.031297 0.215157 0.856559 1.71916 0.981176 0.52 100.0061 16.375891 5.090303 2004-06-08T23:05:33.767 -9999999 G2 073.D-0578(A) Bouchy -9999999 HARPS_ech_obs_all HARPS_ech_obs_thosimult STAR_WAVE_G5V 5.08789890007383e-06 6.80963092356513e-07 0 0 0
HD134987 228.3691115 -25.310035 2453165.4695395 40.728713 1.047416 5208.118842 1.116682 82.501839 0.602816 5209.866476 0.533174 82.561428 0.603558 -0.23979 6.090747 -28.504587 1.571644 0.429031 0.000566 0.279584 0.000745 0.379826 0.00097 0 7.427467 51.358271 -0.020609 5.2 128.5 2453165.46953 -12.120444 -12.120022 -0.061 -9999999 0.031297 0.214685 0.856558 1.716337 0.981175 0.5 100.0032 -0.227731 6.054287 2004-06-08T23:07:45.559 -9999999 G2 073.D-0578(A) Bouchy -9999999 HARPS_ech_obs_all HARPS_ech_obs_thosimult STAR_WAVE_G5V 7.33048814280191e-06 7.01325539136278e-07 0 0 0
HD134987 228.3691115 -25.310035 2453165.4710806 43.040147 1.054488 5210.856494 1.122128 84.812789 0.615023 5212.601232 0.54449 84.881332 0.615791 11.762324 5.500855 -29.87105 1.503513 0.429553 0.000578 0.278964 0.00076 0.380058 0.000991 0 7.422879 51.357371 -0.021385 5.2 125.8 2453165.47107 -12.123223 -12.122807 0.0 -9999999 0.031298 0.214201 0.856558 1.71344 0.981174 0.51 100.0065 11.791314 5.464381 2004-06-08T23:09:57.710 -9999999 G2 073.D-0578(A) Bouchy -9999999 HARPS_ech_obs_all HARPS_ech_obs_thosimult STAR_WAVE_G5V 6.39445082276766e-06 6.0354320590604e-07 0 0 0
HD134987 228.3691115 -25.310035 2453165.4725717 38.914978 1.045061 5206.938111 1.115568 80.687152 0.598718 5208.680047 0.530841 80.710195 0.599711 -4.221358 5.244775 -30.923477 1.656723 0.4304 0.000564 0.278137 0.00074 0.378123 0.000964 0 7.42179 51.36227 -0.01946 5.2 129.0 2453165.47257 -12.125938 -12.12552 -0.148 -9999999 0.031298 0.213733 0.856557 1.710638 0.981173 0.49 100.0059 -4.207966 5.196793 2004-06-08T23:12:08.551 -9999999 G2 073.D-0578(A) Bouchy -9999999 HARPS_ech_obs_all HARPS_ech_obs_thosimult STAR_WAVE_G5V 6.82183165747532e-06 6.87810743170885e-07 0 0 0
HD134987 228.3691115 -25.310035 2453165.4741074 39.752004 1.049221 5207.349972 1.117923 81.523695 0.605951 5209.089023 0.535774 81.524118 0.606688 8.242236 4.942263 -28.249828 1.351154 0.428387 0.000566 0.278495 0.000745 0.378968 0.000971 0 7.426745 51.360506 -0.021004 5.2 128.1 2453165.4741 -12.128761 -12.128344 -0.06 -9999999 0.031299 0.213251 0.856556 1.707752 0.981172 0.5 100.0021 8.260905 4.890939 2004-06-08T23:14:20.243 -9999999 G2 073.D-0578(A) Bouchy -9999999 HARPS_ech_obs_all HARPS_ech_obs_thosimult STAR_WAVE_G5V 6.03080138718549e-06 6.28121034367092e-07 0 0 0
HD134987 228.3691115 -25.310035 2453165.4756399 43.86872 1.031333 5211.933886 1.105899 85.63993 0.574422 5213.670056 0.510212 85.70462 0.57509 -1.691568 5.122467 -26.416634 1.418013 0.429689 0.000545 0.279356 0.000714 0.379533 0.00093 0 7.424912 51.342897 -0.023889 5.2 133.9 2453165.47563 -12.131605 -12.13119 0.16 -9999999 0.031299 0.212769 0.856555 1.704871 0.981171 0.51 100.002 -1.675827 5.086457 2004-06-08T23:16:31.654 -9999999 G2 073.D-0578(A) Bouchy -9999999 HARPS_ech_obs_all HARPS_ech_obs_thosimult STAR_WAVE_G5V 7.34779964686856e-06 6.15970115014475e-07 0 0 0
HD134987 228.3691115 -25.310035 2453165.47714 40.135071 1.032209 5208.487633 1.105292 81.90581 0.575996 5210.220984 0.508896 81.905577 0.576695 4.565193 5.013763 -27.205937 1.483701 0.429273 0.000538 0.278786 0.000708 0.379346 0.000923 0 7.42344 51.352015 -0.020316 5.2 134.8 2453165.47714 -12.134416 -12.134003 0.153 -9999999 0.031299 0.212298 0.856554 1.702052 0.98117 0.5 100.0062 4.582815 4.959689 2004-06-08T23:18:42.266 -9999999 G2 073.D-0578(A) Bouchy -9999999 HARPS_ech_obs_all HARPS_ech_obs_thosimult STAR_WAVE_G5V 7.41475292145542e-06 6.82682967398181e-07 0 0 0
HD134987 228.3691115 -25.310035 2453165.4786678 39.153284 1.040758 5207.958343 1.112087 80.923543 0.59118 5209.688823 0.523492 80.93098 0.592137 9.204794 4.784681 -29.67725 1.360189 0.42953 0.000559 0.279684 0.000733 0.379129 0.000953 0 7.423047 51.359805 -0.021808 5.2 130.6 2453165.47866 -12.137305 -12.136886 -0.006 -9999999 0.0313 0.211818 0.856553 1.69918 0.981169 0.51 100.0003 9.234353 4.730862 2004-06-08T23:20:53.277 -9999999 G2 073.D-0578(A) Bouchy -9999999 HARPS_ech_obs_all HARPS_ech_obs_thosimult STAR_WAVE_G5V 5.54714786983405e-06 6.72461168221573e-07 0 0 0
HD134987 228.3691115 -25.310035 2453165.4801497 42.113225 1.036078 5210.077058 1.108059 83.883018 0.582903 5211.804753 0.514882 83.862809 0.583681 6.159844 6.393008 -30.995908 1.505588 0.428829 0.000548 0.280397 0.000722 0.379748 0.000938 0 7.419372 51.373612 -0.02036 5.2 132.7 2453165.48015 -12.140133 -12.139723 0.15 -9999999 0.0313 0.211353 0.856552 1.696395 0.981168 0.48 100.0025 6.18699 6.35974 2004-06-08T23:23:04.319 -9999999 G2 073.D-0578(A) Bouchy -9999999 HARPS_ech_obs_all HARPS_ech_obs_thosimult STAR_WAVE_G5V 5.78672545353818e-06 6.98144952968932e-07 0 0 0
HD134987 228.3691115 -25.310035 2453165.4816891 41.25455 1.026269 5208.952758 1.101196 83.02386 0.565285 5210.677561 0.499944 83.080488 0.5662 2.531514 5.157323 -28.444236 1.52782 0.429181 0.000533 0.278481 0.000698 0.379973 0.000911 0 7.422579 51.356267 -0.020151 5.2 136.7 2453165.48169 -12.143096 -12.14268 -0.05 -9999999 0.031301 0.210869 0.856552 1.693502 0.981168 0.5 100.0027 2.557591 5.115951 2004-06-08T23:25:15.330 -9999999 G2 073.D-0578(A) Bouchy -9999999 HARPS_ech_obs_all HARPS_ech_obs_thosimult STAR_WAVE_G5V 6.73431338736953e-06 5.32745119353548e-07 0 0 0
HD134987 228.3691115 -25.310035 2453165.4831722 40.431449 1.025904 5208.647785 1.099094 82.200293 0.564624 5210.3698 0.495297 82.243649 0.565303 13.790315 5.414549 -19.31283 1.624433 0.428687 0.000533 0.279419 0.0007 0.379756 0.000912 0 7.42369 51.284356 -0.023089 5.2 136.7 2453165.48317 -12.145976 -12.145568 -0.221 -9999999 0.031301 0.210403 0.856551 1.690714 0.981167 0.47 99.9999 13.814926 5.36748 2004-06-08T23:27:26.471 -9999999 G2 073.D-0578(A) Bouchy -9999999 HARPS_ech_obs_all HARPS_ech_obs_thosimult STAR_WAVE_G5V 7.13839054058689e-06 5.35527704144106e-07 0 0 0
HD134987 228.3691115 -25.310035 2453165.4847082 38.366555 1.040241 5206.590225 1.1119 80.134916 0.590275 5208.309353 0.523102 80.154842 0.590905 7.226602 5.487248 -24.040089 1.743589 0.430157 0.000555 0.279182 0.000729 0.379375 0.000949 0 7.422374 51.3139 -0.020425 5.2 131.1 2453165.48471 -12.148984 -12.148577 0.128 -9999999 0.031301 0.209921 0.85655 1.687827 0.981166 0.49 100.0059 7.247544 5.42849 2004-06-08T23:29:37.182 -9999999 G2 073.D-0578(A) Bouchy -9999999 HARPS_ech_obs_all HARPS_ech_obs_thosimult STAR_WAVE_G5V 5.26557425502476e-06 6.31139588379148e-07 0 0 0
HD134987 228.3691115 -25.310035 2453165.4862241 41.791995 1.048463 5209.910953 1.118063 83.55988 0.604647 5211.627233 0.536079 83.603647 0.605505 14.940781 4.983946 -26.858783 1.316337 0.428401 0.000566 0.27884 0.000745 0.381366 0.000973 0 7.423143 51.344294 -0.021002 5.2 128.2 2453165.48622 -12.151978 -12.151565 0.145 -9999999 0.031302 0.209444 0.856549 1.684978 0.981165 0.49 100.0012 14.952399 4.941514 2004-06-08T23:31:48.164 -9999999 G2 073.D-0578(A) Bouchy -9999999 HARPS_ech_obs_all HARPS_ech_obs_thosimult STAR_WAVE_G5V 7.10665058259335e-06 6.26006741549487e-07 0 0 0
HD134987 228.3691115 -25.310035 2453165.4878022 40.652342 1.068768 5208.425596 1.133636 82.419731 0.639211 5210.13891 0.567845 82.451495 0.639813 3.665468 5.256535 -20.665034 1.57931 0.429806 0.000603 0.279701 0.000792 0.379914 0.001031 0 7.426023 51.291136 -0.022763 5.2 120.9 2453165.4878 -12.155122 -12.154712 0.01 -9999999 0.031302 0.208949 0.856548 1.682012 0.981164 0.54 100.0061 3.674602 5.208952 2004-06-08T23:33:59.515 -9999999 G2 073.D-0578(A) Bouchy -9999999 HARPS_ech_obs_all HARPS_ech_obs_thosimult STAR_WAVE_G5V 9.92841554606548e-06 5.79089375418107e-07 0 0 0
HD134987 228.3691115 -25.310035 2453165.4892542 40.167373 1.045218 5208.577124 1.116256 81.934306 0.599006 5210.28771 0.532303 82.051778 0.59966 6.851938 5.302206 -29.39025 1.376222 0.428764 0.000569 0.279577 0.000745 0.38098 0.000971 0 7.421605 51.377659 -0.021474 5.2 128.4 2453165.48924 -12.158038 -12.157612 0.182 -9999999 0.031303 0.208493 0.856547 1.679283 0.981163 0.48 99.9999 6.872476 5.246009 2004-06-08T23:36:10.977 -9999999 G2 073.D-0578(A) Bouchy -9999999 HARPS_ech_obs_all HARPS_ech_obs_thosimult STAR_WAVE_G5V 6.97822401127024e-06 5.68999029359162e-07 0 0 0
HD134987 228.3691115 -25.310035 2453165.4907391 41.228968 1.062155 5209.316674 1.128195 82.995435 0.628093 5211.024469 0.556907 82.963795 0.62885 3.95016 4.970912 -30.137765 1.772233 0.429359 0.000594 0.278764 0.000778 0.378339 0.001012 0 7.422413 51.35238 -0.019312 5.2 122.9 2453165.49074 -12.161044 -12.160627 0.029 -9999999 0.031303 0.208026 0.856547 1.676492 0.981162 0.46 100.0022 3.969059 4.923647 2004-06-08T23:38:21.278 -9999999 G2 073.D-0578(A) Bouchy -9999999 HARPS_ech_obs_all HARPS_ech_obs_thosimult STAR_WAVE_G5V 5.55558633846897e-06 7.28753248793929e-07 0 0 0
HD134987 228.3691115 -25.310035 2453165.4923152 43.332535 1.044958 5211.601588 1.115912 85.098507 0.598553 5213.306422 0.531584 85.108965 0.599276 6.650075 5.45096 -26.591914 1.316635 0.427741 0.000569 0.280281 0.000747 0.378097 0.00097 0 7.424961 51.350671 -0.020304 5.2 128.3 2453165.49231 -12.16426 -12.163851 0.183 -9999999 0.031304 0.207531 0.856546 1.67353 0.981161 0.51 100.0019 6.669131 5.410929 2004-06-08T23:40:32.460 -9999999 G2 073.D-0578(A) Bouchy -9999999 HARPS_ech_obs_all HARPS_ech_obs_thosimult STAR_WAVE_G5V 5.42078662634007e-06 6.54016187023206e-07 0 0 0
HD134987 228.3691115 -25.310035 2453165.4937882 40.704893 1.040175 5209.292731 1.110942 82.470402 0.590165 5210.994796 0.521073 82.493025 0.590763 -0.296491 4.997471 -28.679674 1.457567 0.429433 0.000555 0.279493 0.000728 0.380018 0.000948 0 7.421827 51.364533 -0.023876 5.2 131.3 2453165.49378 -12.167289 -12.166867 0.126 -9999999 0.031304 0.207068 0.856545 1.670761 0.98116 0.47 100.0023 -0.276026 4.94688 2004-06-08T23:42:43.731 -9999999 G2 073.D-0578(A) Bouchy -9999999 HARPS_ech_obs_all HARPS_ech_obs_thosimult STAR_WAVE_G5V 5.58769607931502e-06 5.85607250652387e-07 0 0 0
HD134987 228.3691115 -25.310035 2453165.4953358 41.545996 1.039202 5209.801662 1.111737 83.311019 0.58845 5211.500819 0.522767 83.327091 0.589168 3.382093 5.088686 -27.875255 1.531014 0.428385 0.00056 0.278885 0.000732 0.381758 0.000957 0 7.422268 51.361007 -0.02112 5.2 130.5 2453165.49533 -12.170496 -12.170074 0.252 -9999999 0.031304 0.206582 0.856544 1.667853 0.98116 0.5 100.0062 3.396326 5.037986 2004-06-08T23:44:54.452 -9999999 G2 073.D-0578(A) Bouchy -9999999 HARPS_ech_obs_all HARPS_ech_obs_thosimult STAR_WAVE_G5V 6.10310215572278e-06 5.67920317416765e-07 0 0 0
HD134987 228.3691115 -25.310035 2453165.4968263 41.921373 1.058951 5209.395228 1.125659 83.685928 0.622665 5211.091584 0.551756 83.758788 0.623435 2.676586 5.771711 -26.15315 1.758508 0.430203 0.000589 0.279154 0.000772 0.380147 0.001006 0 7.423875 51.341756 -0.02046 5.2 123.9 2453165.49682 -12.173608 -12.173203 0.084 -9999999 0.031305 0.206114 0.856543 1.665051 0.981159 0.48 100.0061 2.695034 5.728804 2004-06-08T23:47:05.233 -9999999 G2 073.D-0578(A) Bouchy -9999999 HARPS_ech_obs_all HARPS_ech_obs_thosimult STAR_WAVE_G5V 5.663435693633e-06 7.35362817913969e-07 0 0 0
HD134987 228.3691115 -25.310035 2453165.4983773 40.9589 1.033768 5208.972203 1.107621 82.722968 0.578801 5210.665644 0.513958 82.774841 0.579534 1.944046 5.660986 -27.390485 1.452278 0.429459 0.000549 0.279127 0.000719 0.381671 0.000939 0 7.42244 51.355312 -0.021179 5.2 132.9 2453165.49837 -12.17687 -12.176458 0.044 -9999999 0.031305 0.205627 0.856543 1.662136 0.981158 0.51 100.0028 1.956432 5.617326 2004-06-08T23:49:16.245 -9999999 G2 073.D-0578(A) Bouchy -9999999 HARPS_ech_obs_all HARPS_ech_obs_thosimult STAR_WAVE_G5V 7.61807511224581e-06 6.51073613676914e-07 0 0 0
HD134987 228.3691115 -25.310035 2453165.4999054 41.090632 1.039696 5209.916816 1.111612 82.85422 0.589325 5211.607386 0.522506 82.910564 0.59015 -2.612859 5.897685 -25.600644 1.572419 0.429656 0.000559 0.279115 0.00073 0.37941 0.000951 0 7.425675 51.345307 -0.017835 5.2 130.9 2453165.4999 -12.180108 -12.179708 0.057 -9999999 0.031306 0.205147 0.856542 1.659264 0.981157 0.52 100.0066 -2.591594 5.853551 2004-06-08T23:51:27.276 -9999999 G2 073.D-0578(A) Bouchy -9999999 HARPS_ech_obs_all HARPS_ech_obs_thosimult STAR_WAVE_G5V 4.99455909436932e-06 5.29511133717559e-07 0 0 0
HD134987 228.3691115 -25.310035 2453202.5708416 18.000861 0.922601 5186.79963 1.019508 57.658617 0.3429 5185.680367 0.277112 57.67992 0.34313 5.914517 3.463968 -16.907442 1.029079 0.426573 0.000314 0.28582 0.00041 0.390761 0.000532 0 7.41739 51.315249 -0.020969 5.0 234.1 2453202.57083 -25.632408 -25.632198 0.665 -9999999 0.041429 -1.900685 0.856512 -1.160692 0.981125 0.52 449.9958 5.917885 3.218924 2004-07-16T01:34:03.728 -9999999 G2 072.C-0488(E) Mayor -9999999 HARPS_ech_obs_all HARPS_ech_obs_thosimult STAR_WAVE_G5 6.46856146336922e-06 3.37299254107783e-07 0 0 0
HD134987 228.3691115 -25.310035 2453202.5762008 19.75951 0.91749 5188.490257 1.015835 59.415583 0.328904 5187.360922 0.263286 59.444562 0.329089 3.322267 3.212884 -15.683683 1.066681 0.426535 0.000303 0.28552 0.000393 0.389876 0.000509 0 7.417981 51.305913 -0.022008 5.0 244.3 2453202.57619 -25.645306 -25.645112 0.563 -9999999 0.04143 -1.902368 0.85651 -1.170765 0.981123 0.48 449.9951 3.324718 2.965521 2004-07-16T01:42:04.810 -9999999 G2 072.C-0488(E) Mayor -9999999 HARPS_ech_obs_all HARPS_ech_obs_thosimult STAR_WAVE_G5 5.63364507085887e-06 3.45053625974239e-07 0 0 0
HD134987 228.3691115 -25.310035 2453203.5559417 20.43519 0.923466 5190.043967 1.022721 60.102694 0.345206 5188.962917 0.288688 60.166146 0.345881 -2.917516 4.047283 -31.011079 1.288916 0.425863 0.000357 0.284599 0.000455 0.389885 0.000591 0 7.422198 51.429843 -0.01995 5.0 211.4 2453203.55593 -25.838501 -25.838298 0.435 -9999999 0.041698 -1.890937 0.856517 -1.122748 0.98113 0.52 399.9778 -2.91185 3.834133 2004-07-17T01:13:09.663 -9999999 G2 072.C-0488(E) Mayor -9999999 HARPS_ech_obs_all HARPS_ech_obs_thosimult STAR_WAVE_G5 7.36708296941136e-06 3.40091432053385e-07 0 0 0
HD134987 228.3691115 -25.310035 2453203.5608831 19.420909 0.920488 5188.272923 1.019809 59.08686 0.337165 5187.182587 0.278203 59.149331 0.337983 -1.614397 3.67543 -34.454879 1.623158 0.425482 0.000345 0.283762 0.000438 0.390301 0.000571 0 7.421188 51.448969 -0.018448 5.0 219.1 2453203.56088 -25.850634 -25.850454 0.396 -9999999 0.041699 -1.892489 0.856515 -1.132035 0.981128 0.51 399.9782 -1.60448 3.438982 2004-07-17T01:20:20.641 -9999999 G2 072.C-0488(E) Mayor -9999999 HARPS_ech_obs_all HARPS_ech_obs_thosimult STAR_WAVE_G5 7.11335641345965e-06 3.55068958121538e-07 0 0 0
HD134987 228.3691115 -25.310035 2453204.5571515 19.773817 1.112299 5188.960098 1.162298 59.466729 0.709639 5187.906326 0.623154 59.500741 0.709739 2.89892 6.164058 -11.205829 1.689465 0.430253 0.000728 0.291721 0.000952 0.382635 0.001235 0 7.425073 51.304533 -0.021689 5.0 102.2 2453204.55714 -26.076426 -26.076234 0.085 -9999999 0.041971 -1.865529 0.856517 -1.095743 0.98113 0.6 399.9943 2.910323 6.071202 2004-07-18T01:14:29.642 -9999999 G2 072.C-0488(E) Mayor -9999999 HARPS_ech_obs_all HARPS_ech_obs_thosimult STAR_WAVE_G5 8.04580060897246e-06 5.36058260504299e-07 0 0 0
HD134987 228.3691115 -25.310035 2453204.5620864 18.077827 1.00256 5186.820263 1.084017 57.769189 0.521066 5185.757218 0.460957 57.822852 0.521447 4.722719 4.536203 -22.064667 1.252627 0.429591 0.000562 0.291501 0.000723 0.3811 0.000938 0 7.422592 51.361378 -0.019423 5.0 134.0 2453204.56209 -26.088422 -26.088242 0.09 -9999999 0.041973 -1.867079 0.856515 -1.105018 0.981128 0.59 400.0 4.730156 4.371839 2004-07-18T01:21:40.053 -9999999 G2 072.C-0488(E) Mayor -9999999 HARPS_ech_obs_all HARPS_ech_obs_thosimult STAR_WAVE_G5 5.97071439634771e-06 4.43993056443066e-07 0 0 0
HD134987 228.3691115 -25.310035 2453205.5039769 10.590029 0.933337 5179.32986 1.030693 50.366968 0.370754 5178.445733 0.315696 50.38912 0.371212 8.561272 3.748915 -28.053524 1.294231 0.4295 0.000365 0.29157 0.000473 0.381302 0.000613 0 7.421982 51.396507 -0.020702 5.0 203.5 2453205.50397 -26.170773 -26.170587 0.583 -9999999 0.04223 -1.781502 0.85654 -0.926357 0.981155 0.55 450.0004 8.561938 3.54386 2004-07-18T23:57:54.969 -9999999 G2 072.C-0488(E) Mayor -9999999 HARPS_ech_obs_all HARPS_ech_obs_thosimult STAR_WAVE_G5 6.4697969107576e-06 3.67065301923031e-07 0 0 0
HD134987 228.3691115 -25.310035 2453205.509337 7.112859 0.923409 5175.964341 1.021479 46.888114 0.345004 5175.070141 0.284183 46.898092 0.34574 23.857166 3.746175 -35.690772 1.501088 0.425164 0.000335 0.29144 0.000431 0.380701 0.000559 0 7.421119 51.443234 -0.019648 5.0 223.3 2453205.50933 -26.184339 -26.184168 0.441 -9999999 0.042231 -1.783186 0.856537 -0.936431 0.981152 0.51 449.999 23.856956 3.695379 2004-07-19T00:05:56.124 -9999999 G2 072.C-0488(E) Mayor -9999999 HARPS_ech_obs_all HARPS_ech_obs_thosimult STAR_WAVE_G5 6.56995437021405e-06 3.43439921642831e-07 0 0 0
HD134987 228.3691115 -25.310035 2453217.5515925 -5.228547 0.955261 5164.76227 1.044546 34.521106 0.422964 5162.826395 0.358408 34.54411 0.42325 8.858968 3.671154 -19.002508 1.285563 0.428169 0.000406 0.29198 0.000526 0.38363 0.000686 0 7.422572 51.323515 -0.020281 5.0 182.3 2453217.55159 -28.394262 -28.394193 0.046 -9999999 0.04552 -1.808788 0.856519 -1.981395 0.981132 0.49 300.0007 8.868836 3.710854 2004-07-31T01:09:44.247 -9999999 G2 072.C-0488(E) Mayor -9999999 HARPS_ech_obs_all HARPS_ech_obs_thosimult STAR_WAVE_G5 7.10404377349146e-06 4.78098818008492e-07 0 0 0
HD134987 228.3691115 -25.310035 2453217.5554815 -4.592817 0.952057 5164.64643 1.042031 35.155614 0.415682 5162.703247 0.351014 35.198308 0.415972 4.747191 4.139959 -20.127396 1.248414 0.427234 0.000396 0.29098 0.000513 0.38295 0.000669 0 7.423489 51.335386 -0.02214 5.0 186.7 2453217.55548 -28.402643 -28.402551 0.107 -9999999 0.045521 -1.81001 0.856517 -1.988704 0.981131 0.51 299.9946 4.758251 4.186311 2004-07-31T01:15:14.291 -9999999 G2 072.C-0488(E) Mayor -9999999 HARPS_ech_obs_all HARPS_ech_obs_thosimult STAR_WAVE_G5 7.00921250355845e-06 3.96701808512708e-07 0 0 0
HD134987 228.3691115 -25.310035 2453217.5593286 -5.021812 0.947046 5165.343369 1.03812 34.725411 0.404075 5163.392956 0.339232 34.750328 0.404312 7.782701 4.403101 -20.364616 1.20892 0.428322 0.000386 0.291028 0.000499 0.383248 0.000651 0 7.421946 51.339899 -0.021047 5.0 192.0 2453217.55932 -28.410827 -28.410727 0.27 -9999999 0.045522 -1.811218 0.856516 -1.995935 0.981129 0.51 300.0009 7.785468 4.44156 2004-07-31T01:20:46.706 -9999999 G2 072.C-0488(E) Mayor -9999999 HARPS_ech_obs_all HARPS_ech_obs_thosimult STAR_WAVE_G5 6.91658237549823e-06 4.57732302227622e-07 0 0 0
HD134987 228.3691115 -25.310035 2453218.4949767 -4.105651 0.999536 5166.960366 1.075243 35.661786 0.515174 5165.131159 0.439855 35.593797 0.515399 7.66508 4.967736 -17.782399 1.16814 0.428495 0.000506 0.29088 0.000654 0.3811 0.00085 0 7.419812 51.319229 -0.019427 5.0 147.0 2453218.49435 -28.389755 -28.388186 0.057 -9999999 0.045778 -1.791004 0.856544 -1.874985 0.98116 0.68 299.9773 7.67117 4.989993 2004-07-31T23:47:23.347 -9999999 G2 072.C-0488(E) Mayor -9999999 HARPS_ech_obs_all HARPS_ech_obs_thosimult STAR_WAVE_G5 6.83682012038297e-06 5.09646947324249e-07 0 0 0
HD134987 228.3691115 -25.310035 2453218.4981807 -2.958446 0.941541 5166.409254 1.034841 36.807984 0.390941 5164.574025 0.328976 36.795172 0.391198 4.83364 2.878453 -17.128083 1.245198 0.428154 0.000368 0.291226 0.000478 0.381801 0.000621 0 7.424558 51.317988 -0.020331 5.0 200.4 2453218.49818 -28.39745 -28.397364 0.149 -9999999 0.045778 -1.79201 0.856543 -1.881007 0.981158 0.5 299.983 4.840054 2.926726 2004-07-31T23:52:54.191 -9999999 G2 072.C-0488(E) Mayor -9999999 HARPS_ech_obs_all HARPS_ech_obs_thosimult STAR_WAVE_G5 6.34948036502401e-06 4.30066166645786e-07 0 0 0
HD134987 228.3691115 -25.310035 2453218.502011 -2.79188 0.93487 5166.921691 1.02998 36.973347 0.374593 5165.079265 0.313356 37.007329 0.37494 3.343895 3.435973 -19.926518 1.227308 0.427151 0.000358 0.290651 0.000461 0.382833 0.000602 0 7.421278 51.332614 -0.021293 5.0 207.5 2453218.50201 -28.406615 -28.406533 0.11 -9999999 0.04578 -1.793214 0.856541 -1.888206 0.981156 0.5 299.978 3.349958 3.478165 2004-07-31T23:58:25.165 -9999999 G2 072.C-0488(E) Mayor -9999999 HARPS_ech_obs_all HARPS_ech_obs_thosimult STAR_WAVE_G5 5.88581933288391e-06 3.81517970012135e-07 0 0 0
HD134987 228.3691115 -25.310035 2453511.7815457 -38.923624 0.882354 5129.565613 0.974218 0.735614 0.498254 5128.317503 0.4017 0.764579 0.498417 5.065162 5.05416 -2.676174 1.141214 0.431058 0.000461 0.290944 0.000599 0.385913 0.000781 0 7.422052 51.254463 -0.020306 5.0 159.5 2453511.78154 -3.718539 -3.718176 0.339 -9999999 0.125869 -1.899202 0.728211 -1.373979 0.887546 0.47 198.703 5.071767 5.056272 2005-05-21T06:35:36.791 -9999999 G2 072.C-0488(E) Mayor -9999999 HARPS_ech_obs_all HARPS_ech_obs_thosimult STAR_WAVE_G5 7.47323302727183e-06 4.33078424911012e-07 0 0 0
HD134987 228.3691115 -25.310035 2453511.7842972 -35.301154 0.893402 5133.283072 0.981387 4.35722 0.517567 5132.02979 0.418786 4.446179 0.517754 6.894986 4.303264 -1.140081 1.32011 0.43073 0.000478 0.290085 0.000622 0.385979 0.000812 0 7.422101 51.240896 -0.021092 5.0 153.5 2453511.78429 -3.724789 -3.724414 0.053 -9999999 0.125869 -1.900067 0.728212 -1.379151 0.887547 0.51 198.7007 6.918913 4.31356 2005-05-21T06:39:26.574 -9999999 G2 072.C-0488(E) Mayor -9999999 HARPS_ech_obs_all HARPS_ech_obs_thosimult STAR_WAVE_G5 6.16016045308261e-06 4.95473960050463e-07 0 0 0
HD134987 228.3691115 -25.310035 2453511.7868389 -39.007953 1.058694 5129.725053 1.077439 0.649623 0.768466 5128.466995 0.610848 0.680959 0.768837 19.26432 5.914077 -2.965773 1.92316 0.430221 0.000707 0.290661 0.000928 0.383898 0.001207 0 7.422577 51.238308 -0.018216 5.0 103.8 2453511.78683 -3.7305 -3.730123 -0.104 -9999999 0.12587 -1.900865 0.728212 -1.383928 0.887547 0.46 198.7006 19.282467 5.91365 2005-05-21T06:43:16.117 -9999999 G2 072.C-0488(E) Mayor -9999999 HARPS_ech_obs_all HARPS_ech_obs_thosimult STAR_WAVE_G5 6.56870857602843e-06 7.63769543749592e-07 0 0 0
HD134987 228.3691115 -25.310035 2453511.7897153 -36.329194 1.111882 5131.112404 1.108423 3.327478 0.84023 5129.848941 0.663973 3.337279 0.840661 10.401985 6.086761 -0.200733 2.145339 0.429852 0.000766 0.289043 0.001009 0.384281 0.001314 0 7.427129 51.220277 -0.020868 5.0 95.6 2453511.78971 -3.736888 -3.73653 -0.006 -9999999 0.125871 -1.901769 0.728213 -1.389334 0.887548 0.55 198.7028 10.41466 6.091781 2005-05-21T06:47:06.760 -9999999 G2 072.C-0488(E) Mayor -9999999 HARPS_ech_obs_all HARPS_ech_obs_thosimult STAR_WAVE_G5 7.56593552023831e-06 7.93463367766072e-07 0 0 0
HD134987 228.3691115 -25.310035 2453516.7246641 -39.453056 1.451452 5127.716012 1.363525 0.952261 1.259453 5127.269744 1.099672 1.02285 1.260239 17.116947 11.994381 -29.32178 4.514137 0.431462 0.001254 0.297565 0.001647 0.390953 0.002134 0 7.419843 51.430646 -0.018747 5.0 61.3 2453516.72466 -6.033562 -6.033227 0.089 -9999999 0.127218 -1.153124 0.72145 -0.573486 0.806177 0.65 190.0004 17.118152 11.994075 2005-05-26T05:13:18.796 -9999999 G2 072.C-0488(E) Mayor -9999999 HARPS_ech_obs_all HARPS_ech_obs_thosimult STAR_WAVE_G5 1.04611076607511e-05 9.05021896020728e-07 0 0 0
HD134987 228.3691115 -25.310035 2453516.7268908 -40.446846 0.968292 5128.492341 0.973907 -0.042228 0.645832 5128.041889 0.546418 -0.011152 0.6462 15.160805 5.467326 -14.010467 1.557834 0.430693 0.000646 0.290709 0.00083 0.385408 0.001082 0 7.420027 51.335108 -0.022553 5.0 116.6 2453516.72688 -6.039343 -6.038983 0.113 -9999999 0.127219 -1.153823 0.72145 -0.577671 0.806177 0.5 190.0018 15.191339 5.466017 2005-05-26T05:16:59.678 -9999999 G2 072.C-0488(E) Mayor -9999999 HARPS_ech_obs_all HARPS_ech_obs_thosimult STAR_WAVE_G5 5.58405244171393e-06 7.80295996642083e-07 0 0 0
HD134987 228.3691115 -25.310035 2453516.7293915 -38.335424 0.955747 5129.01598 0.963981 2.068408 0.626867 5128.560829 0.528523 2.104971 0.627301 12.074417 6.055313 -16.537634 1.537801 0.430997 0.000631 0.291716 0.00081 0.387756 0.001057 0 7.4161 51.346318 -0.021484 5.0 119.6 2453516.72938 -6.0458 -6.045448 0.003 -9999999 0.12722 -1.154609 0.72145 -0.582371 0.806177 0.47 190.0003 12.079054 6.059733 2005-05-26T05:20:41.451 -9999999 G2 072.C-0488(E) Mayor -9999999 HARPS_ech_obs_all HARPS_ech_obs_thosimult STAR_WAVE_G5 6.41747991368381e-06 6.32551289966328e-07 0 0 0
HD134987 228.3691115 -25.310035 2453516.7320367 -39.934935 0.951041 5128.491645 0.961085 0.468066 0.619668 5128.031522 0.523222 0.497293 0.620048 2.616439 6.276982 -12.081548 1.390659 0.432004 0.000613 0.290597 0.000789 0.386044 0.001029 0 7.419632 51.321396 -0.019211 5.0 122.5 2453516.73203 -6.052588 -6.052234 -0.11 -9999999 0.12722 -1.15544 0.72145 -0.587343 0.806178 0.51 190.0025 2.62536 6.277565 2005-05-26T05:24:22.393 -9999999 G2 072.C-0488(E) Mayor -9999999 HARPS_ech_obs_all HARPS_ech_obs_thosimult STAR_WAVE_G5 6.6498058190803e-06 6.99170096438485e-07 0 0 0
HD134987 228.3691115 -25.310035 2455291.8832505 -26.013573 0.643993 5142.068595 0.62215 16.02245 0.360689 5143.255994 0.29298 16.042948 0.361158 -2.045664 3.944687 2.436137 0.890301 0.432271 0.000342 0.284641 0.000423 0.387652 0.000552 0 7.430829 51.212503 -0.022657 5.0 226.3 2455291.88325 18.173688 18.173962 0.129 -9999999 0.611981 0.477582 0.533508 0.575418 0.548847 0.45 400.0068 -2.018972 3.976912 2010-04-05T09:02:19.180 -9999999 G2 183.C-0972(A) Udry -9999999 HARPS_ech_obs_all HARPS_ech_obs_thosimult STAR_WAVE_G5 6.2076673676517e-06 3.11776925389057e-07 0 0 0
HD134987 228.3691115 -25.310035 2455291.888343 -26.070069 0.651818 5142.50388 0.627869 15.964354 0.374476 5143.681709 0.304929 15.976866 0.375025 3.741572 4.094247 2.927279 0.81703 0.432421 0.000358 0.284142 0.000441 0.388535 0.000577 0 7.43309 51.208303 -0.021511 5.0 216.8 2455291.88834 18.161607 18.161885 0.12 -9999999 0.611982 0.475983 0.533512 0.565847 0.548851 0.47 399.9997 3.765666 4.127248 2010-04-05T09:09:31.145 -9999999 G2 183.C-0972(A) Udry -9999999 HARPS_ech_obs_all HARPS_ech_obs_thosimult STAR_WAVE_G5 7.3298195563046e-06 3.88872812385188e-07 0 0 0
HD134987 228.3691115 -25.310035 2455306.7505059 -42.211965 0.860349 5126.669437 0.940451 -1.116811 0.222704 5127.175531 0.171927 -1.06119 0.223758 -0.773763 2.828713 -2.963505 0.635907 0.431645 0.000212 0.277486 0.000258 0.388432 0.000343 0 7.428532 51.238834 -0.021236 5.0 365.9 2455306.75049 11.874252 11.874603 0.528 -9999999 0.616041 -0.463287 0.831025 -0.109947 0.924602 0.49 900.0075 -0.751699 2.829622 2010-04-20T05:45:43.957 -9999999 G2 183.C-0972(A) Udry -9999999 HARPS_ech_obs_all HARPS_ech_obs_thosimult STAR_WAVE_G5 6.78948890089256e-06 2.47197395439199e-07 0 0 0
HD134987 228.3691115 -25.310035 2455325.6494827 -57.584285 0.703867 5111.546774 0.649868 -16.050892 0.284758 5111.808149 0.229484 -16.081501 0.285215 -1.844475 3.106722 3.144119 0.670901 0.429751 0.000256 0.290832 0.000322 0.393711 0.000421 0 7.430192 51.203443 -0.022028 5.0 295.2 2455325.64948 2.839281 2.839684 0.143 -9999999 0.621202 -0.025048 0.643694 -0.359827 0.608001 0.5 899.9993 -1.83229 3.032605 2010-05-09T03:19:26.611 -9999999 G2 183.C-0972(A) Udry -9999999 HARPS_ech_obs_all HARPS_ech_obs_thosimult STAR_WAVE_G5 6.76697847789456e-06 3.35748450923911e-07 0 0 0
HD134987 228.3691115 -25.310035 2456089.7084129 -55.005339 0.615354 5115.062436 0.716867 -14.315146 0.272976 5114.398941 0.220715 -14.334315 0.273205 5.765468 3.142057 5.488901 0.73278 0.428655 0.000253 0.279484 0.000305 0.380682 0.0004 0 7.437714 51.181502 -0.021545 5.0 313.7 2456089.70841 -13.577774 -13.577595 0.072 -9999999 0.829852 -0.868247 0.551493 -1.493347 0.682043 0.51 900.0059 5.772179 3.072965 2012-06-11T04:45:01.366 -9999999 G2 183.C-0972(A) Udry -9999999 HARPS_ech_obs_all HARPS_ech_obs_thosimult STAR_WAVE_G5 5.55048355746789e-06 2.95494444776453e-07 0 0 0
HD134987 228.3691115 -25.310035 2456745.8571381 -25.011668 0.639061 5143.255395 0.551729 17.589699 0.454654 5144.881364 0.37895 17.651231 0.455085 -8.249368 3.808209 9.889389 2.022258 0.432921 0.000452 0.285328 0.000541 0.396943 0.000705 0 7.440256 51.185831 -0.024852 5.0 177.8 2456745.85714 20.964301 20.964424 -0.066 -9999999 1.009033 1.042926 0.449098 0.616936 0.401002 0.5 300.0023 -8.212914 3.848484 2014-03-29T08:25:53.027 -9999999 G2 192.C-0852(A) Udry -9999999 HARPS_ech_obs_all HARPS_ech_obs_wavesimult STAR_WAVE_G5 6.45682726472124e-06 4.25514802004749e-07 0 0 0
HD134987 228.3691115 -25.310035 2456745.8609794 -23.16571 0.631084 5145.247032 0.544198 19.43445 0.443369 5146.865783 0.367894 19.48204 0.443929 -7.463675 3.746502 9.774507 1.717065 0.431224 0.000434 0.285774 0.000522 0.396903 0.00068 0 7.440667 51.186857 -0.022693 5.0 184.3 2456745.86097 20.954321 20.954467 -0.021 -9999999 1.009035 1.04172 0.449101 0.609716 0.401006 0.5 300.0026 -7.428438 3.781069 2014-03-29T08:31:24.888 -9999999 G2 192.C-0852(A) Udry -9999999 HARPS_ech_obs_all HARPS_ech_obs_wavesimult STAR_WAVE_G5 6.39874709316801e-06 4.29102393078126e-07 0 0 0
HD134987 228.3691115 -25.310035 2456745.8647469 -24.765269 0.643313 5144.257963 0.554185 17.833708 0.460605 5145.869634 0.382508 17.875864 0.460931 -6.986792 4.09385 10.350496 1.686835 0.431393 0.000453 0.286051 0.000545 0.396638 0.000709 0 7.442973 51.171232 -0.02425 5.0 176.7 2456745.86474 20.944589 20.944717 -0.116 -9999999 1.009036 1.040536 0.449104 0.602635 0.40101 0.48 300.0021 -6.960944 4.128195 2014-03-29T08:36:56.379 -9999999 G2 192.C-0852(A) Udry -9999999 HARPS_ech_obs_all HARPS_ech_obs_wavesimult STAR_WAVE_G5 6.92220003806833e-06 4.54792551741471e-07 0 0 0
HD134987 228.3691115 -25.310035 2456749.8479106 -17.741092 0.611933 5150.887571 0.715611 23.882192 0.3919 5151.409362 0.322343 23.911857 0.392508 -9.137361 3.544447 11.940509 1.358397 0.431219 0.000391 0.286177 0.000468 0.394173 0.000607 0 7.441714 51.168484 -0.023127 5.0 205.6 2456749.84791 19.450903 19.451041 0.085 -9999999 1.010123 0.064843 0.469975 -0.488332 0.638901 0.51 450.0015 -9.132045 3.595276 2014-04-02T08:10:52.908 -9999999 G2 192.C-0852(A) Udry -9999999 HARPS_ech_obs_all HARPS_ech_obs_wavesimult STAR_WAVE_G5 6.77239597539567e-06 3.9756467130607e-07 0 0 0
HD134987 228.3691115 -25.310035 2456749.8534313 -18.22601 0.618719 5150.042434 0.720084 23.39554 0.40241 5150.553851 0.332148 23.464941 0.402785 -2.18159 3.427528 13.328861 1.539172 0.430184 0.000403 0.284975 0.000481 0.39282 0.000625 0 7.441874 51.160232 -0.023636 5.0 199.3 2456749.85343 19.436475 19.436594 0.168 -9999999 1.010125 0.063109 0.469979 -0.498708 0.638904 0.5 450.0013 -2.168716 3.495483 2014-04-02T08:18:54.368 -9999999 G2 192.C-0852(A) Udry -9999999 HARPS_ech_obs_all HARPS_ech_obs_wavesimult STAR_WAVE_G5 -9999999.0 -9999999.0 -9999999 -9999999 -9999999
HD134987 228.3691115 -25.310035 2456750.8366361 -18.313748 0.770805 5150.214904 0.881333 25.167466 0.460393 5152.985928 0.383341 25.186698 0.460837 -2.101492 3.825627 13.21462 1.637538 0.431112 0.000462 0.285954 0.000557 0.387256 0.000725 0 7.443166 51.165773 -0.02303 5.0 172.8 2456750.83663 19.081909 19.08206 0.345 -9999999 1.010393 1.922773 0.618205 1.760631 0.793598 0.51 450.0008 -2.090598 3.87106 2014-04-03T07:54:33.278 -9999999 G2 192.C-0852(A) Udry -9999999 HARPS_ech_obs_all HARPS_ech_obs_wavesimult STAR_WAVE_G5 4.84607184446319e-06 5.65765785047747e-07 0 0 0
HD134987 228.3691115 -25.310035 2456750.8421604 -18.237283 0.754165 5149.940437 0.871168 25.242196 0.431953 5152.70108 0.35935 25.326289 0.432256 0.015633 4.103284 13.241072 1.600226 0.431097 0.000437 0.286489 0.000525 0.387111 0.000683 0 7.444354 51.162438 -0.023302 5.0 183.4 2456750.84216 19.06727 19.06738 0.0 -9999999 1.010395 1.921038 0.618208 1.750248 0.7936 0.5 450.0006 0.027336 4.144983 2014-04-03T08:02:35.047 -9999999 G2 192.C-0852(A) Udry -9999999 HARPS_ech_obs_all HARPS_ech_obs_wavesimult STAR_WAVE_G5 5.86800624073661e-06 4.34534218472859e-07 0 0 0
HD134987 228.3691115 -25.310035 2456757.771107 -7.547737 0.584019 5161.212015 0.527053 34.100543 0.378025 5161.965405 0.310266 34.165516 0.378455 -7.051202 4.232417 13.579892 1.300976 0.431227 0.000352 0.288992 0.000429 0.397909 0.000565 0 7.44139 51.153971 -0.023856 5.0 222.2 2456757.7711 16.334392 16.334528 0.584 -9999999 1.012287 0.08984 0.445168 -0.258897 0.426051 0.46 450.0014 -7.039041 4.268762 2014-04-10T06:19:58.601 -9999999 G2 192.C-0852(A) Udry -9999999 HARPS_ech_obs_all HARPS_ech_obs_wavesimult STAR_WAVE_G5 7.4016731210749e-06 3.87031760411677e-07 0 0 0
HD134987 228.3691115 -25.310035 2456757.7771019 -8.870847 0.592411 5159.56256 0.532702 32.77555 0.390863 5160.304685 0.319765 32.808409 0.391214 -0.819806 4.624259 13.327865 1.437662 0.431803 0.000364 0.28325 0.000445 0.396216 0.000583 0 7.440968 51.154576 -0.024385 5.0 214.7 2456757.7771 16.318004 16.318149 0.685 -9999999 1.012289 0.087956 0.44517 -0.270164 0.426054 0.54 450.0002 -0.798627 4.659209 2014-04-10T06:28:00.531 -9999999 G2 192.C-0852(A) Udry -9999999 HARPS_ech_obs_all HARPS_ech_obs_wavesimult STAR_WAVE_G5 5.02640963483678e-06 4.14989737741683e-07 0 0 0
HD134987 228.3691115 -25.310035 2456758.7635418 -6.676786 0.910544 5162.03578 0.91491 36.460211 0.616582 5164.18938 0.509023 36.458952 0.617016 -0.327806 5.746578 12.318882 2.514116 0.431446 0.0006 0.284008 0.000734 0.387624 0.00096 0 7.441377 51.153439 -0.022743 5.0 131.6 2456758.76354 15.920348 15.920502 0.254 -9999999 1.012558 1.578556 0.670012 1.141042 0.760234 0.46 449.9998 -0.308652 5.747339 2014-04-11T06:09:00.369 -9999999 G2 192.C-0852(A) Udry -9999999 HARPS_ech_obs_all HARPS_ech_obs_wavesimult STAR_WAVE_G5 6.07441248769502e-06 6.41604687283948e-07 0 0 0
HD134987 228.3691115 -25.310035 2456758.7690064 -7.359043 0.800523 5160.862934 0.841752 35.776237 0.438086 5163.006264 0.361371 35.776913 0.438527 -6.73162 3.886223 15.356521 1.917431 0.431829 0.000408 0.283575 0.000501 0.388568 0.000657 0 7.445509 51.136352 -0.022036 5.0 191.1 2456758.769 15.905424 15.905562 0.755 -9999999 1.012559 1.57684 0.670014 1.130771 0.760235 0.44 450.0015 -6.722026 3.90789 2014-04-11T06:17:01.479 -9999999 G2 192.C-0852(A) Udry -9999999 HARPS_ech_obs_all HARPS_ech_obs_wavesimult STAR_WAVE_G5 6.14810593671252e-06 4.46120016746762e-07 0 0 0
HD134987 228.3691115 -25.310035 2456760.7519534 -4.254158 0.526672 5164.403156 0.537572 37.153985 0.279239 5165.010823 0.22191 37.196591 0.279518 -5.026407 3.050614 13.365772 1.176375 0.431575 0.000246 0.281955 0.000302 0.386227 0.000396 0 7.442802 51.153407 -0.02351 5.0 314.9 2456760.75195 15.07149 15.07163 0.824 -9999999 1.013101 -0.150297 0.446552 -0.405434 0.489632 0.49 900.0005 -5.015953 3.088045 2014-04-13T05:48:16.280 -9999999 G2 192.C-0852(A) Udry -9999999 HARPS_ech_obs_all HARPS_ech_obs_wavesimult STAR_WAVE_G5 6.17173023046258e-06 2.96900711554678e-07 0 0 0
HD134987 228.3691115 -25.310035 2456765.729512 6.67548 0.634294 5175.352561 0.614832 47.834908 0.319315 5175.800859 0.26071 47.827016 0.319667 -3.481687 3.58821 12.939617 1.201808 0.430587 0.000291 0.279655 0.000356 0.388453 0.00047 0 7.443439 51.159039 -0.022232 5.0 266.9 2456765.72951 12.870784 12.870954 0.482 -9999999 1.01446 -0.399013 0.548057 -0.566162 0.55682 0.49 420.0007 -3.477905 3.506589 2014-04-18T05:19:32.583 -9999999 G2 192.C-0852(A) Udry -9999999 HARPS_ech_obs_all HARPS_ech_obs_wavesimult STAR_WAVE_G5 6.35085882424791e-06 3.56950827152552e-07 0 0 0
HD134987 228.3691115 -25.310035 2456765.7347843 5.959064 0.636126 5175.012172 0.615738 47.116836 0.322937 5175.450562 0.262839 47.135515 0.323366 -5.324798 3.056372 13.115578 1.115725 0.430391 0.000294 0.279555 0.000359 0.388132 0.000474 0 7.442287 51.149372 -0.022024 5.0 264.5 2456765.73477 12.856432 12.856625 0.89 -9999999 1.014462 -0.400669 0.548058 -0.576072 0.556821 0.5 420.0013 -5.316803 2.963783 2014-04-18T05:27:03.891 -9999999 G2 192.C-0852(A) Udry -9999999 HARPS_ech_obs_all HARPS_ech_obs_wavesimult STAR_WAVE_G5 6.4350348341052e-06 3.72306306186861e-07 0 0 0
HD134987 228.3691115 -25.310035 2456766.7379014 7.752489 0.66466 5176.253088 0.650641 48.35988 0.300051 5176.11434 0.243219 48.388694 0.300518 -6.035108 3.149952 14.016668 1.309984 0.431629 0.000273 0.286367 0.000331 0.396157 0.000437 0 7.443902 51.147822 -0.023414 5.0 286.2 2456766.73789 12.385208 12.385373 0.911 -9999999 1.014736 -0.95105 0.593078 -1.153484 0.603472 0.49 420.0014 -6.031296 3.067426 2014-04-19T05:31:33.782 -9999999 G2 192.C-0852(A) Udry -9999999 HARPS_ech_obs_all HARPS_ech_obs_wavesimult STAR_WAVE_G5 6.35315361758317e-06 2.83437160285429e-07 0 0 0
HD134987 228.3691115 -25.310035 2456766.7431795 7.839172 0.665381 5176.324308 0.651122 48.444905 0.301644 5176.175641 0.2445 48.469816 0.302016 -7.884912 2.75027 14.937038 1.244346 0.431379 0.000274 0.286488 0.000333 0.3969 0.00044 0 7.444745 51.139579 -0.023346 5.0 284.8 2456766.74317 12.370684 12.370855 0.673 -9999999 1.014737 -0.952707 0.593079 -1.163404 0.603473 0.5 420.001 -7.878567 2.644724 2014-04-19T05:39:05.591 -9999999 G2 192.C-0852(A) Udry -9999999 HARPS_ech_obs_all HARPS_ech_obs_wavesimult STAR_WAVE_G5 6.44801154170695e-06 3.24811287079732e-07 0 0 0
HD134987 228.3691115 -25.310035 2456768.7224901 6.733962 0.626379 5175.31284 0.609221 47.597015 0.257699 5175.693886 0.203862 47.631869 0.25801 -8.397064 2.831439 13.532845 1.213804 0.430424 0.000225 0.279888 0.000275 0.395943 0.000362 0 7.44518 51.154586 -0.021269 5.0 344.3 2456768.72249 11.491526 11.491687 1.918 -9999999 1.015278 -0.695387 0.570913 -0.634232 0.5741 0.5 900.0003 -8.390829 2.624993 2014-04-21T05:05:11.254 -9999999 G2 192.C-0852(A) Udry -9999999 HARPS_ech_obs_all HARPS_ech_obs_wavesimult STAR_WAVE_G5 6.62316976627442e-06 2.80827073112568e-07 0 0 0
HD134987 228.3691115 -25.310035 2456789.6284255 24.978492 0.662537 5193.740376 0.635447 67.672803 0.375113 5195.793774 0.307995 67.659998 0.375448 -4.842621 3.532362 13.933147 1.283089 0.4306 0.000341 0.288705 0.000421 0.395443 0.000554 0 7.444047 51.141875 -0.021586 5.0 226.5 2456789.62842 1.359832 1.360047 0.0 -9999999 1.020987 1.13587 0.546119 1.032411 0.555816 0.52 450.0012 -4.82748 3.390897 2014-05-12T02:52:41.751 -9999999 G2 192.C-0852(A) Udry -9999999 HARPS_ech_obs_all HARPS_ech_obs_wavesimult STAR_WAVE_G5 6.81619301127695e-06 4.24133915966848e-07 0 0 0
HD134987 228.3691115 -25.310035 2456789.6339499 24.365275 0.65866 5192.656053 0.632977 67.057851 0.368223 5194.699069 0.30287 67.068078 0.368425 -5.837513 4.015619 14.264742 1.438731 0.430075 0.000334 0.290613 0.000415 0.394952 0.000543 0 7.447042 51.141396 -0.022425 5.0 230.6 2456789.63395 1.345454 1.345631 0.0 -9999999 1.020988 1.134135 0.546118 1.022028 0.555815 0.51 450.0013 -5.823693 3.893505 2014-05-12T03:00:43.551 -9999999 G2 192.C-0852(A) Udry -9999999 HARPS_ech_obs_all HARPS_ech_obs_wavesimult STAR_WAVE_G5 6.50170342541117e-06 3.66618819849096e-07 0 0 0
HD134987 228.3691115 -25.310035 2456793.6849905 20.061783 0.407287 5188.548253 0.398554 60.768106 0.297571 5188.76313 0.240992 60.80835 0.297948 5.619663 3.191016 11.308204 1.329685 0.429196 0.000282 0.28436 0.000345 0.394762 0.000451 0 7.443409 51.157007 -0.023146 5.0 278.0 2456793.68498 -0.798902 -0.798701 1.031 -9999999 1.022094 -0.852118 0.27809 -0.807217 0.317439 0.5 900.0009 5.615652 2.971634 2014-05-16T04:10:32.734 -9999999 G2 192.C-0852(A) Udry -9999999 HARPS_ech_obs_all HARPS_ech_obs_wavesimult STAR_WAVE_G5 6.0697641837562e-06 2.82113993189248e-07 0 0 0
HD134987 228.3691115 -25.310035 2456803.7613492 15.198923 0.649662 5184.479987 0.633075 58.468935 0.550775 5187.069298 0.456073 58.472947 0.550879 -0.79812 4.840146 18.349224 1.691734 0.428986 0.000512 0.290434 0.000634 0.392143 0.000828 0 7.445234 51.12515 -0.02214 5.0 152.1 2456803.76134 -5.981838 -5.981649 0.686 -9999999 1.024846 1.711572 0.344539 1.564465 0.439069 0.51 900.0009 -0.781204 4.712986 2014-05-26T06:00:30.679 -9999999 G2 192.C-0852(A) Udry -9999999 HARPS_ech_obs_all HARPS_ech_obs_thosimult STAR_WAVE_G5 7.23543227678992e-06 5.83917645156855e-07 0 0 0
HD134987 228.3691115 -25.310035 2456804.6984401 13.764766 0.758005 5182.796831 0.834224 56.05973 0.329319 5184.128563 0.271331 56.062268 0.329486 -6.47513 3.283135 12.572855 1.182841 0.428985 0.000322 0.284016 0.00039 0.393752 0.00051 0 7.441037 51.146629 -0.02226 5.0 246.4 2456804.69843 -6.313035 -6.312822 -0.327 -9999999 1.025102 0.736523 0.682731 0.30663 0.788866 0.51 900.0014 -6.463677 3.037015 2014-05-27T04:29:56.947 -9999999 G2 192.C-0852(A) Udry -9999999 HARPS_ech_obs_all HARPS_ech_obs_thosimult STAR_WAVE_G5 5.67555130616697e-06 2.89682042787398e-07 0 0 0
HD134987 228.3691115 -25.310035 2456808.7376285 9.702629 0.911142 5178.201945 0.761959 52.518728 0.310806 5181.216419 0.252581 52.507776 0.310992 -0.988056 3.424212 11.715761 1.404736 0.429207 0.000274 0.289718 0.00034 0.390769 0.000443 0 7.442945 51.152754 -0.021694 5.0 281.6 2456808.73763 -8.361144 -8.360982 0.187 -9999999 1.026205 1.257658 0.856492 1.988269 0.718877 0.48 900.001 -0.986275 3.216313 2014-05-31T05:26:58.202 -9999999 G2 192.C-0852(A) Udry -9999999 HARPS_ech_obs_all HARPS_ech_obs_wavesimult STAR_WAVE_G5 6.00427488446416e-06 3.96706672841129e-07 0 0 0
HD134987 228.3691115 -25.310035 2456810.6668915 7.243435 0.738295 5176.186954 0.664505 49.617393 0.288819 5178.496011 0.233411 49.62014 0.288919 -5.251781 3.227364 11.124895 1.217485 0.432926 0.000281 0.289039 0.000337 0.391449 0.000442 0 7.443204 51.158438 -0.022043 5.0 284.2 2456810.66689 -9.133021 -9.132855 0.563 -9999999 1.026732 0.815518 0.679458 1.282325 0.622163 0.51 900.0012 -5.25066 3.062974 2014-06-02T03:44:44.322 -9999999 G2 192.C-0852(A) Udry -9999999 HARPS_ech_obs_all HARPS_ech_obs_wavesimult STAR_WAVE_G5 5.56821267779655e-06 2.90471574957025e-07 0 0 0
HD134987 228.3691115 -25.310035 2456814.7447581 0.033056 0.909076 5169.201172 0.973995 43.417804 0.474024 5171.88023 0.394136 43.44836 0.474318 -0.93656 5.452044 11.970413 1.60775 0.428528 0.000437 0.284157 0.000541 0.383534 0.000705 0 7.446342 51.146494 -0.021595 5.0 178.3 2456814.74475 -11.202062 -11.201883 0.093 -9999999 1.027845 1.826307 0.775707 1.651213 0.890687 0.5 300.0015 -0.924935 5.414577 2014-06-06T05:42:12.766 -9999999 G2 192.C-0852(A) Udry -9999999 HARPS_ech_obs_all HARPS_ech_obs_wavesimult STAR_WAVE_G5 5.04647006090762e-06 5.44651324571299e-07 0 0 0
HD134987 228.3691115 -25.310035 2456814.7485344 1.479427 0.913938 5171.308943 0.976456 44.862988 0.483282 5173.980905 0.400179 44.859868 0.483481 -8.569348 4.647802 12.952117 1.81401 0.42955 0.00044 0.284822 0.000546 0.38309 0.000711 0 7.443284 51.146832 -0.022679 5.0 176.7 2456814.74853 -11.21026 -11.210101 -0.114 -9999999 1.027846 1.825121 0.775707 1.644116 0.890687 0.48 300.0016 -8.559692 4.632029 2014-06-06T05:47:45.057 -9999999 G2 192.C-0852(A) Udry -9999999 HARPS_ech_obs_all HARPS_ech_obs_wavesimult STAR_WAVE_G5 6.98990167240466e-06 4.90975906745185e-07 0 0 0
HD134987 228.3691115 -25.310035 2456814.7524816 1.419931 0.916189 5169.887956 0.9775 44.802253 0.487524 5172.552501 0.402717 44.766854 0.487509 1.373928 4.756099 13.454673 1.483091 0.42996 0.000445 0.284494 0.000552 0.383384 0.000718 0 7.44741 51.143062 -0.023336 5.0 174.9 2456814.75248 -11.218677 -11.218518 -0.331 -9999999 1.027848 1.823881 0.775708 1.636697 0.890688 0.51 300.001 1.383461 4.722217 2014-06-06T05:53:17.108 -9999999 G2 192.C-0852(A) Udry -9999999 HARPS_ech_obs_all HARPS_ech_obs_wavesimult STAR_WAVE_G5 5.22011793956806e-06 5.21874091894899e-07 0 0 0
HD134987 228.3691115 -25.310035 2456816.7275856 1.324062 0.706429 5170.129024 0.687572 44.338792 0.491618 5172.668873 0.408206 44.331491 0.491645 -8.048993 4.588439 15.054359 1.44289 0.429224 0.000466 0.283637 0.000575 0.383351 0.00075 0 7.448457 51.138754 -0.022247 5.0 168.1 2456816.72758 -12.075882 -12.0757 -0.961 -9999999 1.028387 1.456289 0.507301 1.511462 0.553284 0.49 450.0013 -8.036234 4.579784 2014-06-08T05:16:25.088 -9999999 G2 192.C-0852(A) Udry -9999999 HARPS_ech_obs_all HARPS_ech_obs_wavesimult STAR_WAVE_G5 6.69095758858838e-06 5.1716047376062e-07 0 0 0
HD134987 228.3691115 -25.310035 2456816.733216 0.1273 0.68636 5169.43319 0.672673 43.140261 0.462316 5171.962457 0.382577 43.133237 0.46249 -8.521106 3.930869 11.032337 1.73582 0.429068 0.000425 0.283265 0.000528 0.38253 0.000689 0 7.445378 51.154057 -0.022697 5.0 182.5 2456816.73322 -12.088627 -12.088452 -0.714 -9999999 1.028388 1.454521 0.507301 1.500879 0.553285 0.5 450.0011 -8.513319 3.941304 2014-06-08T05:24:27.068 -9999999 G2 192.C-0852(A) Udry -9999999 HARPS_ech_obs_all HARPS_ech_obs_wavesimult STAR_WAVE_G5 7.10193785059776e-06 4.90422443117692e-07 0 0 0
HD134987 228.3691115 -25.310035 2456865.5887959 -58.39827 1.042611 5110.588457 1.096874 -15.671307 0.594504 5112.965183 0.490447 -15.716586 0.594597 -1.845898 5.723581 4.815447 1.867775 0.427366 0.000586 0.293975 0.000716 0.383155 0.000918 0 7.437507 51.178033 -0.021485 5.0 137.1 2456865.58879 -27.819158 -27.819102 0.312 -9999999 1.04173 1.168523 0.856506 1.334996 0.981119 0.25 900.0006 -1.82366 5.689002 2014-07-27T02:01:23.575 -9999999 G2 192.C-0852(A) Udry -9999999 HARPS_ech_obs_all HARPS_ech_obs_wavesimult STAR_WAVE_G5 5.9796266446957e-06 6.73221531812371e-07 0 0 0
HD134987 228.3691115 -25.310035 2456895.5196861 -73.659382 0.733969 5096.05457 0.709408 -31.358983 0.479448 5097.750372 0.396513 -31.434248 0.479372 -3.757289 4.452656 9.281223 1.614035 0.427279 0.000446 0.285143 0.000553 0.389878 0.000719 0 7.443756 51.162856 -0.022194 5.0 175.0 2456895.51968 -29.022803 -29.022842 0.676 -9999999 1.049904 0.741958 0.555734 0.645898 0.588249 0.49 300.0014 -3.753132 4.33899 2014-08-26T00:27:18.854 -9999999 G2 192.C-0852(A) Udry -9999999 HARPS_ech_obs_all HARPS_ech_obs_wavesimult STAR_WAVE_G5 5.90417227107891e-06 4.81505347045374e-07 0 0 0
HD134987 228.3691115 -25.310035 2456895.5235916 -73.876499 0.731166 5095.535261 0.708091 -31.577327 0.475148 5097.223724 0.394157 -31.571303 0.475106 -6.488017 4.972977 10.026692 1.570719 0.427283 0.000452 0.284565 0.000555 0.391254 0.000724 0 7.444497 51.14584 -0.022442 5.0 174.1 2456895.52359 -29.029076 -29.029126 0.254 -9999999 1.049905 0.740732 0.555732 0.638558 0.588246 0.5 300.0016 -6.48432 4.868475 2014-08-26T00:32:53.325 -9999999 G2 192.C-0852(A) Udry -9999999 HARPS_ech_obs_all HARPS_ech_obs_wavesimult STAR_WAVE_G5 5.97067729379881e-06 5.23232012204219e-07 0 0 0
HD134987 228.3691115 -25.310035 2456895.5274216 -74.269756 0.750709 5094.93069 0.721116 -31.971787 0.504707 5096.611955 0.417108 -32.081441 0.504782 -3.147703 5.014994 11.840576 1.684285 0.426513 0.000462 0.285414 0.000577 0.391562 0.000752 0 7.445736 51.138083 -0.023447 5.0 167.7 2456895.52742 -29.035078 -29.035131 0.436 -9999999 1.049906 0.739529 0.555729 0.631359 0.588243 0.49 300.0011 -3.14429 4.923111 2014-08-26T00:38:27.266 -9999999 G2 192.C-0852(A) Udry -9999999 HARPS_ech_obs_all HARPS_ech_obs_wavesimult STAR_WAVE_G5 6.41361523660678e-06 5.45410006696664e-07 0 0 0
HD134987 228.3691115 -25.310035 2456898.537732 -72.9435 0.973719 5095.061834 0.805369 -32.180462 0.464078 5095.505961 0.377213 -32.283066 0.464016 -11.311057 5.039653 13.621963 1.566676 0.427822 0.000425 0.287409 0.000535 0.384455 0.000687 0 7.442824 51.122482 -0.022766 5.0 181.8 2456898.53772 -28.767817 -28.767856 0.231 -9999999 1.050728 -0.795402 0.856014 -0.606601 0.711569 0.47 900.0012 -11.310274 4.939338 2014-08-29T00:49:06.933 -9999999 G2 192.C-0852(A) Udry -9999999 HARPS_ech_obs_all HARPS_ech_obs_thosimult STAR_WAVE_G5 6.93045457481918e-06 4.72640880406688e-07 0 0 0
HD134987 228.3691115 -25.310035 2456903.4655414 -76.484062 0.761902 5091.446993 0.936212 -33.205979 0.479307 5094.81447 0.39165 -33.264938 0.478984 -3.435825 4.245605 16.361344 1.428935 0.423321 0.000434 0.287811 0.000551 0.382712 0.000705 0 7.441757 51.101106 -0.022777 5.0 177.0 2456903.46553 -28.015921 -28.015989 1.131 -9999999 1.052073 1.719642 0.59225 2.315404 0.850354 0.48 900.0015 -3.423312 4.136897 2014-09-02T23:05:40.675 -9999999 G2 192.C-0852(A) Udry -9999999 HARPS_ech_obs_all HARPS_ech_obs_wavesimult STAR_WAVE_G5 5.02221205146303e-06 4.96952382123412e-07 0 0 0
HD134987 228.3691115 -25.310035 2457116.9060128 -50.550385 0.616985 5117.91543 0.620725 -8.301757 0.3075 5119.74868 0.24633 -8.264674 0.307773 -5.493042 3.267809 18.505471 1.461963 0.430573 0.000284 0.285472 0.000343 0.395157 0.000446 0 7.44569 51.130114 -0.022158 5.0 279.4 2457116.90601 18.604755 18.604905 0.068 -9999999 1.11036 0.690188 0.534897 0.72289 0.569755 0.5 800.001 -5.461016 3.23624 2015-04-04T09:31:33.653 -9999999 G2 192.C-0852(A) Udry -9999999 HARPS_ech_obs_all HARPS_ech_obs_wavesimult STAR_WAVE_G5 -9999999.0 -9999999.0 -9999999 -9999999 -9999999
HD134987 228.3691115 -25.310035 2457136.7824297 -66.645147 0.454829 5102.352149 0.473064 -26.099492 0.247776 5102.23237 0.197047 -26.045608 0.247991 -7.891084 3.179515 16.19607 1.136381 0.430543 0.000236 0.288211 0.000279 0.39502 0.000367 0 7.447185 51.13652 -0.02186 5.0 341.5 2457136.78242 9.99619 9.99638 0.88 -9999999 1.115788 -1.012786 0.381414 -1.235567 0.430072 0.52 900.0011 -7.87636 3.048781 2015-04-24T06:31:04.485 -9999999 G2 192.C-0852(A) Udry -9999999 HARPS_ech_obs_all HARPS_ech_obs_wavesimult STAR_WAVE_G5 6.00928696415647e-06 2.87006180097263e-07 0 0 0
HD134987 228.3691115 -25.310035 2457138.7907815 -68.666269 0.616812 5100.327159 0.732353 -26.771109 0.293187 5101.665035 0.236678 -26.773119 0.293433 -14.089523 3.733566 16.292064 1.304329 0.430539 0.000275 0.274505 0.000326 0.397502 0.000435 0 7.447132 51.135878 -0.022815 5.0 289.1 2457138.79078 9.004571 9.004768 1.458 -9999999 1.116336 0.336719 0.542677 0.22154 0.693054 0.49 900.0005 -14.077802 3.600395 2015-04-26T06:43:27.533 -9999999 G2 192.C-0852(A) Udry -9999999 HARPS_ech_obs_all HARPS_ech_obs_wavesimult STAR_WAVE_G5 6.19428627828388e-06 3.19535580701865e-07 0 0 0
HD134987 228.3691115 -25.310035 2457143.8233691 -68.042523 0.669173 5100.806491 0.741342 -26.79765 0.245821 5101.175152 0.193676 -26.756387 0.246007 -3.149699 3.100691 17.890465 1.238605 0.429675 0.000226 0.281406 0.000269 0.387169 0.000353 0 7.448201 51.122804 -0.02215 5.0 355.4 2457143.82336 6.472309 6.47253 0.569 -9999999 1.117711 -0.313568 0.622387 -0.74905 0.715595 0.5 900.0008 -3.134321 2.960108 2015-05-01T07:30:02.639 -9999999 G2 192.C-0852(A) Udry -9999999 HARPS_ech_obs_all HARPS_ech_obs_wavesimult STAR_WAVE_G5 6.54782840342309e-06 2.78306583485587e-07 0 0 0
HD134987 228.3691115 -25.310035 2457263.5447321 -4.693682 0.796963 5164.435353 0.90358 -4.392028 0.225408 5166.52858 0.223901 35.556542 0.289046 13.961452 11.151483 35.562926 3.986623 0.42678 0.000255 0.292395 0.000309 0.381504 0.000395 0 7.458596 51.010137 -0.011934 5.0 308.9 2457263.54472 -28.78349 -28.783558 -0.014 -9999999 1.150404 0.471357 0.764423 0.942823 0.8754 0.53 899.9983 13.970456 11.174077 2015-08-29T00:58:16.835 -9999999 G2 192.C-0852(A) Udry -9999999 HARPS_ech_obs_all HARPS_ech_obs_thosimult STAR_WAVE_G5 6.01587417805576e-06 3.46746252968561e-07 0 0 0
HD134987 228.3691115 -25.310035 2457265.5404716 -1.748154 0.612229 5167.536046 0.732604 -1.502617 0.187311 5169.812798 0.195398 38.607772 0.260227 10.746924 9.766558 33.068312 3.92985 0.427762 0.000216 0.29237 0.000262 0.374582 0.000336 0 7.459772 51.023409 -0.010579 5.0 363.0 2457265.54047 -28.55668 -28.556743 0.254 -9999999 1.150949 0.415239 0.582872 1.125803 0.706065 0.48 899.9983 10.76385 9.790638 2015-08-31T00:53:10.050 -9999999 G2 192.C-0852(A) Udry -9999999 HARPS_ech_obs_all HARPS_ech_obs_thosimult STAR_WAVE_G5 6.1359249808048e-06 2.73616189454785e-07 0 0 0
HD134987 228.3691115 -25.310035 2457271.4885886 4.750578 0.597835 5172.836202 0.699771 5.970789 0.299191 5176.778017 0.28086 46.189472 0.348813 11.607883 8.915231 35.355399 3.926425 0.428358 0.000316 0.286432 0.000386 0.385648 0.000495 0 7.458686 51.012675 -0.011457 5.0 247.2 2457271.48859 -27.638688 -27.638765 0.0 -9999999 1.152574 1.389913 0.517583 2.789241 0.640935 0.49 899.9983 11.608659 8.912769 2015-09-05T23:39:06.101 -9999999 G2 192.C-0852(A) Udry -9999999 HARPS_ech_obs_all HARPS_ech_obs_wavesimult STAR_WAVE_G5 6.23478886026294e-06 3.90577168070347e-07 0 0 0
HD134987 228.3691115 -25.310035 2457274.4875513 11.185259 0.622627 5180.142089 0.580807 12.109157 0.355592 5182.954475 0.327886 52.589335 0.400378 15.921649 12.352294 34.863308 4.296121 0.428498 0.00036 0.292879 0.000443 0.383666 0.000567 0 7.457417 51.016825 -0.009972 5.0 215.7 2457274.48754 -27.104571 -27.10463 0.0 -9999999 1.153392 1.0936 0.511096 1.658994 0.479403 0.52 899.9983 15.923922 12.322851 2015-09-08T23:37:32.928 -9999999 G2 192.C-0852(A) Udry -9999999 HARPS_ech_obs_all HARPS_ech_obs_wavesimult STAR_WAVE_G5 5.43881970529934e-06 4.27665557948158e-07 0 0 0
HD134987 228.3691115 -25.310035 2457504.8143506 -22.367577 0.862168 5147.423606 0.773455 -22.937593 0.364177 5147.038335 0.328838 16.594084 0.394731 3.961322 9.686115 38.758862 4.058827 0.431695 0.000396 0.283352 0.000467 0.382763 0.000606 0 7.458358 51.03287 -0.011684 5.0 202.6 2457504.81435 8.599751 8.599925 0.566 -9999999 1.21629 -0.400313 0.781478 -1.601561 0.70007 0.52 899.9983 3.970024 9.710026 2016-04-26T07:16:56.032 -9999999 G2 196.C-1006(A) Udry -9999999 HARPS_ech_obs_all HARPS_ech_obs_wavesimult STAR_WAVE_G5 6.25859047634634e-06 3.54243668330821e-07 0 0 0