time	mnvel	errvel	tel
2450917.2282	-41.8	2.0	UCLES
2451213.2775	-61.6	1.9	UCLES
2451276.0475	-50.4	2.1	UCLES
2451382.9573	30.1	1.8	UCLES
2451413.8813	-16.4	1.0	UCLES
2451630.2677	36.1	1.7	UCLES
2451683.0609	-20.8	2.0	UCLES
2451706.096	-43.3	2.5	UCLES
2451717.9564	-56.0	1.8	UCLES
2451742.934	-57.7	1.6	UCLES
2451984.2154	-51.4	2.0	UCLES
2452060.9717	-35.8	1.6	UCLES
2452091.9394	-11.9	1.3	UCLES
2452124.8927	33.8	1.0	UCLES
2452125.041	34.2	1.3	UCLES
2452125.889	41.6	1.1	UCLES
2452125.9847	35.2	1.2	UCLES
2452126.9191	37.7	1.6	UCLES
2452186.8784	0.6	1.7	UCLES
2452189.8632	-11.8	1.3	UCLES
2452360.2379	7.4	1.6	UCLES
2452387.1061	42.9	1.5	UCLES
2452388.1532	44.9	1.3	UCLES
2452455.9877	-6.8	1.7	UCLES
2452476.9724	-29.5	1.4	UCLES
2452655.2513	52.5	1.6	UCLES
2452747.1502	-39.9	1.3	UCLES
2452785.088	-50.4	1.5	UCLES
2452860.8964	-10.0	1.4	UCLES
2453042.2517	-50.8	1.3	UCLES
2453215.9389	7.3	1.0	UCLES
2453485.0592	-7.4	1.2	UCLES
2453508.1736	-25.2	1.4	UCLES
2453521.0784	-33.2	1.6	UCLES
2453943.9202	49.4	0.9	UCLES
2453946.9329	47.4	0.8	UCLES
2454139.2578	-28.8	1.2	UCLES
2454226.0985	36.0	1.9	UCLES
2454368.8908	-48.2	1.1	UCLES
2454543.2849	-34.2	1.1	UCLES
2454899.2183	-47.7	1.2	UCLES
2454900.2294	-44.4	0.8	UCLES
2454908.2357	-42.0	1.5	UCLES
2455017.9707	4.8	1.4	UCLES
2455020.014	-2.8	1.1	UCLES
2455020.9416	-2.5	1.0	UCLES
2455021.9442	-3.2	1.2	UCLES
2455023.9401	-9.0	1.0	UCLES
2455029.9292	-13.3	1.1	UCLES
2455030.8891	-15.1	0.9	UCLES
2455032.0031	-17.6	0.9	UCLES
2455032.9382	-16.1	1.0	UCLES
2455036.9205	-19.3	1.2	UCLES
2455044.9871	-31.4	1.2	UCLES
2455046.0131	-31.4	0.7	UCLES
2455046.9415	-32.0	0.9	UCLES
2455047.8949	-34.5	0.8	UCLES
2455048.9788	-37.6	0.7	UCLES
2455054.8813	-42.6	0.9	UCLES
2455055.9357	-40.2	0.5	UCLES
2455104.8746	-57.2	1.4	UCLES
2455110.8763	-60.2	1.0	UCLES
2455111.8779	-61.8	1.4	UCLES
2450276.802002	-2.73	1.4033120000000001	HIRES-pre
2450283.898438	-10.15	1.719313	HIRES-pre
2450604.893461	46.15	1.049431	HIRES-pre
2450838.175509	46.63	1.168065	HIRES-pre
2450839.172708	49.06	1.0987129999999998	HIRES-pre
2450840.1706709997	49.15	1.1772	HIRES-pre
2450863.120255	43.42	1.23605	HIRES-pre
2450954.888218	-44.02	1.235084	HIRES-pre
2450954.9446880003	-42.41	1.093053	HIRES-pre
2450956.954676	-38.75	1.152669	HIRES-pre
2450981.812593	-49.03	1.562225	HIRES-pre
2450982.819016	-44.0	1.206236	HIRES-pre
2450983.8498259997	-41.17	1.5815569999999999	HIRES-pre
2451011.8011229998	-43.55	1.108373	HIRES-pre
2451012.800498	-39.96	1.297801	HIRES-pre
2451013.8005560003	-41.81	1.24338	HIRES-pre
2451050.773032	-9.02	1.228098	HIRES-pre
2451051.754699	-5.22	1.138995	HIRES-pre
2451068.730556	12.72	0.9595959999999999	HIRES-pre
2451069.719306	14.61	1.030152	HIRES-pre
2451070.724167	15.95	1.02965	HIRES-pre
2451071.7229400002	13.67	1.101667	HIRES-pre
2451072.720405	19.33	1.165805	HIRES-pre
2451073.719572	19.82	1.335466	HIRES-pre
2451074.707025	22.57	1.042797	HIRES-pre
2451075.71309	23.87	4.882599	HIRES-pre
2451200.1580560002	-43.15	1.3114700000000001	HIRES-pre
2451227.08831	-41.92	1.025521	HIRES-pre
2451228.103796	-47.3	1.20373	HIRES-pre
2451229.116065	-43.36	1.141956	HIRES-pre
2451310.889178	-11.49	1.211066	HIRES-pre
2451311.910058	-7.54	1.148116	HIRES-pre
2451312.923924	-13.9	1.240982	HIRES-pre
2451314.000509	-8.51	1.2146649999999999	HIRES-pre
2451340.839329	35.68	1.2141170000000001	HIRES-pre
2451341.885255	37.76	1.239048	HIRES-pre
2451342.878738	40.44	1.307857	HIRES-pre
2451367.787685	44.38	1.294059	HIRES-pre
2451368.755787	54.13	1.313589	HIRES-pre
2451369.782083	57.82	1.261688	HIRES-pre
2451370.867674	58.11	1.357069	HIRES-pre
2451371.759896	54.76	1.214061	HIRES-pre
2451372.767812	55.93	1.223919	HIRES-pre
2451373.771192	49.31	1.331301	HIRES-pre
2451410.7257990004	9.39	1.13975	HIRES-pre
2451411.725093	2.82	1.258923	HIRES-pre
2451583.161956	13.04	1.709962	HIRES-pre
2451704.8397919997	-21.37	1.298054	HIRES-pre
2452002.987697	-40.72	1.295376	HIRES-pre
2452030.95956	-33.05	1.3307950000000002	HIRES-pre
2452062.846968	-16.88	1.40241	HIRES-pre
2452094.791933	9.83	1.393	HIRES-pre
2452334.149398	-4.42	1.421338	HIRES-pre
2452446.900208	19.0	1.338912	HIRES-pre
2452683.172396	45.06	1.491477	HIRES-pre
2452828.853009	-20.21	1.253566	HIRES-pre
2453153.895556	56.79	1.1953610000000001	HIRES-pre
2453426.0749310004	64.94	0.928582	HIRES-post
2453934.766053	65.01	0.887294	HIRES-post
2454139.154294	-11.72	0.954525	HIRES-post
2454246.936389	22.17	1.044835	HIRES-post
2454246.9384029997	25.46	1.037073	HIRES-post
2454247.950706	23.05	1.087465	HIRES-post
2454248.895856	21.02	1.151022	HIRES-post
2454248.910139	21.96	0.94066	HIRES-post
2454251.840914	15.98	0.977353	HIRES-post
2454255.820509	9.91	1.087877	HIRES-post
2454255.821319	9.86	0.9895010000000001	HIRES-post
2454278.785579	-9.63	0.9892549999999999	HIRES-post
2454279.786806	-12.27	0.993196	HIRES-post
2454285.7953009997	-12.83	1.055915	HIRES-post
2454294.8522220002	-24.44	1.022398	HIRES-post
2454343.7227080003	-35.02	0.87451	HIRES-post
2454545.082118	-17.68	1.076867	HIRES-post
2454547.064525	-20.35	0.9117139999999999	HIRES-post
2454602.825185	-40.67	1.1447610000000001	HIRES-post
2454604.006157	-37.96	1.082859	HIRES-post
2454635.870255	-27.77	1.110792	HIRES-post
2454718.730648	67.21	1.071153	HIRES-post
2454725.727697	60.73	1.127638	HIRES-post
2454927.028988	-4.12	1.32282	HIRES-post
2454985.9679119997	57.63	1.1335309999999998	HIRES-post
2455016.886909	26.38	1.1550209999999999	HIRES-post
2455049.8428189997	-14.77	0.939766	HIRES-post
2455049.844034	-13.18	1.024661	HIRES-post
2455049.845237	-10.53	0.941357	HIRES-post
2455286.038282	7.97	1.133826	HIRES-post
2455320.983682	-26.8	1.1004559999999999	HIRES-post
2455342.98057	-36.9	1.0645799999999999	HIRES-post
2455373.768067	-49.74	1.110942	HIRES-post
2455585.159807	-33.54	1.1067719999999999	HIRES-post
2455606.151635	-44.48	1.1634360000000001	HIRES-post
2455634.0795259997	-44.61	1.096602	HIRES-post
2455673.9184919996	-32.02	1.124323	HIRES-post
2455704.831056	-0.82	1.1812340000000001	HIRES-post
2455731.822109	31.49	1.258499	HIRES-post
2455762.78441	50.79	1.047569	HIRES-post
2455789.755159	20.71	1.024332	HIRES-post
2455961.164169	-9.47	1.004913	HIRES-post
2455995.110795	41.17	1.136025	HIRES-post
2456073.861836	-13.99	1.1391799999999999	HIRES-post
2456319.1214900003	1.74	1.119008	HIRES-post
2456451.82791	-36.99	1.1247559999999999	HIRES-post
2456709.0699150003	-35.3	1.001915	HIRES-post
2456882.72711	-38.86	1.042559	HIRES-post
2457065.137693	33.31	1.359638	HIRES-post
2457208.826359	-48.72	1.060343	HIRES-post
2457255.724494	-6.85	1.069272	HIRES-post
2457414.181318	-45.26	1.008407	HIRES-post
2457594.803388	25.6	1.286377	HIRES-post
2458002.710436	-23.38	1.0559120000000002	HIRES-post
2458344.767057	62.56	1.056635	HIRES-post
2458715.728759	-29.77	0.929386	HIRES-post
2453050.8613261003	-54.431909	0.8713930000000001	HARPS-pre
2453162.4465261	42.430805	1.125879	HARPS-pre
2453162.4479976003	40.676336	1.1240430000000001	HARPS-pre
2453162.4495297	41.904806	1.091033	HARPS-pre
2453162.4510567	41.116337	1.100292	HARPS-pre
2453162.4525953	41.297014000000004	1.104274	HARPS-pre
2453162.4541115	41.48397	1.1064	HARPS-pre
2453162.4556031004	40.273975	1.100223	HARPS-pre
2453162.4703057003	42.080883	1.054451	HARPS-pre
2453162.4718208998	40.871215	1.055165	HARPS-pre
2453162.47335	40.592057000000004	1.0783639999999999	HARPS-pre
2453162.4748401	40.820184999999995	1.0756370000000002	HARPS-pre
2453162.4763792004	40.178000000000004	1.0361790000000002	HARPS-pre
2453162.4779061	37.53933	1.047252	HARPS-pre
2453162.4794223	40.81215	1.0317100000000001	HARPS-pre
2453162.4809299	40.530626	1.047283	HARPS-pre
2453162.4824574	37.390817999999996	1.045964	HARPS-pre
2453162.4839823	38.954378999999996	1.033933	HARPS-pre
2453162.4854866	41.241257	1.046481	HARPS-pre
2453162.4870055	37.604818	1.0354889999999999	HARPS-pre
2453162.4884962	38.284042	1.029866	HARPS-pre
2453162.4900637995	41.30557	1.0585950000000002	HARPS-pre
2453162.4915646	38.805933	1.067369	HARPS-pre
2453162.4930821	37.065138	1.046714	HARPS-pre
2453162.4945947	41.393487	1.0324309999999999	HARPS-pre
2453162.4960812	41.085190999999995	1.047935	HARPS-pre
2453162.4975931	38.511790999999995	1.079401	HARPS-pre
2453162.4991223	38.009847	1.0656780000000001	HARPS-pre
2453162.5006405	40.630947	1.052653	HARPS-pre
2453162.5021647005	40.149778000000005	1.05898	HARPS-pre
2453162.5036818	40.623615	1.058867	HARPS-pre
2453162.5051862	39.447951	1.058188	HARPS-pre
2453162.5066942996	40.764505	1.06494	HARPS-pre
2453165.4589127004	39.458965	1.127553	HARPS-pre
2453165.4604442995	43.084471	1.0731899999999999	HARPS-pre
2453165.4619193	40.839828999999995	1.099827	HARPS-pre
2453165.4634842	39.255727	1.07673	HARPS-pre
2453165.4649317996	42.467638	1.072956	HARPS-pre
2453165.46646	40.473989	1.0911620000000002	HARPS-pre
2453165.4680374	39.995804	1.0555729999999999	HARPS-pre
2453165.4695395	40.728713	1.047416	HARPS-pre
2453165.4710806	43.040147	1.0544879999999999	HARPS-pre
2453165.4725717003	38.914978000000005	1.045061	HARPS-pre
2453165.4741073996	39.752004	1.049221	HARPS-pre
2453165.4756398997	43.86872	1.031333	HARPS-pre
2453165.47714	40.135071	1.032209	HARPS-pre
2453165.4786678	39.153284	1.040758	HARPS-pre
2453165.4801497003	42.113225	1.036078	HARPS-pre
2453165.4816891	41.25455	1.026269	HARPS-pre
2453165.4831722	40.431449	1.0259040000000001	HARPS-pre
2453165.4847082	38.366555	1.040241	HARPS-pre
2453165.4862241	41.791995	1.048463	HARPS-pre
2453165.4878022005	40.652342	1.068768	HARPS-pre
2453165.4892542004	40.167373	1.045218	HARPS-pre
2453165.4907391	41.228968	1.062155	HARPS-pre
2453165.4923152	43.332535	1.044958	HARPS-pre
2453165.4937882004	40.704893	1.040175	HARPS-pre
2453165.4953357996	41.545996	1.039202	HARPS-pre
2453165.4968262995	41.921372999999996	1.058951	HARPS-pre
2453165.4983773	40.9589	1.033768	HARPS-pre
2453165.4999054	41.090632	1.039696	HARPS-pre
2453202.5708416	18.000860999999997	0.922601	HARPS-pre
2453202.5762008	19.759510000000002	0.9174899999999999	HARPS-pre
2453203.5559417005	20.43519	0.923466	HARPS-pre
2453203.5608831	19.420908999999998	0.920488	HARPS-pre
2453204.5571515	19.773817	1.112299	HARPS-pre
2453204.5620863996	18.077827	1.0025600000000001	HARPS-pre
2453205.5039768997	10.590029	0.9333370000000001	HARPS-pre
2453205.509337	7.112858999999999	0.923409	HARPS-pre
2453217.5515925	-5.228547	0.955261	HARPS-pre
2453217.5554815	-4.592817	0.9520569999999999	HARPS-pre
2453217.5593286	-5.021812000000001	0.9470459999999999	HARPS-pre
2453218.4949767003	-4.105651	0.9995360000000001	HARPS-pre
2453218.4981807005	-2.958446	0.941541	HARPS-pre
2453218.502011	-2.79188	0.9348700000000001	HARPS-pre
2453511.7815457	-38.923624	0.8823540000000001	HARPS-pre
2453511.7842972	-35.301154	0.893402	HARPS-pre
2453511.7868389	-39.007953	1.058694	HARPS-pre
2453511.7897153	-36.329194	1.111882	HARPS-pre
2453516.7246641004	-39.453056	1.451452	HARPS-pre
2453516.7268907996	-40.446846	0.968292	HARPS-pre
2453516.7293915	-38.335423999999996	0.9557469999999999	HARPS-pre
2453516.7320367	-39.934934999999996	0.951041	HARPS-pre
2455291.8832505	-26.013573	0.643993	HARPS-pre
2455291.888343	-26.070069	0.651818	HARPS-pre
2455306.7505059	-42.211965	0.860349	HARPS-pre
2455325.6494827005	-57.584284999999994	0.703867	HARPS-pre
2456089.7084128996	-55.005339	0.615354	HARPS-pre
2456745.8571381	-25.011668	0.639061	HARPS-pre
2456745.8609793996	-23.16571	0.631084	HARPS-pre
2456745.8647469	-24.765269	0.643313	HARPS-pre
2456749.8479106002	-17.741092000000002	0.611933	HARPS-pre
2456749.8534313	-18.226010000000002	0.6187189999999999	HARPS-pre
2456750.8366361	-18.313748	0.7708050000000001	HARPS-pre
2456750.8421604	-18.237282999999998	0.754165	HARPS-pre
2456757.771107	-7.547737	0.584019	HARPS-pre
2456757.7771018995	-8.870847	0.592411	HARPS-pre
2456758.7635418	-6.676786	0.910544	HARPS-pre
2456758.7690064	-7.359042999999999	0.800523	HARPS-pre
2456760.7519534	-4.254158	0.526672	HARPS-pre
2456765.729512	6.67548	0.6342939999999999	HARPS-pre
2456765.7347843	5.959064	0.636126	HARPS-pre
2456766.7379014	7.752489	0.66466	HARPS-pre
2456766.7431794996	7.8391720000000005	0.665381	HARPS-pre
2456768.7224901	6.733961999999999	0.626379	HARPS-pre
2456789.6284255	24.978492000000003	0.662537	HARPS-pre
2456789.6339499	24.365275	0.65866	HARPS-pre
2456793.6849905	20.061783	0.407287	HARPS-pre
2456803.7613492003	15.198923	0.649662	HARPS-pre
2456804.6984401	13.764766	0.758005	HARPS-pre
2456808.7376285	9.702629	0.911142	HARPS-pre
2456810.6668915	7.243435000000001	0.738295	HARPS-pre
2456814.7447581002	0.033056	0.909076	HARPS-pre
2456814.7485344	1.479427	0.9139379999999999	HARPS-pre
2456814.7524816003	1.419931	0.9161889999999999	HARPS-pre
2456816.7275856	1.324062	0.706429	HARPS-pre
2456816.733216	0.1273	0.6863600000000001	HARPS-pre
2456865.5887959	-58.39827	1.042611	HARPS-pre
2456895.5196861	-73.659382	0.733969	HARPS-pre
2456895.5235916	-73.876499	0.731166	HARPS-pre
2456895.5274216	-74.269756	0.750709	HARPS-pre
2456898.537732	-72.9435	0.973719	HARPS-pre
2456903.4655413995	-76.484062	0.7619020000000001	HARPS-pre
2457116.9060128	-50.550385	0.616985	HARPS-pre
2457136.7824297003	-66.645147	0.454829	HARPS-pre
2457138.7907815	-68.666269	0.616812	HARPS-pre
2457143.8233691	-68.042523	0.6691729999999999	HARPS-pre
2457263.5447321	-4.693682	0.796963	HARPS-post
2457265.5404716	-1.748154	0.612229	HARPS-post
2457271.4885886	4.750578	0.597835	HARPS-post
2457274.4875513	11.185259	0.622627	HARPS-post
2457504.8143506	-22.367577	0.862168	HARPS-post
