#RESOURCE=yCat_34140351
#Name: J/A+A/414/351
#Title: ELODIE survey for northern extrasolar planets III (Naef+, 2004)
#INFO ivoid=ivo://cds.vizier/j/a+a/414/351     IVOID of underlying data collection     
#INFO creator=Naef D.     First author or institution     
#INFO cites=bibcode:2004A&A...414..351N     Article or Data origin sources     
#INFO editor=Astronomy and Astrophysics     Editor name (article)     
#INFO original_date=2004     Year of the article publication     
#INFO reference_url=https://cdsarc.cds.unistra.fr/viz-bin/cat/J/A+A/414/351     Dataset landing page     
#INFO citation=doi:10.26093/cds/vizier.34140351     Dataset identifier that can be used for citation     
#INFO publication_date=2017-06-27     Date of first publication in the data centre     
#INFO rights_uri=https://cds.unistra.fr/vizier-org/licences_vizier.html     Licence URI     
#Table J_A_A_414_351_table6:
#Name: J/A+A/414/351/table6
#Title: Radial velocity measurements for HD 145675
#---Details of Columns:
    BJD (d)     (F12.4) Barycentric Julian date [ucd=time.epoch]
    RV (km/s)   (F7.3)  Barycentric radial velocity (1) [ucd=phys.veloc;pos.barycenter]
    e_RV (km/s) (F6.3)  Full RV uncertainty [ucd=stat.error]
    Instr       (I1)    [1,2] Instrument (1: ELODIE, 2: CORALIE) [ucd=meta.id;instr]
------------ ------- ------ -
                            I
                            n
                            s
             RV      e_RV   t
BJD (d)      (km/s)  (km/s) r
------------ ------- ------ -
2449464.5956 -13.782  0.008 1
2449531.4302 -13.751  0.007 1
2449752.6051 -13.802  0.008 1
2449755.7183 -13.812  0.007 1
2449766.7061 -13.791  0.007 1
2449820.6112 -13.844  0.008 1
2449851.5208 -13.867  0.008 1
2449904.4072 -13.863  0.007 1
2449907.4065 -13.864  0.007 1
2449970.3277 -13.852  0.007 1
2450021.2673 -13.896  0.007 1
2450027.2444 -13.882  0.007 1
2450091.6909 -13.887  0.007 1
2450148.5611 -13.897  0.007 1
2450150.6383 -13.901  0.007 1
2450207.5116 -13.907  0.007 1
2450212.5237 -13.902  0.007 1
2450263.5103 -13.902  0.007 1
2450265.4403 -13.921  0.007 1
2450267.4670 -13.900  0.007 1
2450324.3571 -13.883  0.007 1
2450380.2417 -13.888  0.007 1
2450382.2442 -13.886  0.007 1
2450474.7151 -13.906  0.007 1
2450474.7239 -13.908  0.007 1
2450531.6407 -13.867  0.007 1
2450531.6528 -13.870  0.007 1
2450535.6413 -13.873  0.007 1
2450561.5672 -13.899  0.007 1
2450579.5503 -13.882  0.007 1
2450623.4879 -13.890  0.007 1
2450678.3287 -13.865  0.007 1
2450701.3046 -13.870  0.007 1
2450730.3173 -13.857  0.008 1
2450731.3017 -13.863  0.007 1
2450821.7229 -13.802  0.007 1
2450858.6915 -13.835  0.007 1
2450861.7002 -13.825  0.007 1
2450885.6643 -13.820  0.008 1
2450887.6508 -13.821  0.008 1
2450911.5831 -13.805  0.009 1
2450911.5996 -13.817  0.008 1
2450912.5399 -13.832  0.007 1
2450939.5857 -13.820  0.007 1
2450941.5499 -13.813  0.007 1
2450967.4309 -13.809  0.007 1
2450973.4289 -13.813  0.007 1
2451023.3664 -13.797  0.008 1
2451023.3788 -13.806  0.008 1
2451030.3506 -13.793  0.007 1
2451036.3833 -13.791  0.007 1
2451054.3182 -13.784  0.007 1
2451088.2796 -13.775  0.007 1
2451234.7105 -13.708  0.007 1
2451235.7013 -13.712  0.007 1
2451236.6831 -13.716  0.007 1
2451266.6518 -13.696  0.008 1
2451268.5184 -13.703  0.007 1
2451299.5955 -13.693  0.007 1
2451304.5558 -13.698  0.007 1
2451305.5625 -13.703  0.007 1
2451322.5027 -13.713  0.007 1
2451323.5112 -13.700  0.007 1
2451325.5424 -13.711  0.007 1
2451353.3998 -13.709  0.007 1
2451358.3927 -13.698  0.007 1
2451391.3999 -13.718  0.007 1
2451392.3716 -13.719  0.007 1
2451394.3629 -13.718  0.007 1
2451416.3193 -13.719  0.007 1
2451417.3422 -13.734  0.007 1
2451418.3245 -13.723  0.007 1
2451438.3142 -13.732  0.007 1
2451442.3108 -13.741  0.007 1
2451466.2689 -13.756  0.007 1
2451625.6693 -13.813  0.007 1
2451653.5905 -13.840  0.007 1
2451655.6391 -13.831  0.007 1
2451687.5356 -13.849  0.007 1
2451691.4347 -13.848  0.008 1
2451722.4487 -13.857  0.007 1
2451727.4612 -13.853  0.008 1
2451754.3940 -13.862  0.007 1
2451780.3345 -13.865  0.007 1
2451783.3471 -13.858  0.007 1
2451802.2990 -13.869  0.007 1
2451804.3121 -13.875  0.007 1
2451954.7185 -13.867  0.007 1
2451956.6976 -13.869  0.007 1
2451977.6726 -13.871  0.008 1
2451979.6613 -13.866  0.008 1
2452009.6008 -13.879  0.008 1
2452010.5804 -13.869  0.008 1
2452038.5590 -13.892  0.007 1
2452078.4428 -13.888  0.008 1
2452079.5054 -13.879  0.007 1
2452081.4194 -13.881  0.007 1
2452111.3670 -13.875  0.007 1
2452113.3488 -13.870  0.007 1
2452139.3667 -13.868  0.007 1
2452158.3029 -13.877  0.008 1
2452162.3537 -13.872  0.008 1
2452193.2647 -13.872  0.007 1
2452196.2606 -13.874  0.007 1
2452356.6840 -13.864  0.008 1
2452357.6368 -13.848  0.009 1
2452389.5244 -13.866  0.007 1
2452413.5760 -13.848  0.007 1
2452450.4329 -13.860  0.007 1
2452482.3489 -13.849  0.007 1
2452509.3503 -13.854  0.007 1
2452513.3804 -13.863  0.009 1
2452722.6296 -13.797  0.007 1
2452747.5755 -13.810  0.007 1
2452751.5690 -13.813  0.007 1
2452772.5602 -13.796  0.007 1
2452776.5160 -13.801  0.007 1
2452805.4363 -13.787  0.007 1
2452856.4222 -13.785  0.007 1