tel	time	mnvel	errvel
HIRES-post	2453339.131678	-1.59	0.847852
HIRES-post	2453339.134977	-2.33	0.91141
HIRES-post	2453340.143877	0.16	0.906518
HIRES-post	2453340.146794	2.03	0.847687
HIRES-post	2453369.055787	-3.31	0.827527
HIRES-post	2453369.057812	-2.81	0.936958
HIRES-post	2453370.053993	2.01	1.008868
HIRES-post	2453370.056644	2.33	1.020467
HIRES-post	2453398.062616	-0.81	0.892079
HIRES-post	2453398.065162	0.56	0.869106
HIRES-post	2453398.947465	1.03	0.920521
HIRES-post	2453398.94963	0.73	0.94
HIRES-post	2453401.045417	1.91	0.998971
HIRES-post	2453401.048542	3.49	1.010627
HIRES-post	2453480.777014	3.46	0.791215
HIRES-post	2453480.779294	3.35	0.780693
HIRES-post	2453546.768715	2.39	0.916997
HIRES-post	2453546.771204	3.52	0.954687
HIRES-post	2453547.746921	5.07	0.879426
HIRES-post	2453547.750637	4.95	0.900463
HIRES-post	2453548.794109	4.22	0.885892
HIRES-post	2453548.796736	3.19	0.888817
HIRES-post	2453549.782199	1.93	0.903257
HIRES-post	2453549.784722	2.21	0.882778
HIRES-post	2453550.807604	1.02	0.841694
HIRES-post	2453550.809977	-0.72	0.881082
HIRES-post	2453551.812025	-0.13	0.885691
HIRES-post	2453551.814433	0.4	0.901701
HIRES-post	2453570.77066	3.55	0.92941
HIRES-post	2453570.775856	5.39	0.948866
HIRES-post	2453575.773333	-7.98	1.579325
HIRES-post	2453575.779051	-7.48	1.14978
HIRES-post	2453576.751076	-3.41	0.908086
HIRES-post	2453576.754479	-1.57	0.827255
HIRES-post	2453693.1036	2.69	0.795661
HIRES-post	2453693.105486	3.46	0.824206
HIRES-post	2453693.107396	1.41	0.913428
HIRES-post	2453694.137141	1.4	0.776523
HIRES-post	2453694.13919	2.27	0.844356
HIRES-post	2453694.141204	1.85	0.744803
HIRES-post	2453695.116447	0.76	0.873151
HIRES-post	2453695.118785	1.16	0.941275
HIRES-post	2453695.121933	0.3	0.891654
HIRES-post	2453696.091458	2.07	0.891492
HIRES-post	2453696.093507	0.68	0.895795
HIRES-post	2453696.095532	3.51	0.887554
HIRES-post	2453697.120162	-0.39	1.007938
HIRES-post	2453697.122523	-0.01	0.909724
HIRES-post	2453697.12485	1.12	1.006137
HIRES-post	2453724.154306	2.66	0.93102
HIRES-post	2453724.158056	2.61	1.009461
HIRES-post	2453725.054664	2.48	0.985277
HIRES-post	2453725.057118	2.47	1.020446
HIRES-post	2453747.059375	0.8	1.024322
HIRES-post	2453747.965903	1.59	0.925108
HIRES-post	2453747.968843	2.0	0.954607
HIRES-post	2453748.929502	0.77	1.109627
HIRES-post	2453749.92162	0.5	1.028438
HIRES-post	2453750.931123	-1.98	1.024284
HIRES-post	2453753.08684	4.37	0.912157
HIRES-post	2453753.089016	2.82	0.887693
HIRES-post	2453754.052072	2.92	0.972459
HIRES-post	2453754.054329	2.23	0.907853
HIRES-post	2453776.059769	-1.92	0.994808
HIRES-post	2453776.06191	-0.49	0.904195
HIRES-post	2453806.841991	3.54	0.990927
HIRES-post	2453806.844745	2.67	1.018747
HIRES-post	2454246.861343	-0.73	0.911937
HIRES-post	2454246.863264	-2.55	0.927397
HIRES-post	2454247.831759	-3.03	0.964591
HIRES-post	2454248.933021	-1.57	0.887718
HIRES-post	2454249.794387	-2.7	0.982871
HIRES-post	2454250.831389	-3.06	0.920647
HIRES-post	2454251.884931	-1.82	0.953955
HIRES-post	2454255.860185	1.25	0.830373
HIRES-post	2454255.861528	0.69	0.849134
HIRES-post	2454277.807245	-3.01	0.961535
HIRES-post	2454278.82735	-2.7	0.94407
HIRES-post	2454279.818704	-1.45	0.864497
HIRES-post	2454285.845451	-4.83	1.110464
HIRES-post	2454294.78088	-0.24	0.947667
HIRES-post	2454300.751458	0.74	0.91353
HIRES-post	2454304.7725	-3.16	1.098168
HIRES-post	2454305.769479	-3.12	1.005503
HIRES-post	2454305.771794	-4.59	1.036497
HIRES-post	2454306.77662	-2.83	0.988343
HIRES-post	2454307.75191	0.08	1.05958
HIRES-post	2454307.754954	-2.0	0.934053
HIRES-post	2454308.754479	0.23	0.958551
HIRES-post	2454308.757234	-0.33	1.005746
HIRES-post	2454309.751007	-1.3	1.02279
HIRES-post	2454310.746586	0.87	0.999429
HIRES-post	2454310.748785	0.05	0.928222
HIRES-post	2454311.747303	0.61	0.981521
HIRES-post	2454312.744838	2.55	0.950424
HIRES-post	2454313.747153	-1.34	1.129809
HIRES-post	2454314.756019	-5.6	1.071496
HIRES-post	2454318.750625	1.77	0.93354
HIRES-post	2454455.050185	-0.59	1.034533
HIRES-post	2454455.151898	-0.32	1.048402
HIRES-post	2454456.106887	-0.06	1.085451
HIRES-post	2454456.172419	-2.44	1.047397
HIRES-post	2454458.15706	-5.19	1.186584
HIRES-post	2454458.167963	-5.13	1.195963
HIRES-post	2454461.118368	-5.6	1.065066
HIRES-post	2454461.964028	-2.94	1.149632
HIRES-post	2454493.016759	-0.64	0.921848
HIRES-post	2454548.01081	0.83	0.910737
HIRES-post	2454548.938333	-3.55	0.901365
HIRES-post	2454633.806447	-1.92	0.922102
HIRES-post	2454639.757593	-4.4	0.911178
HIRES-post	2454640.769444	-2.47	0.903134
HIRES-post	2454641.820729	-0.71	0.95388
HIRES-post	2454643.794016	-0.95	0.986648
HIRES-post	2454643.796285	3.53	0.940712
HIRES-post	2454643.798437	1.27	0.951673
HIRES-post	2454778.15581	-1.43	0.928814
HIRES-post	2454779.091505	-5.88	1.027538
HIRES-post	2454779.093113	-5.57	1.044006
HIRES-post	2454779.094711	-5.92	1.154226
HIRES-post	2454780.127477	-5.9	1.077345
HIRES-post	2454780.129132	-3.92	1.051668
HIRES-post	2454780.130799	-2.61	0.998194
HIRES-post	2454808.163796	2.79	1.074135
HIRES-post	2454809.131215	1.82	1.103222
HIRES-post	2454810.027998	2.88	1.111435
HIRES-post	2454839.080382	0.0	1.116183
HIRES-post	2454865.107389	1.14	0.908047
HIRES-post	2454985.869533	0.68	0.990316
HIRES-post	2455016.800638	-4.28	0.939276
HIRES-post	2455198.035309	0.74	1.106071
HIRES-post	2455198.037033	0.96	1.114826
HIRES-post	2455198.038839	-0.09	1.087974
HIRES-post	2455311.79506	-9.01	1.131595
HIRES-post	2455311.797144	-6.53	1.065759
HIRES-post	2455311.799042	-9.64	1.032415
HIRES-post	2455312.861366	-7.9	0.837782
HIRES-post	2455312.862663	-9.02	0.866758
HIRES-post	2455312.863936	-9.01	0.871057
HIRES-post	2455313.76037	-5.85	0.921623
HIRES-post	2455313.761736	-4.35	0.854682
HIRES-post	2455313.762951	-6.53	0.823484
HIRES-post	2455314.789942	-8.1	1.006913
HIRES-post	2455314.791759	-8.46	1.035315
HIRES-post	2455314.793298	-7.44	0.923051
HIRES-post	2455319.879068	-2.79	1.062558
HIRES-post	2455319.883894	-1.95	0.85576
HIRES-post	2455319.886105	-2.01	0.913398
HIRES-post	2455339.828891	-5.46	1.008375
HIRES-post	2455342.880408	-2.98	1.042494
HIRES-post	2455342.882005	-2.27	0.963848
HIRES-post	2455342.883521	-1.91	0.930647
HIRES-post	2455522.11724	0.02	0.867432
HIRES-post	2455522.118594	-0.1	0.954795
HIRES-post	2455522.119983	-0.62	0.929268
HIRES-post	2455635.03064	-2.95	1.013033
HIRES-post	2455671.919221	-0.24	1.028032
HIRES-post	2455722.765012	-0.82	0.945807
HIRES-post	2455728.768942	-4.77	0.884662
HIRES-post	2455728.770365	-6.32	0.961398
HIRES-post	2455728.771788	-5.01	1.03963
HIRES-post	2455728.773235	-2.82	1.057864
HIRES-post	2455728.774786	-5.86	0.993956
HIRES-post	2455728.842315	-6.16	1.134876
HIRES-post	2455728.844445	-2.54	1.098734
HIRES-post	2455728.846968	-2.34	1.080405
HIRES-post	2455731.756922	-1.12	1.005684
HIRES-post	2455733.742542	-5.94	0.935254
HIRES-post	2455733.743977	-4.48	1.027759
HIRES-post	2455733.745436	-3.71	1.002333
HIRES-post	2455734.7898	-4.69	0.900142
HIRES-post	2455734.791061	-5.92	0.935477
HIRES-post	2455734.792357	-3.03	0.932412
HIRES-post	2455749.782838	-2.35	1.043256
HIRES-post	2455912.093625	6.86	0.834821
HIRES-post	2455912.095755	3.86	0.978355
HIRES-post	2456018.847367	-0.64	1.029933
HIRES-post	2456018.849034	-0.66	1.06782
HIRES-post	2456018.850746	-0.2	1.100358
HIRES-post	2456024.913226	3.03	0.924354
HIRES-post	2456024.915622	2.82	0.88541
HIRES-post	2456144.729598	2.57	1.100862
HIRES-post	2456144.731253	0.56	1.171261
HIRES-post	2456144.732943	2.69	1.195817
HIRES-post	2456145.730393	0.83	1.13389
HIRES-post	2456446.777773	1.65	0.936891
HIRES-post	2456448.808572	-0.89	0.96411
HIRES-post	2456449.793882	-0.09	0.929166
HIRES-post	2456450.807442	0.05	0.868232
HIRES-post	2456451.80377	0.7	0.945943
HIRES-post	2456472.749517	0.19	0.979521
HIRES-post	2456473.749435	-0.99	0.906814
HIRES-post	2456474.735061	-2.98	0.872591
HIRES-post	2456475.741762	-4.25	0.957659
HIRES-post	2456476.74203	-0.45	0.953281
HIRES-post	2456477.742623	-3.62	0.956934
HIRES-post	2456478.741134	-0.66	1.081854
HIRES-post	2456482.743276	3.24	0.975328
HIRES-post	2456483.740773	3.44	1.017902
HIRES-post	2456484.740308	1.45	0.942166
HIRES-post	2456485.736592	1.61	0.917079
HIRES-post	2456486.73694	-0.08	0.931608
HIRES-post	2456487.737138	-0.69	0.939983
HIRES-post	2456488.733309	-1.41	0.95379
HIRES-post	2456489.746541	-2.13	0.960357
HIRES-post	2456494.739992	4.21	1.421745
HIRES-post	2456506.724881	-1.38	1.054642
HIRES-post	2456512.72653	0.45	1.156753
HIRES-post	2456513.731761	-3.63	1.143176
HIRES-post	2456614.155137	-2.47	0.98248
HIRES-post	2456615.158096	-0.35	0.872332
HIRES-post	2456674.935309	-4.37	1.05955
HIRES-post	2456674.936721	-2.61	1.178317
HIRES-post	2456674.938156	-4.41	1.167807
HIRES-post	2456676.160939	5.25	0.909207
HIRES-post	2456676.162779	7.97	0.850882
HIRES-post	2456708.89029	-3.04	0.984557
HIRES-post	2456708.891725	-1.12	0.97828
HIRES-post	2456708.893241	-2.13	1.113662
HIRES-post	2456826.736776	-5.83	0.928748
HIRES-post	2456826.738026	-6.38	0.851376
HIRES-post	2456826.739276	-4.59	0.925223
HIRES-post	2456827.741963	-7.95	0.893782
HIRES-post	2456827.743282	-4.46	0.913466
HIRES-post	2456827.744729	-6.8	0.937949
HIRES-post	2456828.738922	-5.99	1.048993
HIRES-post	2456828.740299	-5.06	1.006486
HIRES-post	2456828.741607	-7.39	0.997818
HIRES-post	2456844.735426	1.11	1.00096
HIRES-post	2456844.742069	-5.14	2.270163
HIRES-post	2456855.733401	3.39	1.061666
HIRES-post	2456855.734963	1.45	0.910741
HIRES-post	2456855.736491	4.9	0.862803
HIRES-post	2457201.747391	-1.02	0.879354
HIRES-post	2457201.748687	-1.05	0.949019
HIRES-post	2457201.749972	-0.19	0.943598
HIRES-post	2457209.745592	-0.52	1.078641
HIRES-post	2457209.746842	-0.81	0.966808
HIRES-post	2457209.748081	-1.62	0.929363
HIRES-post	2457213.744183	-0.96	1.066904
HIRES-post	2457213.745584	-2.95	1.007522
HIRES-post	2457213.746973	-0.64	1.067185
HIRES-post	2457216.748461	-0.19	1.012771
HIRES-post	2457216.749746	-2.23	0.969964
HIRES-post	2457216.751065	-0.54	0.944765
HIRES-post	2457586.732588	1.84	0.956524
HIRES-post	2457586.733815	2.59	0.918959
HIRES-post	2457586.73503	1.59	0.898484
HIRES-post	2457718.163649	-4.59	0.867815
HIRES-post	2457718.164922	-5.49	0.875213
HIRES-post	2457718.166196	-2.83	0.936135
HIRES-post	2458439.121814	-0.39	1.713013
HIRES-post	2458491.184334	-2.4	1.08017
HIRES-post	2458491.185642	-1.84	1.040212
HIRES-post	2458491.186926	-1.0	1.073314
HIRES-post	2458491.186926	-1.0	1.073314
HIRES-post	2458491.186926	-1.0	1.073314
HIRES-post	2458491.956211	-4.64	0.991457
HIRES-post	2458491.957612	1.0	1.067504
HIRES-post	2458491.959012	-1.79	1.072286
HIRES-post	2458508.993704	-1.45	1.021046
HIRES-post	2458508.995174	-2.27	1.076507
HIRES-post	2458508.996517	-3.74	1.004424
HIRES-post	2458510.070171	-1.7	1.020483
HIRES-post	2458510.074026	-1.6	1.070843
HIRES-post	2458510.077151	-4.66	1.074896
HIRES-post	2458532.959286	-2.95	1.075076
HIRES-post	2458532.960871	-4.15	0.92087
HIRES-post	2458532.962457	-2.77	0.963031
HIRES-post	2458559.91381	-3.13	1.053016
HIRES-post	2458559.915315	-4.1	1.001412
HIRES-post	2458559.916854	-4.65	1.034389
HIRES-post	2458568.807763	-1.65	0.987801
HIRES-post	2458568.809117	-3.71	1.013786
HIRES-post	2458568.810517	-3.49	1.00374
HIRES-post	2458569.815643	1.64	1.015522
HIRES-post	2458569.816893	1.2	0.979516
HIRES-post	2458569.818166	-1.26	0.956415
HIRES-post	2458584.921227	-1.56	1.018688
HIRES-post	2458584.924074	0.21	1.406408
HIRES-post	2458610.926524	-6.48	1.014871
HIRES-post	2458610.928005	-3.28	1.072256
HIRES-post	2458615.920209	-2.26	0.997798
HIRES-post	2458615.921598	-1.65	1.016806
HIRES-post	2458615.922998	0.1	0.956034
HIRES-post	2458796.158319	-1.18	1.05946
HIRES-post	2458796.159928	-1.46	1.029764
HIRES-post	2458796.161433	-1.16	1.040324
HIRES-post	2458919.041105	-3.17	1.052657
APF	2456505.689186	1.69	1.66454
APF	2456506.673181	2.42	1.582256
APF	2456735.937338	2.36	2.28985
APF	2456740.825596	5.89	2.543453
APF	2456740.919735	7.53	2.329976
APF	2456761.71314	3.13	2.300948
APF	2456938.040397	1.23	1.757792
APF	2456938.051	4.52	1.881
APF	2456942.034986	0.85	1.804528
APF	2456942.043899	0.72	1.712602
APF	2456971.00616	1.14	1.835435
APF	2456971.014482	0.64	1.877777
APF	2456972.916672	3.55	1.776076
APF	2456972.926939	1.55	1.8529
APF	2456988.972101	1.85	1.838715
APF	2456988.985539	0.52	1.932461
APF	2457016.054781	2.22	1.800275
APF	2457016.067247	3.03	1.890603
APF	2457027.056723	3.11	2.103833
APF	2457029.008716	-4.01	2.082108
APF	2457029.017848	-1.46	1.939741
APF	2457035.035939	-2.88	1.814789
APF	2457035.043174	-2.52	1.832174
APF	2457054.895809	-0.75	1.834722
APF	2457054.904478	0.67	1.70498
APF	2457123.798051	2.47	1.478051
APF	2457125.775675	2.77	1.711003
APF	2457140.766748	-1.56	1.672873
APF	2457142.728965	-3.29	1.716287
APF	2457143.690531	0.81	1.703412
APF	2457145.747632	-0.47	1.615818
APF	2457165.69917	-1.1	1.727786
APF	2457168.747007	2.98	1.484009
APF	2457170.698944	1.2	1.494268
APF	2457176.694988	0.32	1.712836
APF	2457176.717139	1.34	1.816618
APF	2457178.68049	-0.09	2.370189
APF	2457179.701086	4.17	2.567567
APF	2457179.737298	2.99	1.555062
APF	2457185.687737	2.78	1.779906
APF	2457187.706599	-0.86	1.699084
APF	2457188.689297	-2.53	1.421746
APF	2457189.696565	-1.8	1.695689
APF	2457191.691557	-0.99	1.68577
APF	2457193.6814	-0.02	2.658419
APF	2457193.684039	-0.9	2.592869
APF	2457195.689277	0.07	1.713304
APF	2457196.711468	0.32	1.866956
APF	2457202.711836	-1.55	2.61575
APF	2457202.714359	2.5	2.61356
APF	2457204.690273	1.39	1.738363
APF	2457207.688888	1.16	1.633753
APF	2457208.70794	2.01	2.116619
APF	2457211.712793	1.93	2.718503
APF	2457211.715767	-2.19	2.639522
APF	2457215.686324	-1.52	1.896485
APF	2457217.714309	-1.95	2.00296
APF	2457218.683734	3.04	1.792294
APF	2457220.680755	-3.47	2.875962
APF	2457220.683266	0.97	1.728411
APF	2457222.682688	0.68	2.172248
APF	2457224.70371	-2.79	2.1057
APF	2457226.678825	-3.82	1.804558
APF	2457227.677182	-2.06	1.890961
APF	2457229.699907	-2.04	2.059495
APF	2457232.675817	2.36	1.895714
APF	2457233.696809	-1.26	2.188264
APF	2457235.668591	-3.45	2.906382
APF	2457235.680859	-3.28	2.280939
APF	2457238.674038	-3.02	2.123373
APF	2457318.977472	-5.01	2.189596
APF	2457321.964403	0.32	1.99286
APF	2457325.973864	-4.04	2.380862
APF	2457330.960049	-8.8	2.325013
APF	2457332.942751	-3.96	2.116512
APF	2457334.905152	-3.1	1.850717
APF	2457340.894133	-3.5	1.661816
APF	2457347.884983	1.68	2.071278
APF	2457348.862883	-1.72	2.092385
APF	2457350.879626	2.19	2.46198
APF	2457354.854008	-0.98	2.643793
APF	2457354.861358	2.64	2.432528
APF	2457356.863828	-0.71	2.316696
APF	2457408.051655	1.31	1.843346
APF	2457408.06404	-2.14	1.812988
APF	2457413.9318	7.35	2.403781
APF	2457413.934428	-0.47	2.639369
APF	2457415.835416	1.7	1.739401
APF	2457424.936544	-0.31	1.743241
APF	2457426.950051	-3.21	1.758916
APF	2457429.960073	-2.41	1.516556
APF	2457432.957756	-2.06	1.981238
APF	2457439.924608	-3.67	1.818199
APF	2457441.847293	-4.38	2.9169
APF	2457441.850047	-5.27	2.936028
APF	2457443.878119	-3.47	1.549738
APF	2457446.876454	-4.37	1.603031
APF	2457449.912727	-0.53	1.705801
APF	2457465.852071	2.66	1.476348
APF	2457466.845308	0.77	1.498947
APF	2457471.71699	-0.86	2.363298
APF	2457471.835191	-1.35	1.714755
APF	2457473.724872	0.72	2.363938
APF	2457473.82327	1.5	1.905797
APF	2457478.753609	-3.1	2.626235
APF	2457478.756051	2.25	2.524406
APF	2457480.771599	-0.69	1.479096
APF	2457482.745965	1.2	2.429961
APF	2457482.761867	-1.39	1.690015
APF	2457483.645831	-6.08	2.539409
APF	2457483.648713	-3.74	2.67429
APF	2457495.695826	0.8	1.503351
APF	2457498.745454	-8.47	2.694982
APF	2457498.748011	-6.71	2.581237
APF	2457505.693071	1.43	2.666598
APF	2457507.707922	-0.69	2.055681
APF	2457524.740984	-2.13	2.5367
APF	2457524.743703	-0.42	2.58372
APF	2457525.673241	0.86	1.762904
APF	2457537.67582	2.02	1.488682
APF	2457549.726483	-2.76	1.979991
APF	2457558.705342	0.34	2.615812
APF	2457558.708096	-2.84	2.84653
APF	2457560.706483	-2.63	1.943448
APF	2457564.770158	-1.34	1.807654
APF	2457566.716521	2.01	2.202554
APF	2457569.688485	0.56	1.626917
APF	2457570.754152	1.26	2.05087
APF	2457571.715533	-0.21	1.889555
APF	2457573.689995	3.38	1.964138
APF	2457576.707161	2.55	2.669296
APF	2457576.710274	-1.17	2.781333
APF	2457581.695713	3.1	1.835002
APF	2457584.6836	4.81	2.054719
APF	2457586.681271	3.57	2.683966
APF	2457586.684107	-0.5	2.873179
APF	2457587.684066	-2.26	1.820991
APF	2457588.680289	1.23	1.675988
APF	2457591.684728	0.32	1.706121
APF	2457669.044339	-1.12	1.937348
APF	2457684.987078	-2.57	2.088175
APF	2457687.966081	-2.13	2.098846
APF	2457696.949266	-2.76	1.902779
APF	2457700.972155	-3.44	1.543679
APF	2457701.912907	-1.84	2.165532
APF	2457702.903247	-3.36	2.151473
APF	2457703.931195	-6.03	1.845329
APF	2457705.892397	-4.67	1.891388
APF	2457717.910629	-5.95	1.84252
APF	2457742.048035	-4.16	1.752818
APF	2457744.058855	-0.66	2.17832
APF	2457750.107943	-0.52	1.867083
APF	2457752.030526	-1.64	1.71614
APF	2457780.926892	-2.99	2.504657
APF	2457780.929438	-4.24	2.543815
APF	2457783.81615	-1.65	2.32956
APF	2457783.818685	-2.65	2.393746
APF	2457783.94531	-6.24	2.293591
APF	2457783.947845	-5.77	2.274571
APF	2457796.89569	-3.25	2.995117
APF	2457814.95494	1.94	1.747671
APF	2457815.883469	-0.51	1.800507
APF	2457821.85202	-4.15	1.904046
APF	2457823.77836	-2.06	2.580922
APF	2457823.780582	-4.62	2.318995
APF	2457824.838388	-3.55	1.880797
APF	2457838.805771	-5.07	2.653533
APF	2457838.808329	-4.64	2.66632
APF	2457845.794934	-3.27	1.781359
APF	2457847.73053	-5.52	2.472003
APF	2457847.732995	-2.95	2.512365
APF	2457858.654113	-0.5	2.697846
APF	2457858.65674	-4.7	2.786092
APF	2457865.651708	-0.45	1.812016
APF	2457871.686288	-2.15	2.595717
APF	2457872.681753	-0.95	2.396253
APF	2457872.684056	-3.92	2.466347
APF	2457873.680596	-2.27	2.328628
APF	2457873.682702	-5.62	2.354662
APF	2457875.687968	-2.4	2.423702
APF	2457875.690514	-6.39	2.24157
APF	2457877.731805	-3.1	1.602929
APF	2457882.670593	-2.89	2.132174
APF	2457882.676715	-2.4	1.842461
APF	2457891.684877	-0.97	2.597824
APF	2457891.687666	-1.86	2.479378
APF	2457893.674993	0.15	1.649759
APF	2457894.677371	-2.3	1.335298
APF	2457896.699765	-1.36	1.834978
APF	2457897.694528	-3.5	1.85332
APF	2457901.697026	-3.56	1.705728
APF	2457903.68131	-1.27	2.354502
APF	2457903.683972	2.59	2.64512
APF	2457907.682274	-4.73	2.531095
APF	2457907.684554	-4.99	2.220006
APF	2457909.68164	-1.08	2.53947
APF	2457909.68392	-0.61	2.19421
APF	2457911.684873	-6.85	1.812798
APF	2457917.703482	-1.45	2.436119
APF	2457917.706225	-2.09	2.59223
APF	2457922.687942	-4.71	1.937171
APF	2457927.710065	-3.66	2.681119
APF	2457927.712739	-2.54	2.578937
APF	2457930.711022	-2.39	2.48241
APF	2457930.713603	-6.11	2.627532
APF	2457931.707361	0.13	1.951318
APF	2457933.685101	3.63	2.687022
APF	2457933.687671	2.88	2.373333
APF	2457933.693469	-2.13	2.050279
APF	2457937.691306	-2.63	1.769233
APF	2457940.691525	0.52	2.143144
APF	2457941.684332	-3.74	2.695572
APF	2457941.686843	3.07	2.778043
APF	2457948.694456	0.1	2.56448
APF	2457948.696713	-4.27	2.476529
APF	2457948.706979	-1.3	1.994847
APF	2457951.685683	-5.14	2.651627
APF	2457951.68824	-3.7	2.726549
APF	2457953.692802	-4.27	1.83857
APF	2457954.699268	-2.63	1.880534
APF	2457961.675472	-1.9	2.156245
APF	2457962.677099	-5.24	2.046031
APF	2458032.04321	-1.49	1.996888
APF	2458037.990634	-2.52	2.058492
APF	2458040.007966	-2.08	2.100865
APF	2458051.978033	-1.29	1.950161
APF	2458052.955204	-0.57	2.30471
APF	2458053.954275	-5.01	2.165556
APF	2458087.872102	-2.06	1.780062
APF	2458089.064175	-0.93	1.932849
APF	2458107.064474	-5.17	1.837649
APF	2458109.978827	-5.49	2.491427
APF	2458114.049013	-3.76	2.05006
APF	2458115.884683	-3.33	2.670236
APF	2458115.887322	-5.85	2.603191
APF	2458116.017829	-3.42	2.490854
APF	2458116.02048	-8.97	2.742133
APF	2458118.043486	-4.08	1.676222
APF	2458120.036995	-4.61	1.861411
APF	2458129.989723	-1.61	1.935464
APF	2458131.911906	-4.61	2.764554
APF	2458131.914476	-4.3	2.695037
APF	2458131.965937	-2.64	1.863545
APF	2458150.817052	-2.52	1.717749
APF	2458152.926513	-1.86	1.958166
APF	2458156.858811	-7.23	2.272464
APF	2458156.861056	-10.19	2.345025
APF	2458162.862991	-4.79	2.331153
APF	2458162.865549	-4.59	2.42521
APF	2458165.856021	-2.54	2.569895
APF	2458165.858706	-5.77	2.675922
APF	2458166.884501	-1.76	1.760298
APF	2458196.801487	-4.65	2.661007
APF	2458196.8043	-8.19	2.76097
APF	2458204.755576	0.24	2.851456
APF	2458204.758307	-6.75	2.884455
APF	2458207.725554	-4.7	1.845403
APF	2458210.760159	-3.64	1.815155
APF	2458222.932595	-0.49	1.543562
APF	2458228.667777	1.13	1.334416
APF	2458228.684269	0.23	1.373344
APF	2458230.664967	2.05	1.513148
APF	2458233.666579	1.19	1.857825
APF	2458233.684379	2.03	1.940906
APF	2458240.720625	0.75	2.332777
APF	2458240.723102	1.38	2.674189
APF	2458241.859803	2.92	2.416144
APF	2458241.86228	-2.71	2.549792
APF	2458256.689841	-2.36	2.368465
APF	2458256.692109	1.83	2.45389
APF	2458261.679152	-5.47	1.790432
APF	2458273.728306	-1.55	1.731371
APF	2458275.702941	-3.79	1.407566
APF	2458283.734819	0.21	1.90716
APF	2458285.692936	-2.75	1.734939
APF	2458288.702037	-3.4	2.241649
APF	2458288.705312	-5.36	1.83267
APF	2458289.688627	-4.63	1.915321
APF	2458291.690011	-2.26	2.773871
APF	2458291.692523	-4.97	2.667112
APF	2458294.718684	-0.48	2.764267
APF	2458294.721102	0.86	2.587001
APF	2458299.713866	-2.35	2.621542
APF	2458299.71632	-0.46	2.448041
APF	2458304.693539	0.49	2.007611
APF	2458307.703867	1.81	1.842154
APF	2458308.705529	0.65	1.972935
APF	2458311.704805	-3.62	2.068158
APF	2458314.699276	-4.14	1.925718
APF	2458318.684574	-3.11	2.212864
APF	2458320.70047	-3.51	2.094733
APF	2458321.694566	1.41	1.857773
APF	2458326.675725	-5.44	2.716834
APF	2458405.988327	-1.82	2.203719
APF	2458414.987016	-4.39	2.200192
APF	2458419.053858	-5.92	1.867243
APF	2458420.032812	-4.61	1.764225
APF	2458428.035853	-3.19	2.205577
APF	2458476.079957	4.09	2.418695
APF	2458487.990455	0.34	1.901459
APF	2458508.876616	-1.57	1.919936
APF	2458512.92411	1.34	2.669932
APF	2458557.929699	-3.89	1.561574
APF	2458574.792737	-4.03	1.632459
APF	2458606.789748	-2.62	1.661794
APF	2458606.789748	-2.62	1.661794
APF	2458606.79329	-2.96	1.712722
APF	2458606.79329	-2.96	1.712722
APF	2458606.796646	0.26	1.777859
APF	2458606.796646	0.26	1.777859
APF	2458607.810972	-1.21	2.02838
APF	2458607.814224	-2.84	2.086017
APF	2458607.817384	-2.79	1.971846
APF	2458617.710241	0.94	2.54897
APF	2458805.032462	-2.82	1.628854
APF	2458805.03781	-5.94	1.739189
APF	2458805.043215	-5.14	1.692901
APF	2458955.793681	-1.06	1.752731
APF	2458955.803449	-0.92	1.707029
APF	2458955.809779	0.49	1.641386
SOPHIE	2455865.677824	-84609.2	1.6
SOPHIE	2455875.66989	-84614.7	1.4
SOPHIE	2455879.706792	-84614.90000000001	1.3
SOPHIE	2455906.683957	-84615.2	1.3
SOPHIE	2455917.706581	-84613.20000000001	1.9
SOPHIE	2455929.621078	-84611.8	1.7
SOPHIE	2455934.685521	-84613.20000000001	1.7
SOPHIE	2455963.647961	-84614.2	1.7
SOPHIE	2455968.529464	-84612.79999999999	1.9
SOPHIE	2455979.560314	-84612.5	1.3
SOPHIE	2455990.410144	-84615.5	1.6
SOPHIE	2456016.456522	-84606.5	1.2
SOPHIE	2456026.404647	-84606.7	1.7
SOPHIE	2456029.456427	-84611.5	1.4
SOPHIE	2456042.430604	-84604.29999999999	1.5
SOPHIE	2456047.454084	-84611.59999999999	2.2
SOPHIE	2456058.415441	-84610.4	2.2
SOPHIE	2456072.383108	-84609.0	1.2
SOPHIE	2456081.378579	-84607.6	1.5
SOPHIE	2456251.663277	-84610.4	1.1
SOPHIE	2456298.668542	-84617.40000000001	1.2
SOPHIE	2456314.565766	-84618.9	1.4
SOPHIE	2456318.622999	-84618.79999999999	1.4
SOPHIE	2456319.634277	-84616.29999999999	1.4
SOPHIE	2456327.632269	-84615.0	1.5
SOPHIE	2456344.597952	-84619.5	1.4
SOPHIE	2456349.499418	-84617.7	1.2
SOPHIE	2456354.528357	-84615.0	1.1
SOPHIE	2456372.532715	-84618.3	1.4
SOPHIE	2456382.393454	-84613.20000000001	1.4
SOPHIE	2456405.46611	-84617.0	1.3
SOPHIE	2456416.419037	-84614.7	1.4
SOPHIE	2456419.438994	-84616.5	1.2
SOPHIE	2456437.344662	-84617.90000000001	1.8
SOPHIE	2456667.611518	-84621.7	1.3
SOPHIE	2456672.672563	-84621.5	1.8
SOPHIE	2456678.681028	-84620.8	1.9
SOPHIE	2456682.650254	-84619.6	1.4
SOPHIE	2456699.577924	-84618.79999999999	1.7
SOPHIE	2456708.528242	-84620.40000000001	1.6
SOPHIE	2456710.512411	-84621.09999999999	1.5
SOPHIE	2456711.504759	-84620.7	1.4
SOPHIE	2456730.398188	-84617.8	1.1
SOPHIE	2456731.367394	-84617.7	1.3
SOPHIE	2456733.517404	-84616.7	1.2
SOPHIE	2456740.492996	-84611.59999999999	1.4
SOPHIE	2456742.423926	-84615.09999999999	1.1
SOPHIE	2456752.445768	-84614.0	1.3
SOPHIE	2456757.467079	-84616.4	1.2
SOPHIE	2456777.451582	-84617.59999999999	1.3
SOPHIE	2456793.357621	-84615.0	1.3
SOPHIE	2456794.426476	-84618.09999999999	1.4
SOPHIE	2457030.555548	-84617.59999999999	1.4
SOPHIE	2457033.561184	-84619.6	1.5
SOPHIE	2457035.550144	-84616.8	1.2
SOPHIE	2457040.677819	-84616.8	1.2
SOPHIE	2457053.509476	-84617.09999999999	1.4
SOPHIE	2457063.528221	-84613.8	1.1
SOPHIE	2457065.499342	-84614.2	1.0
SOPHIE	2457071.58736	-84615.7	1.1
SOPHIE	2457079.429628	-84614.09999999999	1.4
SOPHIE	2457081.507517	-84617.59999999999	4.4
SOPHIE	2457088.611371	-84614.7	1.3
SOPHIE	2457090.542499	-84615.0	1.1
SOPHIE	2457094.414321	-84618.4	1.4
SOPHIE	2457110.438545	-84618.79999999999	1.3
SOPHIE	2457113.493166	-84618.09999999999	1.3
SOPHIE	2457115.376211	-84613.0	1.2
SOPHIE	2457120.427348	-84616.29999999999	1.3
SOPHIE	2457130.434956	-84612.09999999999	1.4
SOPHIE	2457383.675028	-84618.09999999999	1.1
SOPHIE	2457390.658102	-84615.2	1.6
SOPHIE	2457404.651145	-84614.8	1.3
SOPHIE	2457411.606238	-84611.3	1.1
SOPHIE	2457419.616103	-84611.40000000001	1.2
SOPHIE	2457442.594165	-84612.79999999999	1.4
SOPHIE	2457465.573574	-84609.8	1.2
SOPHIE	2457468.510161	-84611.2	1.3
SOPHIE	2457469.552618	-84610.20000000001	1.1
SOPHIE	2457471.563803	-84613.20000000001	1.6
SOPHIE	2457474.469234	-84612.5	1.3
SOPHIE	2457728.67896	-84608.7	1.3
SOPHIE	2457730.686623	-84611.90000000001	1.1
SOPHIE	2457731.648188	-84612.79999999999	1.0
SOPHIE	2457733.622559	-84610.4	1.2
SOPHIE	2457734.689617	-84610.6	1.1
SOPHIE	2457739.579378	-84610.29999999999	1.4
SOPHIE	2457740.613699	-84608.7	1.1
SOPHIE	2457757.711287	-84611.3	1.3
SOPHIE	2457759.624863	-84612.5	1.1
SOPHIE	2457760.637613	-84609.0	1.1
SOPHIE	2457762.596961	-84609.7	1.2
SOPHIE	2457765.601307	-84610.6	1.3
SOPHIE	2457766.662352	-84610.4	1.2
SOPHIE	2457770.690222	-84614.8	1.4
SOPHIE	2457771.646949	-84613.7	1.0
SOPHIE	2457772.612692	-84612.4	1.0
SOPHIE	2457795.557725	-84612.0	1.4
SOPHIE	2457800.549986	-84609.09999999999	1.1
SOPHIE	2457801.537193	-84607.29999999999	1.1
SOPHIE	2457814.518577	-84606.5	1.2
SOPHIE	2457817.595011	-84608.59999999999	1.3
SOPHIE	2457820.543263	-84609.0	1.8
SOPHIE	2457821.48176	-84612.9	1.4
SOPHIE	2457823.524984	-84613.1	1.1
SOPHIE	2457826.563496	-84610.7	1.2
SOPHIE	2457829.47987	-84609.0	1.0
SOPHIE	2457830.498861	-84609.5	1.1
SOPHIE	2457832.483763	-84608.8	1.1
SOPHIE	2457833.498167	-84611.09999999999	1.5
SOPHIE	2457848.439467	-84609.09999999999	1.2
SOPHIE	2457850.470838	-84609.8	1.1
SOPHIE	2457852.470366	-84607.20000000001	1.0
SOPHIE	2457854.503048	-84606.4	1.1
SOPHIE	2457855.499487	-84606.5	1.1
SOPHIE	2457857.536977	-84608.2	1.1
SOPHIE	2457859.45931	-84609.9	1.7
SOPHIE	2457860.417147	-84610.1	1.4
SOPHIE	2457886.436209	-84613.6	1.3
SOPHIE	2457888.41414	-84610.1	1.2
SOPHIE	2457889.434712	-84612.6	1.2
SOPHIE	2457891.41998	-84609.5	1.3
SOPHIE	2458129.684584	-84608.2	1.6
SOPHIE	2458130.679076	-84608.59999999999	1.3
SOPHIE	2458131.681171	-84607.6	1.3
SOPHIE	2458136.631485	-84608.7	1.3
SOPHIE	2458138.623772	-84608.8	1.4
SOPHIE	2458140.627211	-84608.7	1.2
SOPHIE	2458141.648611	-84611.3	1.5
SOPHIE	2458146.597205	-84614.7	1.2
SOPHIE	2458147.621166	-84611.40000000001	1.2
SOPHIE	2458148.626849	-84612.7	1.3
SOPHIE	2458151.706439	-84611.2	1.3
SOPHIE	2458181.496089	-84612.5	1.0
SOPHIE	2458186.488885	-84615.4	1.0
SOPHIE	2458216.464904	-84612.5	1.5
SOPHIE	2458235.462667	-84603.6	1.5
SOPHIE	2458236.3972	-84609.2	1.3
SOPHIE	2458241.5068	-84604.9	1.6
SOPHIE	2458243.472298	-84613.29999999999	5.1000000000000005
SOPHIE	2458245.475106	-84606.8	1.4
SOPHIE	2458254.461528	-84610.5	1.5
SOPHIE	2458255.371021	-84611.90000000001	1.9
SOPHIE	2458255.479009	-84611.0	1.4
SOPHIE	2458258.351191	-84609.5	1.2
SOPHIE	2458258.465266	-84610.0	1.4
SOPHIE	2458262.349836	-84610.7	1.1
SOPHIE	2458263.363717	-84611.40000000001	1.1
SOPHIE	2458263.479251	-84612.0	1.3
SOPHIE	2458264.362241	-84611.5	1.4
SOPHIE	2458265.351183	-84609.6	1.2
SOPHIE	2458270.410016	-84609.8	1.1
SOPHIE	2458271.391043	-84606.4	1.1
SOPHIE	2458272.420283	-84611.0	1.3
SOPHIE	2458275.407979	-84612.0	1.3
