# target ra dec BJD RV_mlc_nzp e_RV_mlc_nzp RV_drs_nzp e_RV_drs_nzp RV_mlc e_RV_mlc RV_drs e_RV_drs RV_mlc_j e_RV_mlc_j CRX e_CRX dLW e_dLW Halpha e_Halpha NaD1 e_NaD1 NaD2 e_NaD2 f_RV FWHM_DRS CONTRAST_DRS BIS RVGUESS SNR_DRS BJD_DRS BERV BERV_DRS DRIFT e_DRIFT SA NZP_mlc dNZP_mlc NZP_drs dNZP_drs TMMEAN EXPTIME MLCRX E_MLCRX TIMEID DRIFT_LAMP MASK PROGID PROGPI AIRMASS OBHAB THAR_FP DPR_TYPE RHKp dRHKp sourceflag vsinflag metflag
# From HARPS RV bank
GJ3769 198.182385 -2.264685 2453050.837826 -2.970131 0.878924 -11889.694003 1.022519 24.507594 0.306121 -11887.531332 0.28798 24.510488 0.307098 -4.465899 4.05989 -14.34066 0.834101 0.507338 0.000436 0.202689 0.00046 0.263137 0.000578 0 6.081371 47.507142 0.004558 -12.076 179.9 2453050.83782 23.815999 23.816395 0.403 -9999999 0.0 1.899554 0.823892 2.162671 0.981128 0.49 899.996 -4.485674 4.127595 2004-02-15T07:54:04.325 -9999999 K5 072.C-0488(E) Mayor -9999999 HARPS_ech_obs_all HARPS_ech_obs_thosimult STAR_WAVE_K0 1.33810615594193e-05 3.55380500848186e-07 0 0 0
GJ3769 198.182385 -2.264685 2453167.4428595 23.219036 3.464772 -11869.819596 5.127881 48.881313 3.35722 -11869.286573 5.033133 49.042708 3.360576 14.838541 25.743873 45.990965 7.666106 0.50759 0.003769 0.213657 0.005172 0.283563 0.006523 0 6.090715 46.626685 0.012142 -11.9 19.9 2453167.44285 -25.66179 -25.661577 0.318 -9999999 0.00297 0.084106 0.856575 0.530053 0.981193 0.5 59.9965 14.797159 25.731611 2004-06-10T22:33:22.907 -9999999 K5 073.D-0578(A) Bouchy -9999999 HARPS_ech_obs_all HARPS_ech_obs_thosimult STAR_WAVE_K0 2.06304514120053e-05 1.28079297846239e-06 0 0 0
GJ3769 198.182385 -2.264685 2453167.4439313 25.642083 3.101421 -11863.045024 4.679779 51.304023 2.980787 -11862.514015 4.575761 51.091724 2.982211 20.125337 26.183271 27.516823 5.92502 0.507154 0.003424 0.217023 0.004616 0.279012 0.005772 0 6.096768 46.863755 0.005649 -11.9 22.1 2453167.44393 -25.664394 -25.664185 0.235 -9999999 0.00297 0.08377 0.856574 0.528039 0.981192 0.51 60.0016 20.140458 26.164463 2004-06-10T22:34:54.918 -9999999 K5 073.D-0578(A) Bouchy -9999999 HARPS_ech_obs_all HARPS_ech_obs_thosimult STAR_WAVE_K0 -9999999.0 -9999999.0 -9999999 -9999999 -9999999
GJ3769 198.182385 -2.264685 2453167.4449892 22.823322 3.321844 -11862.55383 4.942784 48.48493 3.209506 -11862.02481 4.844417 48.469305 3.211621 2.206816 25.835015 23.563349 8.034382 0.506329 0.003611 0.207094 0.004905 0.29004 0.006262 0 6.086219 47.049265 0.003264 -11.9 20.7 2453167.44498 -25.666973 -25.666746 0.415 -9999999 0.00297 0.083437 0.856574 0.52605 0.981191 0.5 60.0022 2.195111 25.823954 2004-06-10T22:36:26.929 -9999999 K5 073.D-0578(A) Bouchy -9999999 HARPS_ech_obs_all HARPS_ech_obs_thosimult STAR_WAVE_K0 4.19849306298244e-05 0.0047831146676154 0 0 0
GJ3769 198.182385 -2.264685 2453167.4460467 20.116149 3.286307 -11863.91709 4.917596 45.777425 3.172711 -11863.390057 4.818715 45.636498 3.175228 20.994917 26.51608 20.673022 7.33548 0.515189 0.003629 0.210101 0.00485 0.286362 0.006138 0 6.07628 46.918839 0.008219 -11.9 21.0 2453167.44604 -25.66956 -25.669345 0.306 -9999999 0.00297 0.083105 0.856573 0.524063 0.981191 0.5 60.0018 20.982876 26.501725 2004-06-10T22:37:58.299 -9999999 K5 073.D-0578(A) Bouchy -9999999 HARPS_ech_obs_all HARPS_ech_obs_thosimult STAR_WAVE_K0 1.97331188302116e-05 7.64661110419983e-07 0 0 0
GJ3769 198.182385 -2.264685 2453167.4470952 25.618868 2.896811 -11863.76887 4.409191 51.279814 2.767273 -11863.243808 4.298631 51.199809 2.768843 10.654329 24.622637 17.383614 6.306954 0.507472 0.003249 0.21641 0.004324 0.285659 0.005444 0 6.098109 46.976904 0.000344 -11.9 23.4 2453167.44708 -25.672134 -25.671921 0.261 -9999999 0.00297 0.082776 0.856572 0.522092 0.98119 0.49 60.0033 10.649422 24.592316 2004-06-10T22:39:29.500 -9999999 K5 073.D-0578(A) Bouchy -9999999 HARPS_ech_obs_all HARPS_ech_obs_thosimult STAR_WAVE_K0 1.32025987711154e-05 1.1362021814155e-06 0 0 0
GJ3769 198.182385 -2.264685 2453167.4481543 31.163243 3.054042 -11862.18167 4.61856 56.823857 2.93146 -11861.658598 4.513132 56.505043 2.933308 14.477636 26.413493 22.857484 6.988782 0.503623 0.003388 0.214497 0.004549 0.289886 0.005774 0 6.088766 46.954209 0.014641 -11.9 22.3 2453167.44815 -25.674743 -25.674538 0.156 -9999999 0.00297 0.082443 0.856572 0.520102 0.981189 0.49 60.0023 14.45358 26.384626 2004-06-10T22:41:01.012 -9999999 K5 073.D-0578(A) Bouchy -9999999 HARPS_ech_obs_all HARPS_ech_obs_thosimult STAR_WAVE_K0 2.47681483613617e-05 6.46189690157378e-07 0 0 0
GJ3769 198.182385 -2.264685 2453167.4492087 25.454435 3.290866 -11869.313862 4.8496 51.114718 3.177434 -11868.792772 4.749304 51.02105 3.179855 45.551306 31.475918 24.370384 7.932419 0.503882 0.003599 0.208652 0.004879 0.290369 0.006196 0 6.105644 47.087547 -0.008404 -11.9 20.9 2453167.4492 -25.677349 -25.677134 0.094 -9999999 0.00297 0.082112 0.856571 0.51812 0.981189 0.49 60.0033 45.546506 31.458559 2004-06-10T22:42:32.122 -9999999 K5 073.D-0578(A) Bouchy -9999999 HARPS_ech_obs_all HARPS_ech_obs_thosimult STAR_WAVE_K0 3.25396340407915e-05 3.96403575053132e-06 0 0 0
GJ3769 198.182385 -2.264685 2453167.4502865 22.248319 2.566874 -11871.054405 3.889374 47.908263 2.419738 -11870.535341 3.763575 47.691046 2.421415 47.477181 19.321773 5.614152 5.252421 0.507035 0.002929 0.209123 0.003748 0.281818 0.004781 0 6.107002 47.021878 -0.003215 -11.9 26.1 2453167.45028 -25.680022 -25.679797 0.222 -9999999 0.00297 0.081773 0.85657 0.516094 0.981188 0.51 60.0013 47.46198 19.289047 2004-06-10T22:44:04.054 -9999999 K5 073.D-0578(A) Bouchy -9999999 HARPS_ech_obs_all HARPS_ech_obs_thosimult STAR_WAVE_K0 2.48300862951183e-05 7.57032216849678e-07 0 0 0
GJ3769 198.182385 -2.264685 2453167.4513322 27.19061 2.814699 -11862.75525 4.292326 52.850226 2.681197 -11862.238151 4.178676 52.939892 2.682804 27.983482 23.553533 9.992212 6.2028 0.50523 0.003156 0.218038 0.004207 0.289792 0.00533 0 6.090801 47.062778 0.006271 -11.9 24.1 2453167.45133 -25.682623 -25.682436 0.099 -9999999 0.00297 0.081445 0.85657 0.514129 0.981187 0.5 60.0019 27.980499 23.531602 2004-06-10T22:45:35.004 -9999999 K5 073.D-0578(A) Bouchy -9999999 HARPS_ech_obs_all HARPS_ech_obs_thosimult STAR_WAVE_K0 -9999999.0 -9999999.0 -9999999 -9999999 -9999999
GJ3769 198.182385 -2.264685 2453167.4523927 21.86469 3.387917 -11862.603053 5.069667 47.523972 3.277846 -11862.087948 4.973811 47.354996 3.279927 16.911165 27.921185 38.214961 6.433665 0.510224 0.003756 0.217105 0.005135 0.283666 0.006422 0 6.080688 46.664096 0.000576 -11.9 20.1 2453167.45239 -25.68527 -25.685058 0.207 -9999999 0.00297 0.081112 0.856569 0.512135 0.981186 0.51 60.0012 16.912493 27.913214 2004-06-10T22:47:06.045 -9999999 K5 073.D-0578(A) Bouchy -9999999 HARPS_ech_obs_all HARPS_ech_obs_thosimult STAR_WAVE_K0 2.54396713971598e-05 7.6605897609642e-07 0 0 0
GJ3769 198.182385 -2.264685 2453167.4534488 28.33787 3.488875 -11868.038586 5.22916 53.996821 3.382091 -11867.525465 5.136282 54.083367 3.384753 16.091469 24.88026 72.810934 7.556981 0.505334 0.003826 0.21935 0.005295 0.278238 0.006572 0 6.097084 46.078908 0.008966 -11.9 19.6 2453167.45344 -25.687914 -25.687688 0.131 -9999999 0.00297 0.08078 0.856568 0.510151 0.981186 0.51 60.0028 16.067822 24.845563 2004-06-10T22:48:37.296 -9999999 K5 073.D-0578(A) Bouchy -9999999 HARPS_ech_obs_all HARPS_ech_obs_thosimult STAR_WAVE_K0 1.35948994191755e-05 2.21547852206987e-06 0 0 0
GJ3769 198.182385 -2.264685 2453167.4544988 21.456599 4.327474 -11877.704703 6.005356 47.11522 4.241854 -11877.193556 5.924658 46.915283 4.245708 39.152392 33.705346 101.107836 7.321822 0.512146 0.004718 0.218104 0.006724 0.294841 0.00839 0 6.101556 45.540072 -0.015568 -11.9 16.0 2453167.45449 -25.690551 -25.690327 0.234 -9999999 0.00297 0.08045 0.856568 0.508177 0.981185 0.51 60.0019 39.137439 33.683033 2004-06-10T22:50:08.028 -9999999 K5 073.D-0578(A) Bouchy -9999999 HARPS_ech_obs_all HARPS_ech_obs_thosimult STAR_WAVE_K0 0.000112345658711253 0.00350193118230338 0 0 0
GJ3769 198.182385 -2.264685 2453167.4555594 26.695456 3.513728 -11865.590808 5.3208 52.353744 3.407723 -11865.081654 5.22955 52.360514 3.410231 63.489673 30.952676 75.239647 6.526165 0.510535 0.003868 0.207331 0.005261 0.293563 0.006718 0 6.091924 45.94149 -0.002921 -11.9 19.5 2453167.45556 -25.693223 -25.693029 0.262 -9999999 0.00297 0.080117 0.856567 0.506184 0.981184 0.52 60.002 63.509354 30.951966 2004-06-10T22:51:39.068 -9999999 K5 073.D-0578(A) Bouchy -9999999 HARPS_ech_obs_all HARPS_ech_obs_thosimult STAR_WAVE_K0 1.53563678614536e-05 1.54781957513385e-06 0 0 0
GJ3769 198.182385 -2.264685 2453167.4565999 21.227141 3.422899 -11865.641352 5.22226 46.885102 3.31399 -11865.134154 5.129257 46.937164 3.316041 1.316628 27.660558 70.775205 6.863922 0.513009 0.003855 0.214617 0.005233 0.281404 0.006536 0 6.0956 46.02979 0.001435 -11.9 19.7 2453167.4566 -25.695852 -25.695654 0.101 -9999999 0.00297 0.07979 0.856566 0.504228 0.981183 0.49 60.0024 1.304282 27.655193 2004-06-10T22:53:10.779 -9999999 K5 073.D-0578(A) Bouchy -9999999 HARPS_ech_obs_all HARPS_ech_obs_thosimult STAR_WAVE_K0 6.90986583460928e-06 3.11887791809247e-06 0 0 0
GJ3769 198.182385 -2.264685 2453167.4576547 19.980421 4.32157 -11868.737295 6.031853 45.638051 4.235831 -11868.23208 5.951515 45.570743 4.238709 0.50683 41.862363 100.507785 10.453421 0.516309 0.004697 0.222261 0.0067 0.284147 0.008294 0 6.07956 45.436011 -0.005261 -11.9 16.1 2453167.45765 -25.698524 -25.698316 0.076 -9999999 0.00297 0.079459 0.856566 0.502245 0.981183 0.48 60.0027 0.530581 41.85599 2004-06-10T22:54:42.520 -9999999 K5 073.D-0578(A) Bouchy -9999999 HARPS_ech_obs_all HARPS_ech_obs_thosimult STAR_WAVE_K0 3.1478731391723e-05 1.05262015295822e-06 0 0 0
GJ3769 198.182385 -2.264685 2453167.4587358 25.3518 3.875723 -11861.915906 5.705648 51.00909 3.779884 -11861.412722 5.62065 50.92216 3.782594 10.632579 30.771524 84.214862 8.52247 0.509494 0.004269 0.210954 0.005937 0.302309 0.007558 0 6.081694 45.831242 0.001654 -11.9 17.7 2453167.45873 -25.701271 -25.701044 0.288 -9999999 0.00297 0.079119 0.856565 0.500214 0.981182 0.51 60.0027 10.618604 30.760165 2004-06-10T22:56:14.131 -9999999 K5 073.D-0578(A) Bouchy -9999999 HARPS_ech_obs_all HARPS_ech_obs_thosimult STAR_WAVE_K0 1.90590043256264e-05 2.20262155533456e-06 0 0 0
GJ3769 198.182385 -2.264685 2453167.4597962 26.169334 3.328012 -11855.536148 5.098404 51.826291 3.215892 -11855.034957 5.0031 51.631603 3.218084 13.549928 27.124921 63.585575 6.030616 0.519945 0.00376 0.209249 0.005022 0.276986 0.006323 0 6.074171 46.118099 0.005395 -11.9 20.4 2453167.45979 -25.703974 -25.703778 0.118 -9999999 0.00297 0.078786 0.856564 0.498221 0.981181 0.52 60.0021 13.580704 27.111252 2004-06-10T22:57:45.162 -9999999 K5 073.D-0578(A) Bouchy -9999999 HARPS_ech_obs_all HARPS_ech_obs_thosimult STAR_WAVE_K0 3.48536725481432e-06 3.17062602992205e-06 0 0 0
GJ3769 198.182385 -2.264685 2453167.46083 27.037101 3.20855 -11867.746745 4.954661 52.693733 3.092102 -11867.247498 4.856537 52.768681 3.093896 26.968036 27.869967 62.879587 8.405742 0.509575 0.003622 0.213574 0.004871 0.278097 0.006089 0 6.103993 46.005033 0.020757 -11.9 20.9 2453167.46082 -25.706616 -25.706403 0.149 -9999999 0.00297 0.078461 0.856564 0.496277 0.981181 0.49 59.9943 26.97855 27.862096 2004-06-10T22:59:16.293 -9999999 K5 073.D-0578(A) Bouchy -9999999 HARPS_ech_obs_all HARPS_ech_obs_thosimult STAR_WAVE_K0 1.994945346269e-05 9.0140732692139e-07 0 0 0
GJ3769 198.182385 -2.264685 2453167.4618907 27.752659 2.826357 -11858.785852 4.347992 53.408958 2.693435 -11858.288598 4.235838 53.21139 2.695007 6.72664 22.5585 54.707115 6.548124 0.502443 0.003186 0.215092 0.004216 0.281783 0.005305 0 6.089013 46.403931 -0.00568 -11.9 23.8 2453167.46189 -25.709334 -25.709125 0.144 -9999999 0.00297 0.078128 0.856563 0.494284 0.98118 0.5 59.9959 6.716149 22.550244 2004-06-10T23:00:47.344 -9999999 K5 073.D-0578(A) Bouchy -9999999 HARPS_ech_obs_all HARPS_ech_obs_thosimult STAR_WAVE_K0 2.37141470656676e-05 6.16592686629898e-07 0 0 0
GJ3769 198.182385 -2.264685 2453167.4629616 21.618478 2.945855 -11865.176111 4.554231 47.274441 2.818575 -11864.68087 4.447281 47.223248 2.82054 37.720096 26.794056 60.215334 5.697531 0.508615 0.003355 0.212813 0.004426 0.282058 0.005591 0 6.109858 46.224192 -0.000779 -11.9 22.8 2453167.46295 -25.712086 -25.711854 0.303 -9999999 0.00297 0.077792 0.856562 0.492271 0.981179 0.52 60.002 37.719705 26.788369 2004-06-10T23:02:18.675 -9999999 K5 073.D-0578(A) Bouchy -9999999 HARPS_ech_obs_all HARPS_ech_obs_thosimult STAR_WAVE_K0 -9999999.0 -9999999.0 -9999999 -9999999 -9999999
GJ3769 198.182385 -2.264685 2453167.4639986 17.936483 3.307484 -11856.388897 5.068977 43.59212 3.194644 -11855.895605 4.973109 43.672306 3.197171 -8.979873 28.28516 59.904103 6.861238 0.504384 0.003707 0.203887 0.004965 0.285459 0.006364 0 6.09444 46.067363 0.001884 -11.9 20.5 2453167.46399 -25.714758 -25.714558 0.091 -9999999 0.00297 0.077466 0.856562 0.490322 0.981179 0.49 59.9959 -8.979816 28.269832 2004-06-10T23:03:50.086 -9999999 K5 073.D-0578(A) Bouchy -9999999 HARPS_ech_obs_all HARPS_ech_obs_thosimult STAR_WAVE_K0 7.15204671165806e-05 1.45575530545468e-05 0 0 0
GJ3769 198.182385 -2.264685 2453167.465062 24.743276 3.248967 -11857.225589 5.005105 50.398579 3.134021 -11856.734296 4.90799 50.457466 3.136184 -15.15067 25.626413 62.55059 6.194694 0.50834 0.003658 0.217529 0.004946 0.276157 0.006182 0 6.096952 46.058821 0.012851 -11.9 20.9 2453167.46506 -25.717505 -25.717302 0.173 -9999999 0.00297 0.077132 0.856561 0.488323 0.981178 0.5 60.0016 -15.150323 25.611052 2004-06-10T23:05:21.367 -9999999 K5 073.D-0578(A) Bouchy -9999999 HARPS_ech_obs_all HARPS_ech_obs_thosimult STAR_WAVE_K0 1.45667361821359e-05 1.08760192023703e-06 0 0 0
GJ3769 198.182385 -2.264685 2453167.4660939 23.393337 3.025622 -11871.518231 4.644239 49.048316 2.901843 -11871.028877 4.53941 48.930942 2.904433 45.841004 25.944474 62.65659 5.942692 0.510756 0.003424 0.209074 0.00451 0.28856 0.005742 0 6.108879 46.263476 0.002531 -11.9 22.3 2453167.46609 -25.720177 -25.719962 0.225 -9999999 0.00297 0.076808 0.856561 0.486384 0.981177 0.47 60.0021 45.816636 25.911426 2004-06-10T23:06:52.328 -9999999 K5 073.D-0578(A) Bouchy -9999999 HARPS_ech_obs_all HARPS_ech_obs_thosimult STAR_WAVE_K0 1.86190598236297e-05 9.83912333757825e-07 0 0 0
GJ3769 198.182385 -2.264685 2453167.4671651 24.515744 3.147762 -11865.75124 4.852872 50.170386 3.028979 -11865.263899 4.752648 49.937738 3.030996 -13.573244 23.94911 58.086451 4.917843 0.516926 0.00359 0.206895 0.004766 0.282224 0.006052 0 6.09253 46.083035 -0.001662 -11.9 21.3 2453167.46716 -25.722958 -25.72275 0.278 -9999999 0.00297 0.076471 0.85656 0.484371 0.981177 0.5 60.002 -13.583789 23.949103 2004-06-10T23:08:23.089 -9999999 K5 073.D-0578(A) Bouchy -9999999 HARPS_ech_obs_all HARPS_ech_obs_thosimult STAR_WAVE_K0 -9999999.0 -9999999.0 -9999999 -9999999 -9999999
GJ3769 198.182385 -2.264685 2453167.4682414 25.658068 2.964431 -11862.083992 4.563771 51.312372 2.837985 -11861.598674 4.457051 51.232355 2.839727 63.430795 25.481441 48.301729 6.282192 0.499773 0.00334 0.218758 0.004481 0.293332 0.005676 0 6.096309 46.215321 -0.008737 -11.9 22.7 2453167.46824 -25.725759 -25.725571 0.147 -9999999 0.00297 0.076133 0.856559 0.482348 0.981176 0.53 59.995 63.41004 25.470581 2004-06-10T23:09:54.290 -9999999 K5 073.D-0578(A) Bouchy -9999999 HARPS_ech_obs_all HARPS_ech_obs_thosimult STAR_WAVE_K0 8.35630036675481e-06 1.46684252743347e-06 0 0 0
GJ3769 198.182385 -2.264685 2453167.4692949 22.681292 2.96543 -11866.29986 4.590312 48.335265 2.839028 -11865.816522 4.484223 48.169139 2.841304 44.655924 25.03811 53.603161 6.306159 0.50893 0.0034 0.209619 0.004472 0.284726 0.005694 0 6.093829 46.321799 0.012483 -11.9 22.6 2453167.46929 -25.728508 -25.728312 0.415 -9999999 0.00297 0.075802 0.856559 0.480368 0.981175 0.53 60.0006 44.629862 25.009156 2004-06-10T23:11:25.321 -9999999 K5 073.D-0578(A) Bouchy -9999999 HARPS_ech_obs_all HARPS_ech_obs_thosimult STAR_WAVE_K0 1.75363722379654e-05 6.59350432915025e-07 0 0 0
GJ3769 198.182385 -2.264685 2453167.4703147 26.330928 2.926199 -11864.001277 4.510477 51.984581 2.798026 -11863.519856 4.402465 51.854397 2.799707 25.364159 26.371524 49.813626 6.576622 0.510047 0.003355 0.217965 0.004448 0.280351 0.005594 0 6.079823 46.266351 0.010613 -11.9 22.8 2453167.47031 -25.731174 -25.730969 0.236 -9999999 0.00297 0.075482 0.856558 0.478451 0.981175 0.48 60.0008 25.357303 26.347737 2004-06-10T23:12:56.442 -9999999 K5 073.D-0578(A) Bouchy -9999999 HARPS_ech_obs_all HARPS_ech_obs_thosimult STAR_WAVE_K0 1.64203110899327e-05 9.28719921103017e-07 0 0 0
GJ3769 198.182385 -2.264685 2453167.4713924 20.689938 2.745514 -11866.99912 4.265658 46.343252 2.608478 -11866.519724 4.151281 46.283052 2.610163 13.577995 25.850412 36.85988 6.053069 0.506143 0.003188 0.213489 0.004147 0.282064 0.005253 0 6.078314 46.523981 0.00578 -11.9 24.1 2453167.47139 -25.733999 -25.733783 0.293 -9999999 0.002971 0.075144 0.856557 0.476425 0.981174 0.52 60.0019 13.576902 25.847941 2004-06-10T23:14:27.163 -9999999 K5 073.D-0578(A) Bouchy -9999999 HARPS_ech_obs_all HARPS_ech_obs_thosimult STAR_WAVE_K0 1.9532417201578e-05 7.12682744378008e-07 0 0 0
GJ3769 198.182385 -2.264685 2453167.4724313 26.70578 2.467352 -11857.380399 3.762063 52.358768 2.313901 -11856.902955 3.631861 52.205677 2.315686 28.67565 23.18119 35.144599 5.540227 0.503094 0.002867 0.202136 0.003662 0.280423 0.004628 0 6.094029 46.623434 0.004045 -11.9 26.8 2453167.47243 -25.736728 -25.73654 0.265 -9999999 0.002971 0.074817 0.856557 0.474473 0.981173 0.5 60.0019 28.588112 23.155202 2004-06-10T23:15:58.124 -9999999 K5 073.D-0578(A) Bouchy -9999999 HARPS_ech_obs_all HARPS_ech_obs_thosimult STAR_WAVE_K0 -9999999.0 -9999999.0 -9999999 -9999999 -9999999
GJ3769 198.182385 -2.264685 2453167.4734917 28.505624 2.493138 -11854.765721 3.794311 54.158279 2.341378 -11854.29027 3.665255 54.114364 2.343042 33.337038 23.514727 29.997571 5.082735 0.507612 0.002883 0.212537 0.003725 0.272976 0.004619 0 6.109806 46.583462 -0.006944 -11.9 26.7 2453167.47348 -25.73952 -25.739306 0.231 -9999999 0.002971 0.074484 0.856556 0.47248 0.981173 0.5 59.997 33.326892 23.493079 2004-06-10T23:17:29.755 -9999999 K5 073.D-0578(A) Bouchy -9999999 HARPS_ech_obs_all HARPS_ech_obs_thosimult STAR_WAVE_K0 1.92966612078919e-05 6.27807566732499e-07 0 0 0
GJ3769 198.182385 -2.264685 2453167.4745483 24.415464 2.41001 -11863.964692 3.678128 50.067787 2.252656 -11863.491227 3.544845 50.013796 2.254095 -2.369005 20.329865 13.952566 5.316224 0.50523 0.002822 0.208692 0.00361 0.285053 0.004554 0 6.075228 46.812056 0.011138 -11.9 27.3 2453167.47455 -25.742308 -25.742109 0.28 -9999999 0.002971 0.074152 0.856556 0.470494 0.981172 0.5 60.0027 -2.374466 20.298753 2004-06-10T23:19:01.055 -9999999 K5 073.D-0578(A) Bouchy -9999999 HARPS_ech_obs_all HARPS_ech_obs_thosimult STAR_WAVE_K0 9.82805581101022e-06 2.02407569346111e-06 0 0 0
GJ3769 198.182385 -2.264685 2453167.4756086 27.920501 2.424613 -11864.26948 3.660226 53.572491 2.268273 -11863.798008 3.526267 53.397468 2.270242 6.746049 18.069964 -8.602776 5.958006 0.502868 0.002817 0.204806 0.003595 0.287296 0.004567 0 6.094829 47.321742 0.002829 -11.9 27.3 2453167.4756 -25.745112 -25.744887 0.306 -9999999 0.002971 0.073819 0.856555 0.468501 0.981171 0.51 59.9968 6.737852 18.03339 2004-06-10T23:20:32.077 -9999999 K5 073.D-0578(A) Bouchy -9999999 HARPS_ech_obs_all HARPS_ech_obs_thosimult STAR_WAVE_K0 6.03121710133649e-05 0.00178747320068977 0 0 0
GJ3769 198.182385 -2.264685 2453167.4766702 22.242719 2.391501 -11865.834506 3.60517 47.894375 2.232844 -11865.365029 3.469086 47.92355 2.23405 -12.276072 19.718257 -12.246558 5.595346 0.50226 0.002772 0.196388 0.003484 0.272972 0.004419 0 6.095589 47.403793 -0.002465 -11.9 27.7 2453167.47667 -25.747925 -25.747729 0.195 -9999999 0.002971 0.073486 0.856554 0.466506 0.981171 0.52 60.0026 -12.28573 19.704291 2004-06-10T23:22:03.198 -9999999 K5 073.D-0578(A) Bouchy -9999999 HARPS_ech_obs_all HARPS_ech_obs_thosimult STAR_WAVE_K0 1.50271068302915e-05 7.32059947193141e-07 0 0 0
GJ3769 198.182385 -2.264685 2453167.4777151 22.999615 2.483397 -11865.251847 3.753473 48.650943 2.331003 -11864.784334 3.622964 48.452606 2.332573 16.63022 22.304773 -7.200793 5.49166 0.507616 0.002861 0.204953 0.003677 0.281123 0.004633 0 6.102605 47.287379 0.009421 -11.9 26.8 2453167.47771 -25.7507 -25.750488 0.144 -9999999 0.002971 0.073157 0.856554 0.464542 0.98117 0.51 60.0022 16.645711 22.298093 2004-06-10T23:23:34.089 -9999999 K5 073.D-0578(A) Bouchy -9999999 HARPS_ech_obs_all HARPS_ech_obs_thosimult STAR_WAVE_K0 8.08255516166807e-06 4.92892463547609e-06 0 0 0
GJ3769 198.182385 -2.264685 2453167.4787531 21.860978 2.505478 -11863.494413 3.817995 47.51198 2.354514 -11863.028851 3.689769 47.456168 2.356136 27.771263 18.682952 -18.344481 5.636933 0.505432 0.002927 0.198324 0.003713 0.278809 0.004721 0 6.094444 47.424187 0.003272 -11.9 26.4 2453167.47875 -25.753462 -25.753252 0.216 -9999999 0.002971 0.072831 0.856553 0.462591 0.981169 0.49 60.0021 27.765573 18.668507 2004-06-10T23:25:04.980 -9999999 K5 073.D-0578(A) Bouchy -9999999 HARPS_ech_obs_all HARPS_ech_obs_thosimult STAR_WAVE_K0 1.1947186659927e-05 1.79687652572071e-06 0 0 0
GJ3769 198.182385 -2.264685 2453167.4798136 22.121804 2.343028 -11866.124648 3.534079 47.772473 2.180848 -11865.661079 3.395147 47.527459 2.182718 7.212334 18.586363 -13.527652 5.365648 0.503824 0.002744 0.203605 0.003472 0.282964 0.004398 0 6.088948 47.267042 0.003824 -11.9 28.1 2453167.47981 -25.756289 -25.756084 0.064 -9999999 0.002971 0.072498 0.856553 0.460598 0.981169 0.5 60.0017 7.203341 18.553115 2004-06-10T23:26:36.010 -9999999 K5 073.D-0578(A) Bouchy -9999999 HARPS_ech_obs_all HARPS_ech_obs_thosimult STAR_WAVE_K0 0.000633010126812926 0.00340805361698979 0 0 0
GJ3769 198.182385 -2.264685 2453167.4808759 28.311693 2.380078 -11858.462014 3.586347 53.962028 2.220606 -11858.000442 3.449521 53.941096 2.222738 14.399819 16.399797 -28.951861 5.244244 0.503832 0.002788 0.201509 0.003518 0.288409 0.004501 0 6.092473 47.459315 0.004293 -11.9 27.7 2453167.48087 -25.759126 -25.758918 0.361 -9999999 0.002971 0.072165 0.856552 0.458601 0.981168 0.5 60.002 14.404665 16.36317 2004-06-10T23:28:07.801 -9999999 K5 073.D-0578(A) Bouchy -9999999 HARPS_ech_obs_all HARPS_ech_obs_thosimult STAR_WAVE_K0 -9999999.0 -9999999.0 -9999999 -9999999 -9999999
GJ3769 198.182385 -2.264685 2453167.481918 26.165528 2.381177 -11861.166874 3.583515 51.815536 2.221784 -11860.707261 3.446577 51.704004 2.223003 12.976294 16.141881 -17.659471 5.088183 0.505011 0.002776 0.199195 0.003486 0.279904 0.004451 0 6.08984 47.510559 0.00932 -11.9 27.8 2453167.48191 -25.761915 -25.761698 0.311 -9999999 0.002971 0.071837 0.856551 0.456642 0.981167 0.48 60.0025 12.973369 16.114042 2004-06-10T23:29:39.052 -9999999 K5 073.D-0578(A) Bouchy -9999999 HARPS_ech_obs_all HARPS_ech_obs_thosimult STAR_WAVE_K0 8.08064742984587e-06 2.06714586323663e-06 0 0 0
GJ3769 198.182385 -2.264685 2453167.483004 20.764668 2.546776 -11864.830862 3.893045 46.414335 2.398414 -11864.37329 3.767375 46.443343 2.401031 1.335604 22.495954 -19.240635 6.830707 0.511555 0.002975 0.207098 0.003813 0.278297 0.004783 0 6.08428 47.490208 0.008444 -11.9 26.0 2453167.483 -25.764826 -25.764607 0.027 -9999999 0.002971 0.071496 0.856551 0.454601 0.981167 0.51 60.0026 1.31665 22.483495 2004-06-10T23:31:11.083 -9999999 K5 073.D-0578(A) Bouchy -9999999 HARPS_ech_obs_all HARPS_ech_obs_thosimult STAR_WAVE_K0 5.74859824418225e-05 0.000273759087512111 0 0 0
GJ3769 198.182385 -2.264685 2453167.4840396 24.815325 2.562353 -11867.860716 3.926863 50.464666 2.414948 -11867.40509 3.802311 50.522962 2.417202 49.129298 21.717973 -18.162867 6.518861 0.501179 0.002974 0.210773 0.003856 0.275937 0.004844 0 6.089859 47.464877 0.005486 -11.9 25.8 2453167.48404 -25.767608 -25.767398 0.051 -9999999 0.002971 0.071171 0.85655 0.452655 0.981166 0.48 60.0021 49.122825 21.702031 2004-06-10T23:32:42.374 -9999999 K5 073.D-0578(A) Bouchy -9999999 HARPS_ech_obs_all HARPS_ech_obs_thosimult STAR_WAVE_K0 1.23664806433343e-05 2.37185168443988e-06 0 0 0
GJ3769 198.182385 -2.264685 2453167.4851097 24.295375 2.477397 -11867.025558 3.789644 49.94438 2.324611 -11866.571943 3.660426 49.765345 2.326888 43.619373 21.409364 -22.011674 5.852133 0.506316 0.002919 0.210973 0.003746 0.277533 0.004668 0 6.103229 47.463243 0.009573 -11.9 26.5 2453167.4851 -25.770486 -25.770284 0.023 -9999999 0.002971 0.070835 0.85655 0.450644 0.981165 0.51 60.0018 43.593425 21.378805 2004-06-10T23:34:13.035 -9999999 K5 073.D-0578(A) Bouchy -9999999 HARPS_ech_obs_all HARPS_ech_obs_thosimult STAR_WAVE_K0 2.61776485575566e-05 6.57165722032785e-07 0 0 0
GJ3769 198.182385 -2.264685 2453167.4861595 21.228523 2.31645 -11864.680442 3.52745 46.877199 2.15227 -11864.228801 3.388247 46.643307 2.153907 1.102039 19.942732 -22.853739 5.372469 0.499484 0.002755 0.200184 0.003457 0.280662 0.004404 0 6.090896 47.449358 0.009754 -11.9 28.1 2453167.48616 -25.773316 -25.773115 0.052 -9999999 0.002971 0.070505 0.856549 0.44867 0.981165 0.5 60.0015 1.088244 19.929834 2004-06-10T23:35:44.346 -9999999 K5 073.D-0578(A) Bouchy -9999999 HARPS_ech_obs_all HARPS_ech_obs_thosimult STAR_WAVE_K0 2.26194513317561e-05 0.000201269722143038 0 0 0
GJ3769 198.182385 -2.264685 2453167.4872024 25.365712 2.215803 -11863.457945 3.322173 51.01406 2.043553 -11863.008264 3.17398 51.017515 2.045505 27.001322 16.826394 -25.355719 5.298601 0.511223 0.002646 0.203508 0.003277 0.285489 0.004167 0 6.090477 47.414873 0.006459 -11.9 29.6 2453167.4872 -25.776131 -25.775919 -0.05 -9999999 0.002971 0.070177 0.856548 0.44671 0.981164 0.49 60.0022 26.996035 16.792822 2004-06-10T23:37:15.057 -9999999 K5 073.D-0578(A) Bouchy -9999999 HARPS_ech_obs_all HARPS_ech_obs_thosimult STAR_WAVE_K0 3.08445521570494e-05 0.000744275992325386 0 0 0
GJ3769 198.182385 -2.264685 2453167.4882537 26.758643 2.349416 -11865.141796 3.574448 52.406661 2.187711 -11864.694091 3.437149 52.378481 2.189554 16.910539 17.396957 -30.438612 5.086179 0.509398 0.002822 0.208942 0.003564 0.280177 0.004479 0 6.077284 47.478718 0.017175 -11.9 27.7 2453167.48825 -25.778973 -25.77876 0.11 -9999999 0.002971 0.069847 0.856548 0.444734 0.981164 0.49 59.9964 16.904228 17.354753 2004-06-10T23:38:45.908 -9999999 K5 073.D-0578(A) Bouchy -9999999 HARPS_ech_obs_all HARPS_ech_obs_thosimult STAR_WAVE_K0 1.62859873579482e-05 8.85227911164893e-07 0 0 0
GJ3769 198.182385 -2.264685 2453167.4893275 22.092053 2.117064 -11863.988281 3.156665 47.739733 1.936049 -11863.542594 3.000309 47.640745 1.937735 25.614369 17.994151 -24.994475 5.051114 0.506591 0.002556 0.20643 0.003153 0.273745 0.003946 0 6.099873 47.4378 0.002196 -11.9 30.5 2453167.48933 -25.781881 -25.781696 0.039 -9999999 0.002971 0.06951 0.856547 0.442716 0.981163 0.5 60.0026 25.606554 17.977023 2004-06-10T23:40:18.089 -9999999 K5 073.D-0578(A) Bouchy -9999999 HARPS_ech_obs_all HARPS_ech_obs_thosimult STAR_WAVE_K0 2.11438563113398e-05 6.38790374844697e-07 0 0 0
GJ3769 198.182385 -2.264685 2453167.4903894 25.596753 2.113924 -11859.016587 3.142976 51.2441 1.932615 -11858.572896 2.985903 51.157022 1.934338 17.067596 16.859009 -23.415414 4.259006 0.501748 0.002534 0.208061 0.003143 0.272018 0.003921 0 6.096135 47.324261 0.005644 -11.9 30.7 2453167.49038 -25.784761 -25.784545 0.104 -9999999 0.002971 0.069176 0.856547 0.44072 0.981162 0.51 60.0027 17.061176 16.834579 2004-06-10T23:41:49.240 -9999999 K5 073.D-0578(A) Bouchy -9999999 HARPS_ech_obs_all HARPS_ech_obs_thosimult STAR_WAVE_K0 -9999999.0 -9999999.0 -9999999 -9999999 -9999999
GJ3769 198.182385 -2.264685 2453167.4914476 26.819762 2.138879 -11861.61251 3.193323 52.466776 1.959881 -11861.170808 3.038854 52.418875 1.961505 33.359972 16.689723 -26.542758 4.627257 0.502778 0.002578 0.20588 0.003198 0.278711 0.004032 0 6.092259 47.47532 -0.001208 -11.9 30.2 2453167.49144 -25.787636 -25.78743 0.146 -9999999 0.002971 0.068844 0.856546 0.438731 0.981162 0.52 60.002 33.341333 16.6447 2004-06-10T23:43:20.081 -9999999 K5 073.D-0578(A) Bouchy -9999999 HARPS_ech_obs_all HARPS_ech_obs_thosimult STAR_WAVE_K0 2.13204411100745e-05 6.57811944422107e-07 0 0 0
GJ3769 198.182385 -2.264685 2453167.49248 27.092116 2.080698 -11858.207126 3.087406 52.738806 1.896216 -11857.767364 2.927354 52.571854 1.898115 16.378127 15.640484 -23.43706 4.548372 0.507657 0.002518 0.206185 0.00309 0.276459 0.00389 0 6.091294 47.414414 5.9e-05 -11.9 31.0 2453167.49247 -25.790444 -25.790225 0.068 -9999999 0.002971 0.06852 0.856546 0.436791 0.981161 0.49 59.996 16.36395 15.587274 2004-06-10T23:44:51.092 -9999999 K5 073.D-0578(A) Bouchy -9999999 HARPS_ech_obs_all HARPS_ech_obs_thosimult STAR_WAVE_K0 2.20770569440219e-05 6.04146444697907e-07 0 0 0
GJ3769 198.182385 -2.264685 2453167.4935461 27.240398 2.100951 -11861.360283 3.116594 52.886753 1.918417 -11860.922525 2.958121 52.796576 1.92011 -10.421223 17.476422 -20.4257 4.085386 0.503132 0.002519 0.199124 0.003079 0.27709 0.003908 0 6.089345 47.318572 0.005212 -11.9 30.9 2453167.49354 -25.793348 -25.793147 0.129 -9999999 0.002971 0.068185 0.856545 0.434787 0.981161 0.51 59.9965 -10.425809 17.437975 2004-06-10T23:46:22.003 -9999999 K5 073.D-0578(A) Bouchy -9999999 HARPS_ech_obs_all HARPS_ech_obs_thosimult STAR_WAVE_K0 5.79584413700372e-05 0.000322728350356607 0 0 0
GJ3769 198.182385 -2.264685 2453167.4945959 25.309177 2.061607 -11864.467724 3.03307 50.955202 1.875248 -11864.031939 2.869989 50.727354 1.876842 49.494371 16.921679 -12.360123 4.32709 0.508169 0.002474 0.202503 0.003013 0.277019 0.003816 0 6.092467 47.324895 0.009449 -11.9 31.6 2453167.49459 -25.796211 -25.796012 0.155 -9999999 0.002971 0.067855 0.856545 0.432814 0.98116 0.5 59.9961 49.464188 16.879514 2004-06-10T23:47:53.314 -9999999 K5 073.D-0578(A) Bouchy -9999999 HARPS_ech_obs_all HARPS_ech_obs_thosimult STAR_WAVE_K0 -9999999.0 -9999999.0 -9999999 -9999999 -9999999
GJ3769 198.182385 -2.264685 2453167.4956553 26.410547 2.12915 -11862.237565 3.187386 52.05624 1.949259 -11861.803771 3.032615 52.005921 1.950916 11.657543 16.02405 -16.010819 4.558594 0.509885 0.002584 0.203485 0.00316 0.275834 0.00398 0 6.086224 47.319511 0.011093 -11.9 30.4 2453167.49565 -25.799105 -25.798881 0.182 -9999999 0.002971 0.067522 0.856544 0.430823 0.981159 0.51 60.0019 11.646573 15.987293 2004-06-10T23:49:24.255 -9999999 K5 073.D-0578(A) Bouchy -9999999 HARPS_ech_obs_all HARPS_ech_obs_thosimult STAR_WAVE_K0 2.1599174192556e-05 6.86585900127854e-07 0 0 0
GJ3769 198.182385 -2.264685 2453202.5396483 24.648725 0.913431 -11861.263549 1.018396 48.33601 0.317369 -11862.361749 0.272948 48.227013 0.318307 -0.85418 3.553093 -9.210541 0.858772 0.504479 0.00039 0.197352 0.000415 0.261696 0.000532 0 6.076694 47.398463 0.007183 -12.1 197.2 2453202.53964 -29.287336 -29.287375 0.199 -9999999 0.003864 -1.890886 0.856523 -1.102064 0.981137 0.51 899.9962 -0.856114 3.421308 2004-07-16T00:50:22.438 -9999999 K5 072.C-0488(E) Mayor -9999999 HARPS_ech_obs_all HARPS_ech_obs_thosimult STAR_WAVE_K0 1.30100156605715e-05 3.54223775235545e-07 0 0 0
GJ3769 198.182385 -2.264685 2453203.5095083 24.532194 0.892622 -11861.492448 1.005376 48.234013 0.251235 -11862.524036 0.219367 48.152184 0.253227 -1.033949 3.430255 -23.169981 0.886415 0.503696 0.000325 0.197706 0.000341 0.261857 0.000438 0 6.079658 47.557416 0.006063 -12.1 239.2 2453203.5095 -29.175017 -29.17505 0.611 -9999999 0.003888 -1.876351 0.856537 -1.035476 0.981152 0.51 899.9772 -1.038424 3.311229 2004-07-17T00:07:06.456 -9999999 K5 072.C-0488(E) Mayor -9999999 HARPS_ech_obs_all HARPS_ech_obs_thosimult STAR_WAVE_K0 1.35852269006284e-05 2.94226904663519e-07 0 0 0
GJ3769 198.182385 -2.264685 2453205.4911169 23.75786 0.899509 -11862.54258 1.011113 47.558568 0.274673 -11863.440827 0.244275 47.498811 0.276219 5.932165 3.077722 -20.133396 0.802216 0.505004 0.000352 0.196509 0.00037 0.265733 0.000474 0 6.079326 47.501538 0.004307 -12.1 220.7 2453205.49111 -29.008237 -29.008272 0.422 -9999999 0.003939 -1.777462 0.856546 -0.902186 0.981162 0.53 899.9958 5.933784 3.055496 2004-07-18T23:40:35.935 -9999999 K5 072.C-0488(E) Mayor -9999999 HARPS_ech_obs_all HARPS_ech_obs_thosimult STAR_WAVE_K0 1.28451408455973e-05 3.43000539970219e-07 0 0 0
GJ3769 198.182385 -2.264685 2453217.48955 29.265906 0.908139 -11856.344299 1.01693 53.054777 0.301734 -11858.20484 0.267331 52.917939 0.302461 5.137823 3.759099 0.277481 0.774579 0.50575 0.00038 0.199904 0.000402 0.263249 0.000515 0 6.096047 47.303298 0.007332 -12.1 203.8 2453217.48954 -27.551534 -27.55168 0.326 -9999999 0.004244 -1.789299 0.856547 -1.864785 0.981163 0.5 899.9999 5.131413 3.502999 2004-07-30T23:40:24.961 -9999999 K5 072.C-0488(E) Mayor -9999999 HARPS_ech_obs_all HARPS_ech_obs_thosimult STAR_WAVE_K0 1.44959481108298e-05 3.47146660446138e-07 0 0 0
GJ3769 198.182385 -2.264685 2453218.5214823 30.554077 0.916556 -11854.303109 1.022029 54.332918 0.326236 -11856.223641 0.286177 54.238887 0.327135 -1.852566 3.252784 -6.106899 0.862867 0.504852 0.000401 0.199452 0.000429 0.268318 0.000547 0 6.08384 47.348993 0.0096 -12.1 191.6 2453218.52148 -27.434602 -27.434767 0.106 -9999999 0.004271 -1.79933 0.856531 -1.924803 0.981146 0.49 899.9773 -1.850669 2.940565 2004-08-01T00:26:41.018 -9999999 K5 072.C-0488(E) Mayor -9999999 HARPS_ech_obs_all HARPS_ech_obs_thosimult STAR_WAVE_K0 1.38147320290346e-05 4.08666527095962e-07 0 0 0
GJ3769 198.182385 -2.264685 2453400.869762 -30.600707 0.805098 -11916.623164 1.081132 -4.789385 0.489513 -11916.727999 0.454101 -4.786859 0.490212 1.77402 5.115321 -12.571701 0.97468 0.50178 0.000661 0.202358 0.000705 0.268384 0.000884 0 6.066653 47.464081 0.005491 -12.1 118.5 2453400.86976 27.878298 27.878443 -0.226 -9999999 0.008915 0.233152 0.639187 -0.11375 0.981141 0.48 899.9815 1.777615 5.100164 2005-01-30T08:42:07.197 -9999999 K5 072.C-0488(E) Mayor -9999999 HARPS_ech_obs_all HARPS_ech_obs_thosimult STAR_WAVE_K0 1.16880136669594e-05 3.96647270542952e-07 0 0 0
GJ3769 198.182385 -2.264685 2453402.8113654 -32.783477 0.814914 -11919.127061 0.986514 -6.421429 0.269063 -11918.66218 0.237054 -6.486301 0.270324 2.594857 2.846959 -12.53327 0.635556 0.507433 0.000357 0.201764 0.000372 0.26411 0.00047 0 6.065343 47.47978 0.004722 -12.1 220.2 2453402.81136 27.6006 27.600766 0.143 -9999999 0.008964 0.783877 0.769214 0.455917 0.957609 0.49 900.0019 2.60438 2.804932 2005-02-01T07:17:37.268 -9999999 K5 072.C-0488(E) Mayor -9999999 HARPS_ech_obs_all HARPS_ech_obs_thosimult STAR_WAVE_K0 1.05359699634581e-05 3.28027910669159e-07 0 0 0
GJ3769 198.182385 -2.264685 2453403.7888978 -32.267332 0.889223 -11918.857184 1.002409 -6.8522 0.239007 -11918.970072 0.205528 -6.946489 0.240566 2.104002 2.598554 -14.50811 0.687645 0.506826 0.000309 0.20543 0.000321 0.264116 0.000408 0 6.064346 47.487914 0.001634 -12.1 253.6 2453403.78889 27.427508 27.427668 0.423 -9999999 0.008989 -0.163038 0.856501 -0.121877 0.981113 0.5 813.5017 2.101316 2.55255 2005-02-02T06:45:42.616 -9999999 K5 072.C-0488(E) Mayor -9999999 HARPS_ech_obs_all HARPS_ech_obs_thosimult STAR_WAVE_K0 1.05429050372229e-05 3.48849700216446e-07 0 0 0
GJ3769 198.182385 -2.264685 2453405.9008386 -30.081145 0.887117 -11916.868677 0.987295 -4.703365 0.230895 -11916.810203 0.19958 -4.70975 0.232411 -2.363653 2.679747 -14.815852 0.920911 0.50759 0.000306 0.206807 0.000316 0.264774 0.0004 0 6.062551 47.485229 0.003871 -12.1 259.7 2453405.90083 26.644072 26.644276 -0.018 -9999999 0.009043 -0.20039 0.856542 0.049431 0.966912 0.5 700.0018 -2.374871 2.646934 2005-02-04T09:27:34.646 -9999999 K5 072.C-0488(E) Mayor -9999999 HARPS_ech_obs_all HARPS_ech_obs_thosimult STAR_WAVE_K0 1.1395968965755e-05 3.253845701903e-07 0 0 0
GJ3769 198.182385 -2.264685 2453406.8747403 -30.156632 0.824708 -11917.852884 0.798826 -5.417476 0.280348 -11917.642137 0.246293 -5.460919 0.281757 4.709289 2.686905 -14.769911 0.636835 0.50768 0.000377 0.202712 0.000391 0.269291 0.000493 0 6.062697 47.489694 0.003433 -12.1 211.0 2453406.87474 26.461562 26.461743 0.182 -9999999 0.009068 -0.839015 0.775596 0.201679 0.75991 0.51 813.5021 4.690731 2.648513 2005-02-05T08:48:47.409 -9999999 K5 072.C-0488(E) Mayor -9999999 HARPS_ech_obs_all HARPS_ech_obs_thosimult STAR_WAVE_K0 1.15832183951216e-05 3.24634378809367e-07 0 0 0
GJ3769 198.182385 -2.264685 2453408.8836511 -31.379949 0.895387 -11917.918063 0.887466 -5.99677 0.260898 -11918.439719 0.236306 -6.014665 0.262579 2.454033 2.260386 -23.297282 0.983398 0.508905 0.000362 0.206939 0.000375 0.263826 0.000474 0 6.066173 47.574812 0.003274 -12.1 220.5 2453408.88365 25.899368 25.899546 0.019 -9999999 0.009119 -0.194991 0.856534 -0.530775 0.855427 0.5 705.0008 2.425939 2.212635 2005-02-07T09:02:24.514 -9999999 K5 072.C-0488(E) Mayor -9999999 HARPS_ech_obs_all HARPS_ech_obs_thosimult STAR_WAVE_K0 1.17682787908451e-05 3.41839813266643e-07 0 0 0
GJ3769 198.182385 -2.264685 2453409.799409 -34.213659 0.765805 -11920.429963 0.787729 -7.588287 0.301988 -11919.669666 0.268767 -7.655149 0.302946 2.686558 3.008323 -11.991286 0.768383 0.508858 0.000407 0.207315 0.000425 0.263911 0.000537 0 6.068115 47.466488 0.002552 -12.1 193.7 2453409.7994 25.851719 25.851942 -0.011 -9999999 0.009142 1.047201 0.703747 0.751155 0.74046 0.5 813.4956 2.662445 2.959192 2005-02-08T07:00:04.938 -9999999 K5 072.C-0488(E) Mayor -9999999 HARPS_ech_obs_all HARPS_ech_obs_thosimult STAR_WAVE_K0 1.15570112565989e-05 3.09184540604022e-07 0 0 0
GJ3769 198.182385 -2.264685 2453410.8483468 -31.233693 0.918931 -11917.860915 1.025239 -5.787272 0.33288 -11917.980636 0.297481 -5.82378 0.333874 6.254372 3.006834 -13.097577 0.692976 0.504952 0.000455 0.202972 0.000475 0.267983 0.000595 0 6.067755 47.473962 0.005239 -12.1 174.6 2453410.84834 25.427722 25.427908 0.222 -9999999 0.009169 -0.13175 0.856519 -0.12889 0.981132 0.51 700.0008 6.218668 2.966223 2005-02-09T08:11:15.192 -9999999 K5 072.C-0488(E) Mayor -9999999 HARPS_ech_obs_all HARPS_ech_obs_thosimult STAR_WAVE_K0 1.21879683184586e-05 4.1700769197274e-07 0 0 0
GJ3769 198.182385 -2.264685 2453411.8710665 -31.018063 0.914537 -11917.735404 1.021623 -5.686249 0.320526 -11917.955681 0.284735 -5.693398 0.321535 0.47443 3.031223 -9.911095 0.658716 0.509901 0.000426 0.206783 0.000445 0.263549 0.000561 0 6.067085 47.456902 0.00405 -12.1 185.4 2453411.87106 25.064726 25.064964 0.43 -9999999 0.009195 -0.246357 0.856528 -0.229472 0.981142 0.47 813.495 0.444074 2.995362 2005-02-10T08:43:25.391 -9999999 K5 072.C-0488(E) Mayor -9999999 HARPS_ech_obs_all HARPS_ech_obs_thosimult STAR_WAVE_K0 1.11790531207081e-05 4.06639619931463e-07 0 0 0
GJ3769 198.182385 -2.264685 2453412.877148 -30.677041 0.762502 -11917.579749 0.788611 -5.547021 0.38896 -11918.612497 0.346329 -5.549454 0.389741 1.887475 3.601817 -13.211308 0.764062 0.508354 0.000526 0.202526 0.00055 0.270289 0.000693 0 6.067728 47.471596 0.003122 -12.1 151.2 2453412.87714 24.741013 24.741263 0.086 -9999999 0.009221 -0.448151 0.655835 -1.041969 0.708494 0.49 800.0007 1.853163 3.568737 2005-02-11T08:51:53.944 -9999999 K5 072.C-0488(E) Mayor -9999999 HARPS_ech_obs_all HARPS_ech_obs_thosimult STAR_WAVE_K0 1.23212357741162e-05 3.51717498264589e-07 0 0 0
GJ3769 198.182385 -2.264685 2456700.7766593 9.704308 0.502618 -11876.124981 0.438741 35.700397 0.415524 -11875.903712 0.346893 35.591831 0.41614 -0.507819 4.126703 13.094562 1.404848 0.506911 0.000503 0.203336 0.00051 0.269493 0.000643 0 6.096323 47.215593 0.002776 -12.1 162.9 2456700.77665 24.783114 24.783208 0.361 -9999999 0.09296 0.417918 0.28278 0.128309 0.268624 0.5 899.9941 -0.528393 4.180685 2014-02-12T06:26:07.780 -9999999 K5 192.C-0852(A) Udry -9999999 HARPS_ech_obs_all HARPS_ech_obs_thosimult STAR_WAVE_K0 1.16186409401947e-05 4.17413933979741e-07 0 0 0
GJ3769 198.182385 -2.264685 2456702.7740658 11.37281 0.633014 -11874.106582 0.698948 36.841506 0.380958 -11874.995662 0.332488 36.704193 0.381502 -7.15044 4.457461 14.397644 1.420354 0.507186 0.000488 0.204558 0.000494 0.268902 0.000619 0 6.096127 47.203016 0.001678 -12.1 169.2 2456702.77406 24.154465 24.154571 0.192 -9999999 0.093011 -0.109475 0.505547 -0.982091 0.614801 0.5 900.0008 -7.172359 4.509153 2014-02-14T06:22:09.719 -9999999 K5 192.C-0852(A) Udry -9999999 HARPS_ech_obs_all HARPS_ech_obs_thosimult STAR_WAVE_K0 1.00611463186019e-05 4.30610696497926e-07 0 0 0
GJ3769 198.182385 -2.264685 2456703.8052494 6.726891 0.56497 -11878.83476 0.550521 33.35213 0.385972 -11877.821168 0.336842 33.290682 0.38659 -3.580013 3.957308 17.316851 1.489457 0.503486 0.000492 0.202628 0.000496 0.265085 0.000628 0 6.096707 47.176148 0.004045 -12.1 167.6 2456703.80524 23.742145 23.742256 0.389 -9999999 0.093037 1.047069 0.412573 0.920555 0.435443 0.49 900.0008 -3.602356 4.016773 2014-02-15T07:07:05.913 -9999999 K5 192.C-0852(A) Udry -9999999 HARPS_ech_obs_all HARPS_ech_obs_thosimult STAR_WAVE_K0 1.12613642480111e-05 3.98530120052698e-07 0 0 0
GJ3769 198.182385 -2.264685 2456704.800644 7.394533 0.566138 -11878.200794 0.510063 34.674491 0.389377 -11877.139642 0.33932 34.602226 0.389896 -1.742355 3.645132 16.51142 1.304479 0.50733 0.000495 0.201978 0.000498 0.268659 0.000628 0 6.098471 47.193589 0.001995 -12.1 166.2 2456704.80064 23.419875 23.419978 0.165 -9999999 0.093062 1.701787 0.410972 0.96809 0.380824 0.53 900.0003 -1.760868 3.703901 2014-02-16T06:59:45.268 -9999999 K5 192.C-0852(A) Udry -9999999 HARPS_ech_obs_all HARPS_ech_obs_thosimult STAR_WAVE_K0 1.02611370572127e-05 4.69203317710606e-07 0 0 0
GJ3769 198.182385 -2.264685 2456737.8328766 -2.257097 0.926219 -11888.006002 1.028511 23.412977 0.352516 -11888.360045 0.308587 23.345607 0.352894 -11.510399 4.207252 9.781643 1.311821 0.506506 0.000468 0.203868 0.000459 0.265236 0.00059 0 6.090986 47.26584 0.000495 -12.1 178.8 2456737.83287 9.083918 9.084098 0.597 -9999999 0.093903 0.091903 0.856513 -0.447946 0.981126 0.47 899.9937 -11.514717 4.260226 2014-03-21T07:44:24.966 -9999999 K5 192.C-0852(A) Udry -9999999 HARPS_ech_obs_all HARPS_ech_obs_wavesimult STAR_WAVE_K0 1.02668279774544e-05 3.91912723317357e-07 0 0 0
GJ3769 198.182385 -2.264685 2456740.6864856 -3.794741 0.705854 -11889.073169 0.708185 20.424636 0.301611 -11890.72158 0.261501 20.319695 0.302145 -3.390178 3.044242 8.622579 1.362779 0.506154 0.00038 0.200883 0.000381 0.264698 0.000486 0 6.089502 47.276315 0.001764 -12.1 215.9 2456740.68648 8.019582 8.019765 0.638 -9999999 0.093976 -1.358794 0.63817 -1.742387 0.658137 0.51 900.0001 -3.390184 3.13188 2014-03-24T04:12:53.735 -9999999 K5 192.C-0852(A) Udry -9999999 HARPS_ech_obs_all HARPS_ech_obs_wavesimult STAR_WAVE_K0 1.02763671727015e-05 4.53262988663355e-07 0 0 0
GJ3769 198.182385 -2.264685 2456744.8541243 -5.465697 0.635132 -11890.647943 0.689122 20.510496 0.362129 -11890.490454 0.313699 20.385998 0.362615 -3.364713 3.496356 8.020415 1.56349 0.508984 0.000455 0.201319 0.000457 0.2721 0.000584 0 6.091757 47.265761 0.002431 -12.1 181.5 2456744.85412 5.501672 5.501849 -0.008 -9999999 0.094082 0.398023 0.52178 0.063407 0.613582 0.49 900.0007 -3.354549 3.551373 2014-03-28T08:14:27.524 -9999999 K5 192.C-0852(A) Udry -9999999 HARPS_ech_obs_all HARPS_ech_obs_wavesimult STAR_WAVE_K0 1.07414207626028e-05 3.70812968595183e-07 0 0 0
GJ3769 198.182385 -2.264685 2456756.7374235 -9.539716 0.741463 -11894.97859 0.657462 15.033358 0.300134 -11896.353544 0.26309 14.877285 0.300686 -7.911626 3.643077 10.329299 1.431627 0.501048 0.0004 0.199013 0.000392 0.265309 0.000504 0 6.096717 47.237677 0.002415 -12.1 209.8 2456756.73742 -0.367733 -0.36757 0.64 -9999999 0.094385 -1.005097 0.678002 -1.469339 0.602528 0.53 899.994 -7.893899 3.688809 2014-04-09T05:25:39.179 -9999999 K5 192.C-0852(A) Udry -9999999 HARPS_ech_obs_all HARPS_ech_obs_wavesimult STAR_WAVE_K0 1.07550352160641e-05 3.85507659835608e-07 0 0 0
GJ3769 198.182385 -2.264685 2456758.7167519 -11.350885 0.757969 -11895.411909 0.820369 15.820539 0.354413 -11894.08849 0.308317 15.681331 0.35478 -6.151764 3.925669 10.361317 1.531065 0.504778 0.00045 0.201828 0.000447 0.266408 0.00058 0 6.096677 47.253251 0.007083 -12.1 183.3 2456758.71675 -1.332242 -1.33205 0.627 -9999999 0.094435 1.593254 0.670006 1.228984 0.760227 0.5 900.0021 -6.148133 3.970469 2014-04-11T04:56:20.596 -9999999 K5 192.C-0852(A) Udry -9999999 HARPS_ech_obs_all HARPS_ech_obs_wavesimult STAR_WAVE_K0 1.07567732896747e-05 4.23552758121929e-07 0 0 0
GJ3769 198.182385 -2.264685 2456760.6970657 -12.512674 0.553496 -11897.701521 0.566546 12.932441 0.32704 -11897.909307 0.28503 12.795751 0.327528 -6.815579 2.7373 9.509985 1.365749 0.507483 0.000422 0.201663 0.000416 0.270027 0.000537 0 6.092543 47.261147 0.003831 -12.1 196.3 2456760.69706 -2.294634 -2.294454 0.776 -9999999 0.094486 -0.133056 0.446546 -0.302272 0.489625 0.51 900.0014 -6.834118 2.811915 2014-04-13T04:27:51.728 -9999999 K5 192.C-0852(A) Udry -9999999 HARPS_ech_obs_all HARPS_ech_obs_wavesimult STAR_WAVE_K0 1.07536119839241e-05 4.16686414821249e-07 0 0 0
GJ3769 198.182385 -2.264685 2456808.6553926 -30.404224 0.967749 -11916.624577 0.817787 -3.542563 0.450508 -11914.386038 0.38986 -3.744565 0.450672 3.90589 4.507175 5.645255 1.651584 0.505518 0.000553 0.203876 0.000565 0.264358 0.000728 0 6.092659 47.290195 0.000791 -12.1 146.6 2456808.65538 -23.075988 -23.075881 0.332 -9999999 0.095707 1.28349 0.856493 2.142832 0.718878 0.51 900.0014 3.928865 4.494036 2014-05-31T03:30:55.872 -9999999 K5 192.C-0852(A) Udry -9999999 HARPS_ech_obs_all HARPS_ech_obs_wavesimult STAR_WAVE_K0 1.13704113552857e-05 5.14986472171721e-07 0 0 0
GJ3769 198.182385 -2.264685 2456811.6289799 -30.595422 0.929503 -11915.302124 1.02996 -3.774158 0.361093 -11913.756154 0.313437 -3.92783 0.361467 -4.783007 3.970331 6.859914 1.471246 0.506734 0.000451 0.203692 0.000454 0.267574 0.000581 0 6.092033 47.273159 0.003616 -12.1 181.5 2456811.62897 -23.919186 -23.919078 0.624 -9999999 0.095783 1.243094 0.856497 1.450187 0.981109 0.48 900.001 -4.795532 3.954123 2014-06-03T02:53:40.778 -9999999 K5 192.C-0852(A) Udry -9999999 HARPS_ech_obs_all HARPS_ech_obs_wavesimult STAR_WAVE_K0 9.86229944775203e-06 5.30316603807511e-07 0 0 0
GJ3769 198.182385 -2.264685 2457050.8663692 5.146869 0.873775 -11880.550107 0.933608 29.695127 0.297119 -11882.235595 0.258271 29.61475 0.297547 -2.585254 3.263571 13.573892 1.411149 0.50834 0.000395 0.20985 0.000391 0.264724 0.000493 0 6.094965 47.228162 0.002491 -12.1 214.3 2457050.86637 28.392442 28.392485 0.5 -9999999 0.101876 -1.029913 0.821707 -1.787364 0.897174 0.53 900.0021 -2.581345 3.334992 2015-01-28T08:36:49.118 -9999999 K5 192.C-0852(A) Udry -9999999 HARPS_ech_obs_all HARPS_ech_obs_wavesimult STAR_WAVE_K0 1.12194501577788e-05 4.05423544245691e-07 0 0 0
GJ3769 198.182385 -2.264685 2457079.7869623 12.337786 0.746617 -11874.093474 0.81693 37.986163 0.334948 -11873.357257 0.292935 37.891213 0.33529 0.440454 3.175496 11.603975 1.548643 0.506567 0.000438 0.200811 0.000433 0.262759 0.000549 0 6.09247 47.246652 0.0024 -12.1 190.3 2457079.78695 19.829019 19.829169 0.505 -9999999 0.102613 0.070206 0.667268 0.633604 0.762603 0.5 900.002 0.433443 3.227039 2015-02-26T06:39:30.694 -9999999 K5 192.C-0852(A) Udry -9999999 HARPS_ech_obs_all HARPS_ech_obs_wavesimult STAR_WAVE_K0 9.73493795584491e-06 3.7721721768397e-07 0 0 0
GJ3769 198.182385 -2.264685 2457082.8543277 14.023791 0.856102 -11872.460758 0.874763 40.603104 0.279564 -11870.656035 0.243776 40.558321 0.280027 -7.118631 3.116023 12.595717 1.327555 0.505583 0.000373 0.199783 0.000362 0.264638 0.000463 0 6.093789 47.229392 0.003578 -12.1 227.4 2457082.85433 18.395248 18.395378 -0.036 -9999999 0.102691 1.001142 0.809169 1.702032 0.840109 0.48 900.0018 -7.135021 3.19842 2015-03-01T08:16:32.159 -9999999 K5 192.C-0852(A) Udry -9999999 HARPS_ech_obs_all HARPS_ech_obs_thosimult STAR_WAVE_K0 9.2740315453507e-06 4.04132205013886e-07 0 0 0
GJ3769 198.182385 -2.264685 2457101.8233967 20.051879 0.8954 -11865.062875 0.731885 44.673895 0.35434 -11865.759808 0.307441 44.559799 0.354522 -2.244451 4.105068 7.751958 1.410871 0.508939 0.000462 0.199091 0.000454 0.265089 0.000582 0 6.086846 47.29988 0.000212 -12.1 181.4 2457101.82339 9.733186 9.733342 0.118 -9999999 0.103174 -0.956155 0.822304 -0.800107 0.66418 0.51 900.0008 -2.245096 4.113032 2015-03-20T07:30:14.417 -9999999 K5 192.C-0852(A) Udry -9999999 HARPS_ech_obs_all HARPS_ech_obs_wavesimult STAR_WAVE_K0 1.00491362781079e-05 3.4475606943702e-07 0 0 0
GJ3769 198.182385 -2.264685 2457137.6631568 22.24049 0.745469 -11863.37972 0.817744 47.287218 0.310088 -11863.047722 0.269678 47.135427 0.310309 -7.696786 3.672593 6.025791 1.424554 0.505747 0.000399 0.192576 0.00039 0.267963 0.000514 0 6.089087 47.296814 0.003311 -12.1 207.6 2457137.66315 -8.101902 -8.101693 -0.511 -9999999 0.104087 -0.531443 0.677915 0.227911 0.771997 0.5 900.0002 -7.701635 3.635186 2015-04-25T03:39:29.585 -9999999 K5 192.C-0852(A) Udry -9999999 HARPS_ech_obs_all HARPS_ech_obs_wavesimult STAR_WAVE_K0 9.55253009088749e-06 3.38401273280122e-07 0 0 0
GJ3769 198.182385 -2.264685 2457141.5841751 18.509213 0.754333 -11866.966795 0.874738 42.118365 0.294909 -11868.494106 0.254568 41.97733 0.29546 4.663377 3.57155 2.22072 1.418365 0.504474 0.000368 0.194451 0.000365 0.265133 0.000476 0 6.080988 47.331885 0.000413 -12.1 222.5 2457141.58417 -9.799394 -9.799191 0.078 -9999999 0.104187 -1.969019 0.694296 -1.631498 0.836876 0.5 900.0009 4.663768 3.608711 2015-04-29T01:45:55.779 -9999999 K5 192.C-0852(A) Udry -9999999 HARPS_ech_obs_all HARPS_ech_obs_wavesimult STAR_WAVE_K0 8.73793221441952e-06 3.84524092829134e-07 0 0 0
GJ3769 198.182385 -2.264685 2457147.7507961 21.97156 0.959105 -11863.27644 1.050181 47.618012 0.431626 -11863.637654 0.374583 47.454887 0.431958 2.14005 3.950237 8.319986 1.648607 0.50518 0.000534 0.199099 0.000542 0.269908 0.000695 0 6.08889 47.283015 -0.002005 -12.1 152.7 2457147.7508 -13.061007 -13.060822 0.098 -9999999 0.104344 0.068282 0.856494 -0.465558 0.981105 0.5 900.0 2.133137 3.861969 2015-05-05T05:46:12.079 -9999999 K5 192.C-0852(A) Udry -9999999 HARPS_ech_obs_all HARPS_ech_obs_wavesimult STAR_WAVE_K0 8.81375225258349e-06 5.68078525743356e-07 0 0 0
GJ3769 198.182385 -2.264685 2457201.5077713 16.583061 0.738186 -11857.903256 0.729224 18.615366 0.441803 -11858.647875 0.421969 48.508078 0.481694 6.464072 8.431374 33.666837 3.784875 0.505399 0.000668 0.200006 0.00064 0.261393 0.000812 0 6.116909 47.025506 0.020513 -12.1 129.6 2457201.50776 -28.615255 -28.61523 0.0 -9999999 0.105713 -1.074458 0.591378 -0.850332 0.594735 0.34 899.9983 6.463092 8.374904 2015-06-28T00:04:23.554 -9999999 K5 192.C-0852(A) Udry -9999999 HARPS_ech_obs_all HARPS_ech_obs_wavesimult STAR_WAVE_K0 1.15437646388868e-05 4.96824571371132e-07 0 0 0
GJ3769 198.182385 -2.264685 2457204.573215 17.76788 0.808547 -11856.206349 0.682333 18.923264 0.251324 -11857.881519 0.263325 48.946714 0.310709 3.687758 8.15182 24.619635 3.578322 0.507401 0.000383 0.201723 0.000372 0.264461 0.000474 0 6.11731 47.083545 0.022014 -12.1 217.3 2457204.57321 -29.055024 -29.055021 0.0 -9999999 0.105791 -1.951379 0.768495 -1.780961 0.629474 0.5 899.9983 3.686096 8.110029 2015-07-01T01:36:39.240 -9999999 K5 192.C-0852(A) Udry -9999999 HARPS_ech_obs_all HARPS_ech_obs_wavesimult STAR_WAVE_K0 1.16932717485895e-05 3.55653782663584e-07 0 0 0
GJ3769 198.182385 -2.264685 2457462.6802908 -8.163095 0.526942 -11883.281482 0.570121 -4.498652 0.215393 -11882.577116 0.23915 24.7207 0.284457 9.077254 11.368976 19.006312 3.613717 0.512581 0.000369 0.198294 0.000353 0.268409 0.000448 0 6.101681 47.158668 0.018163 -12.1 229.9 2457462.68028 12.220777 12.220951 -0.011 -9999999 0.112364 0.557679 0.480909 0.592002 0.517538 0.5 899.9983 9.068297 11.401751 2016-03-15T04:04:33.606 -9999999 K5 192.C-0852(A) Udry -9999999 HARPS_ech_obs_all HARPS_ech_obs_wavesimult STAR_WAVE_K0 9.62896488241974e-06 3.87264441537864e-07 0 0 0
GJ3769 198.182385 -2.264685 2457465.6696082 -7.214806 0.505704 -11882.350981 0.516941 -5.082525 0.254067 -11882.95099 0.268709 24.503002 0.314352 -2.933534 6.126609 19.628663 3.737664 0.509158 0.000427 0.199623 0.000407 0.268383 0.000516 0 6.101816 47.161196 0.016598 -12.1 200.4 2457465.6696 10.789699 10.789903 -0.208 -9999999 0.112441 -0.974483 0.437249 -0.71245 0.441615 0.49 899.9983 -2.941672 6.20441 2016-03-18T03:49:09.908 -9999999 K5 192.C-0852(A) Udry -9999999 HARPS_ech_obs_all HARPS_ech_obs_wavesimult STAR_WAVE_K0 1.02334435798326e-05 3.61003553062281e-07 0 0 0