time	mnvel	errvel	tel
2453001.8296176	-26.712753	1.405504	HARPS-pre
2453034.6065176	-23.139558	0.936813	HARPS-pre
2453289.8689777	-43.733541	1.331075	HARPS-pre
2453289.8700435	-46.097437	1.232018	HARPS-pre
2453289.871093	-44.389439	1.219243	HARPS-pre
2453289.8721307	-42.878571	1.255471	HARPS-pre
2453289.8732038	-42.818949	1.262262	HARPS-pre
2453289.8742598	-42.398871	1.269489	HARPS-pre
2453289.8752891	-42.292404	1.239639	HARPS-pre
2453289.8763512	-41.67287	1.228679	HARPS-pre
2453289.8774155	-44.582513	1.286848	HARPS-pre
2453289.8784482	-41.404542	1.263679	HARPS-pre
2453291.8713514	-47.861842	1.611786	HARPS-pre
2453291.8723992	-47.04682	1.628459	HARPS-pre
2453291.8734589	-48.093734	1.780768	HARPS-pre
2453291.8744829	-44.553805	1.682387	HARPS-pre
2453291.8755388	-47.210718	1.533374	HARPS-pre
2453291.8765761	-49.661801	1.539458	HARPS-pre
2453291.8776576	-47.81295	1.645287	HARPS-pre
2453291.8786861	-45.809414	1.535338	HARPS-pre
2453292.8669814	-47.369184	1.623938	HARPS-pre
2453292.8680316	-49.606962	1.651517	HARPS-pre
2453292.8690897	-47.869606	1.612437	HARPS-pre
2453292.870146	-49.533608	1.649405	HARPS-pre
2453292.8711904	-49.823796	1.663187	HARPS-pre
2453292.8722214	-49.692804	1.603825	HARPS-pre
2453292.8732816	-46.865466	1.642061	HARPS-pre
2453292.8743608	-46.742732	1.724347	HARPS-pre
2453294.8669931	-49.043929	1.55268	HARPS-pre
2453294.8680433	-55.686103	1.771179	HARPS-pre
2453294.8691203	-53.492843	2.00879	HARPS-pre
2453294.8701474	-51.899415	1.828501	HARPS-pre
2453294.8712035	-52.4758	1.799312	HARPS-pre
2453294.8722606	-48.396064	1.74597	HARPS-pre
2453294.8733146	-52.598273	1.689683	HARPS-pre
2453294.874369	-51.428739	1.786782	HARPS-pre
2453296.8634035	-46.556889	1.202301	HARPS-pre
2453296.8644019	-47.719047	1.14858	HARPS-pre
2453296.8654798	-49.252255	1.167003	HARPS-pre
2453296.8665248	-49.958549	1.164307	HARPS-pre
2453296.8675574	-47.485958	1.174531	HARPS-pre
2453296.8686468	-46.04483	1.162988	HARPS-pre
2453296.8696882	-46.234699	1.146634	HARPS-pre
2453296.8707641	-49.81158	1.20826	HARPS-pre
2453296.8718121	-48.823816	1.148996	HARPS-pre
2453296.8728222	-45.260148	1.183939	HARPS-pre
2454047.7954785	1.395578	0.968681	HARPS-pre
2454049.7759944	-1.15025	0.919813	HARPS-pre
2454051.7884344	1.093352	0.979193	HARPS-pre
2454051.7930811	1.265068	0.951406	HARPS-pre
2454053.85292	5.302837	0.748814	HARPS-pre
2454053.8566142	4.36639	0.786641	HARPS-pre
2454055.8416563	7.893623	0.7327	HARPS-pre
2454055.8463944	7.558981	0.72644	HARPS-pre
2455111.8696883	-30.871623	0.790157	HARPS-pre
2455111.8751672	-30.82371	0.779425	HARPS-pre
2455115.8546063	-31.10494	1.003126	HARPS-pre
2455115.8602422	-30.544199	1.013553	HARPS-pre
2455123.8636316	-33.855735	0.986607	HARPS-pre
2455123.8677828	-33.784742	1.001462	HARPS-pre
2455123.8716355	-34.035785	0.994104	HARPS-pre
2455124.8587671	-29.507734	0.962896	HARPS-pre
2455124.8619146	-29.58866	0.971185	HARPS-pre
2455124.8654112	-30.936319	0.98876	HARPS-pre
2455126.8293619	-31.712739	0.939993	HARPS-pre
2455126.8331692	-32.244891	0.93551	HARPS-pre
2455126.8370119	-30.706161	0.931323	HARPS-pre
2455128.8588123	-31.034268	0.708392	HARPS-pre
2455128.8627317	-29.123234	0.722911	HARPS-pre
2455128.8665346	-29.428205	0.727345	HARPS-pre
2455129.8578346	-31.258069	0.649257	HARPS-pre
2455129.8610972	-30.364032	0.664166	HARPS-pre
2455129.8642969	-31.589006	0.705774	HARPS-pre
2455133.8348338	-30.81432	1.010792	HARPS-pre
2455133.8406158	-31.255569	1.002368	HARPS-pre
2455135.8138	-33.270548	0.905255	HARPS-pre
2455135.8193301	-32.104366	0.906662	HARPS-pre
2455138.8317704	-30.264446	0.717189	HARPS-pre
2455138.8370706	-29.566396	0.705601	HARPS-pre
2455140.8041777	-30.520493	0.682293	HARPS-pre
2455140.8095966	-29.994224	0.661152	HARPS-pre
2455164.6590511	-32.182987	1.006162	HARPS-pre
2455164.6623301	-31.355772	0.993155	HARPS-pre
2455164.6656059	-31.214889	0.984589	HARPS-pre
2455166.6143991	-32.577355	0.930922	HARPS-pre
2455166.617703	-34.16987	0.933521	HARPS-pre
2455166.6210233	-33.299333	0.940068	HARPS-pre
2455167.6338339	-33.781078	0.971108	HARPS-pre
2455167.6364535	-34.224507	0.967258	HARPS-pre
2455167.6391852	-33.188705	0.972921	HARPS-pre
2455167.6418185	-32.663419	0.974267	HARPS-pre
2455168.6575726	-33.982675	0.940452	HARPS-pre
2455168.660253	-35.214573	0.939301	HARPS-pre
2455168.6629326	-34.254795	0.938056	HARPS-pre
2455168.665623	-34.565982	0.941546	HARPS-pre
2455169.6624978	-30.704935	0.976224	HARPS-pre
2455169.6651804	-32.133373	0.974889	HARPS-pre
2455169.6678588	-30.459736	0.980292	HARPS-pre
2455169.6704988	-31.426028	0.969435	HARPS-pre
2455279.486374	-43.362761	0.921491	HARPS-pre
2455279.4904614	-43.641683	0.949897	HARPS-pre
2455279.4947325	-44.341768	0.927966	HARPS-pre
2456619.732447	91.146317	0.746535	HARPS-pre
2456619.7357079	89.372385	0.739392	HARPS-pre
2456619.7389119	92.42151	0.731362	HARPS-pre
2456623.7157521	85.324238	1.01149	HARPS-pre
2456623.7193657	87.543766	1.008882	HARPS-pre
2456623.7230035	86.291672	0.992429	HARPS-pre
2456625.7580949	88.947993	0.639349	HARPS-pre
2456625.7637341	88.364461	0.651727	HARPS-pre
2456628.7477656	85.177658	0.682876	HARPS-pre
2456628.7535544	86.039177	0.704455	HARPS-pre
2456632.7196368	82.534974	0.842868	HARPS-pre
2456632.7249072	83.448666	0.784533	HARPS-pre
2456700.5199645	62.282734	0.547995	HARPS-pre
2456700.525558	62.750963	0.55211	HARPS-pre
2456721.5286598	50.665176	0.490972	HARPS-pre
2456721.5344444	51.095565	0.51229	HARPS-pre
2456723.5049182	51.345162	0.59251	HARPS-pre
2456723.5104876	52.248049	0.602467	HARPS-pre
2456725.5052955	54.001603	0.629661	HARPS-pre
2456725.5106113	53.932135	0.858414	HARPS-pre
2456990.7335642	-3.256558	0.736986	HARPS-pre
2456990.7391499	-2.771104	0.74136	HARPS-pre
2456994.7817409	-2.384518	0.813366	HARPS-pre
2456994.7873755	-1.456853	0.809591	HARPS-pre
2456998.68119	-6.110695	0.706368	HARPS-pre
2457002.7809484	-3.617105	0.819941	HARPS-pre
2457033.6361425	-6.623905	0.903777	HARPS-pre
2457298.8524658	-160.478851	1.173644	HARPS-post
2457298.8574572	-160.226183	1.127506	HARPS-post
2457327.7550308	-160.379998	0.755053	HARPS-post
2457372.7043498	-165.840978	0.683495	HARPS-post
2457372.7082157	-165.964812	0.7028	HARPS-post
2457372.7119772	-167.611077	0.658136	HARPS-post
2457423.5909889	-169.195133	0.655883	HARPS-post
2457423.597132	-169.420543	0.654658	HARPS-post
2457424.5858561	-170.42367	0.966046	HARPS-post
2457424.5915854	-170.669726	0.970892	HARPS-post
2457462.5171442	-172.421504	0.575225	HARPS-post
2457462.5227103	-172.510576	0.570531	HARPS-post
2457464.4991372	-172.160568	0.636021	HARPS-post
2457464.5029999	-171.98428	0.569507	HARPS-post
2457464.5066898	-173.009141	0.561891	HARPS-post
2458383.8956094	158.055909	1.30189	HARPS-post
2458383.8987158	157.805691	1.30418	HARPS-post
2458384.8132205	162.041686	1.296143	HARPS-post
2458384.8163251	163.89994	1.299828	HARPS-post
2458385.8125845	167.530219	1.28377	HARPS-post
2458385.8157226	167.415286	1.284259	HARPS-post
2458385.897718	167.794997	1.279048	HARPS-post
2458385.90086	167.493067	1.278446	HARPS-post
2458386.8953456	168.11982	1.288987	HARPS-post
2458386.8985377	170.407938	1.286845	HARPS-post
2458393.7893447	175.788168	1.307476	HARPS-post
2458393.7925219	176.809388	1.316709	HARPS-post
2458393.7956701	175.764174	1.326757	HARPS-post
2458396.8739169	180.746643	1.360966	HARPS-post
2458396.8770499	182.55516	1.430802	HARPS-post
2458396.8802825	179.628269	1.405177	HARPS-post
2458397.8862071	181.80221	1.345574	HARPS-post
2458397.8893795	183.364016	1.336008	HARPS-post
2458397.8924758	184.140409	1.335742	HARPS-post
2458398.8918771	182.083852	1.218845	HARPS-post
2458398.8947218	182.481195	1.244213	HARPS-post
2458398.8979972	182.257506	1.363507	HARPS-post
2458405.8813492	190.637037	1.786347	HARPS-post
2458405.884489	191.919184	1.749378	HARPS-post
2458405.8876259	192.545651	1.683079	HARPS-post
2458407.8489794	191.132186	1.353827	HARPS-post
2458407.8522009	192.46881	1.3611	HARPS-post
2458407.8554208	192.582136	1.388262	HARPS-post
2458415.70165	195.651472	1.322582	HARPS-post
2458415.7053425	197.16748	1.320771	HARPS-post
2458415.709279	197.92497	1.329209	HARPS-post
2458415.713108	195.974074	1.310906	HARPS-post
2458415.7168695	197.16192	1.307298	HARPS-post
2458415.7206657	196.491655	1.311655	HARPS-post
2458415.7727424	195.579912	1.307938	HARPS-post
2458415.7766134	196.801505	1.312828	HARPS-post
2458415.7805834	195.750048	1.308513	HARPS-post
2458415.7842409	195.59659	1.299903	HARPS-post
2458415.788141	195.104424	1.297996	HARPS-post
2458415.7919373	195.679167	1.290001	HARPS-post
2458416.7922086	197.628908	1.53651	HARPS-post
2458416.7958627	198.674231	1.680892	HARPS-post
2458416.7998439	198.210994	1.50379	HARPS-post
2458424.8530929	198.442777	1.327714	HARPS-post
2458424.8569234	198.021478	1.317682	HARPS-post
2458424.860649	199.024133	1.328554	HARPS-post
2458424.8645493	197.03203	1.338404	HARPS-post
2458425.8075343	195.000164	1.285914	HARPS-post
2458425.8113258	194.335848	1.290896	HARPS-post
2458425.8151905	195.466971	1.290672	HARPS-post
2458425.8430327	196.251836	1.287417	HARPS-post
2458425.8468922	194.826361	1.285413	HARPS-post
2458425.8506534	195.261451	1.28751	HARPS-post
2458425.8545883	194.719869	1.289267	HARPS-post
2458425.8583147	195.856779	1.291947	HARPS-post
2458425.8622499	195.169366	1.288638	HARPS-post
2458426.7943105	195.794447	1.286283	HARPS-post
2458426.7981474	195.217738	1.282889	HARPS-post
2458426.8019775	195.140994	1.283014	HARPS-post
2458426.8525343	194.216627	1.319576	HARPS-post
2458426.8561198	194.233755	1.305433	HARPS-post
2458426.8603684	193.082999	1.298083	HARPS-post
2458427.7913171	193.940685	1.286009	HARPS-post
2458427.7951082	193.515593	1.290058	HARPS-post
2458427.7989727	194.756755	1.288583	HARPS-post
2458427.8297302	194.442008	1.279135	HARPS-post
2458427.8334857	193.008197	1.277041	HARPS-post
2458427.8373871	193.887328	1.278411	HARPS-post
2458428.8139423	195.191014	1.288507	HARPS-post
2458428.8175995	195.965996	1.286877	HARPS-post
2458428.8215346	195.877251	1.285937	HARPS-post
2458428.8390774	195.740605	1.283005	HARPS-post
2458428.8428774	196.121554	1.279236	HARPS-post
2458428.8467086	195.541757	1.283163	HARPS-post
2458428.8511398	196.960259	1.285044	HARPS-post
2458428.8548953	195.937646	1.287177	HARPS-post
2458428.8587566	196.400288	1.283567	HARPS-post
2458436.7988251	193.881526	1.140888	HARPS-post
2458436.8026207	193.927127	1.115472	HARPS-post
2458436.806313	193.90026	1.115212	HARPS-post
2458438.8031807	190.0221	1.302957	HARPS-post
2458438.8070497	189.15554	1.293962	HARPS-post
2458438.8108119	188.175792	1.293444	HARPS-post
2458442.7704979	187.943766	1.283173	HARPS-post
2458442.7743984	187.667709	1.283451	HARPS-post
2458442.778195	188.109682	1.286201	HARPS-post
2458447.7506372	182.037576	0.925063	HARPS-post
2458447.754471	182.427201	0.926637	HARPS-post
2458447.7583367	181.675997	0.929159	HARPS-post
2458448.8547383	182.636603	1.292566	HARPS-post
2458448.8586011	183.004189	1.293807	HARPS-post
2458448.8623278	182.925637	1.295366	HARPS-post
2458449.8592349	186.612547	1.294901	HARPS-post
2458449.8630333	186.878789	1.297174	HARPS-post
2458449.8669351	186.376796	1.294182	HARPS-post
2458450.8547636	191.027449	1.278792	HARPS-post
2458450.8585995	190.996792	1.280864	HARPS-post
2458450.8625055	191.323617	1.279834	HARPS-post
2458450.8662615	190.648263	1.277785	HARPS-post
2458451.7812336	173.959414	1.299128	HARPS-post
2458451.7850818	174.685374	1.304779	HARPS-post
2458451.7889244	174.479369	1.309586	HARPS-post
2458455.7660608	173.246405	1.302668	HARPS-post
2458455.7699054	173.002601	1.297307	HARPS-post
2458455.7737832	172.691396	1.304837	HARPS-post
2458467.765113	159.120085	1.30031	HARPS-post
2458467.76895	158.454101	1.295197	HARPS-post
2458467.7727462	159.731092	1.293563	HARPS-post
2458473.7340177	151.058412	1.276211	HARPS-post
2458473.7377806	151.00366	1.274859	HARPS-post
2458473.7433677	150.829694	1.279714	HARPS-post
2458473.7471338	150.187974	1.279181	HARPS-post
2458473.7509983	150.649004	1.27733	HARPS-post
2458484.7332893	136.4076	1.126026	HARPS-post
2458484.7371895	135.089448	1.127914	HARPS-post
2458486.6889243	134.08737	1.338524	HARPS-post
2458486.692647	134.258178	1.331487	HARPS-post
2458487.6793391	134.291158	1.277899	HARPS-post
2458487.6831719	134.177768	1.280114	HARPS-post
2458488.6908755	132.146677	1.304306	HARPS-post
2458488.6946687	132.96208	1.309755	HARPS-post
2458489.7043164	130.646311	1.366179	HARPS-post
2458489.7083657	131.064066	1.364872	HARPS-post
2458490.7347884	126.176368	1.145592	HARPS-post
2458490.7386948	126.849439	1.131579	HARPS-post
2458491.6531395	128.833879	1.29775	HARPS-post
2458491.7016672	127.62757	1.313314	HARPS-post
2458501.5789181	116.362658	1.317681	HARPS-post
2458501.5827523	115.047672	1.320771	HARPS-post
2458501.6735232	115.922359	1.330145	HARPS-post
2458501.677394	116.868005	1.323796	HARPS-post
2458504.589839	110.80308	1.27932	HARPS-post
2458504.5937082	110.122071	1.278077	HARPS-post
2458505.5902333	111.259837	1.278185	HARPS-post
2458505.5940668	110.634491	1.280007	HARPS-post
2458507.5799087	107.949583	1.278572	HARPS-post
2458507.5837341	108.671096	1.27355	HARPS-post
2458508.5831559	106.756307	1.280633	HARPS-post
2458508.5869183	107.273427	1.277743	HARPS-post
2458508.5908183	107.406254	1.276262	HARPS-post
2458516.5877722	98.866615	1.276056	HARPS-post
2458516.5916342	99.540046	1.274484	HARPS-post
2458517.5880863	96.730221	1.317002	HARPS-post
2458517.5921284	95.903571	1.292984	HARPS-post
2458518.5634441	96.02472	1.328051	HARPS-post
2458518.5671403	96.733375	1.314788	HARPS-post
2458519.5803241	95.251985	1.243465	HARPS-post
2458519.5841606	95.080929	1.229548	HARPS-post
2458520.5920531	92.192936	1.359987	HARPS-post
2458520.5960069	91.557811	1.342106	HARPS-post
2458521.6187667	93.190823	1.31097	HARPS-post
2458521.6224695	92.228793	1.301752	HARPS-post
2458522.5744997	90.83106	1.291885	HARPS-post
2458522.5781732	89.576482	1.360699	HARPS-post
2458524.5766088	87.260279	1.268609	HARPS-post
2458524.5802794	85.276984	1.273113	HARPS-post
2458528.5778766	85.294381	1.343261	HARPS-post
2458528.5816348	83.439088	1.32893	HARPS-post
2458530.6422202	84.708778	1.292439	HARPS-post
2458530.6460472	85.201175	1.285925	HARPS-post
2458531.5307111	82.447118	1.271356	HARPS-post
2458531.5345042	82.907238	1.273406	HARPS-post
2458535.5699821	73.693633	1.295119	HARPS-post
2458535.5737764	72.944251	1.302441	HARPS-post
2458537.5690419	75.986771	1.289047	HARPS-post
2458537.572834	75.899883	1.290511	HARPS-post
2458541.5634959	70.933921	1.288599	HARPS-post
2458541.5671855	71.074799	1.28806	HARPS-post
2458543.5534455	70.996338	1.277428	HARPS-post
2458543.5572366	70.378604	1.276014	HARPS-post
2458545.5607724	68.841393	1.288133	HARPS-post
2458545.5647033	66.889847	1.287681	HARPS-post
2458546.5398968	63.905308	1.19089	HARPS-post
2458546.5435516	62.557112	1.192209	HARPS-post
2458548.5360816	65.895113	1.297521	HARPS-post
2458548.5398736	67.617246	1.301186	HARPS-post
2458550.5555084	65.403862	1.294622	HARPS-post
2458550.5593704	64.972219	1.292641	HARPS-post
2458553.5973198	62.585858	1.332681	HARPS-post
2458553.6020728	61.71086	1.318865	HARPS-post
2458556.5190342	62.796018	1.198776	HARPS-post
2458557.5139737	58.48215	1.360034	HARPS-post
2458557.5178395	60.056875	1.354805	HARPS-post
2458558.5218944	57.16844	1.231708	HARPS-post
2458566.492441	52.051408	1.295637	HARPS-post
2458566.4963118	50.826386	1.296919	HARPS-post
2458570.4792902	49.482386	1.131767	HARPS-post
2458570.4831693	49.52691	1.130961	HARPS-post
2458586.4694231	35.256806	1.356952	HARPS-post
2458586.4732215	34.500244	1.367112	HARPS-post
2458588.4715175	31.87666	1.343543	HARPS-post
2458588.4752807	32.806602	1.332503	HARPS-post
2458590.4714882	32.695168	1.301187	HARPS-post
2458590.4752872	32.737422	1.29973	HARPS-post
2458591.4679887	32.102323	1.216063	HARPS-post
2458591.4718145	32.72751	1.215187	HARPS-post
2458591.4756797	32.991965	1.209536	HARPS-post
2458601.4518383	19.610543	1.286759	HARPS-post
2458601.4556328	18.336255	1.286985	HARPS-post
2458608.4644065	14.459236	1.258768	HARPS-post
2458608.4805134	13.463664	1.257489	HARPS-post
2458609.4686573	14.578783	1.304923	HARPS-post
2458609.4730011	14.142606	1.312614	HARPS-post
2458611.4532411	15.100255	1.325889	HARPS-post
2458611.4572258	17.05467	1.329146	HARPS-post
2458617.447524	11.293952	1.288211	HARPS-post
2458617.4513529	11.792688	1.288873	HARPS-post
2458618.4395343	7.828179	1.314924	HARPS-post
2458618.4434632	11.855547	1.311469	HARPS-post
2458618.4472943	12.841473	1.307978	HARPS-post
2458619.4814177	11.744131	0.768377	HARPS-post
2458620.4672974	8.093552	1.288811	HARPS-post
2458620.4741732	8.751204	1.248772	HARPS-post
2458622.4559972	6.950423	1.119156	HARPS-post
2458622.4598303	7.217096	1.117954	HARPS-post
2458623.4652451	7.518592	1.704637	HARPS-post
2458623.468907	7.969541	1.804642	HARPS-post
2458624.4611653	3.995602	1.580892	HARPS-post
2458624.4649633	5.928364	1.575663	HARPS-post
2458625.466247	10.698172	1.057248	HARPS-post
2458625.4700108	8.802398	1.098637	HARPS-post
2458626.4559776	4.624698	1.400517	HARPS-post
2458626.4598371	5.361876	1.390067	HARPS-post
2458626.464969	6.251528	1.417105	HARPS-post
2458626.4688998	3.376305	1.394392	HARPS-post
2458627.4445175	1.660454	1.231414	HARPS-post
2458636.4452791	-0.343689	1.31453	HARPS-post
2458637.4468886	3.47677	1.30717	HARPS-post
2458637.4511636	3.523057	1.311928	HARPS-post
2458709.928318	-37.09746	1.170653	HARPS-post
2458709.9321874	-37.51524	1.189513	HARPS-post
2458713.9377593	-39.948597	1.010005	HARPS-post
2458713.9416998	-40.169796	1.005773	HARPS-post
2458734.8963357	-53.045653	1.035735	HARPS-post
2458734.900163	-52.086515	1.056173	HARPS-post
2458737.9097611	-49.837691	1.368049	HARPS-post
2458737.9135569	-49.538938	1.354386	HARPS-post
2458745.9033927	-49.795188	1.475168	HARPS-post
2458745.9071524	-49.734273	1.378972	HARPS-post
2458752.8922425	-51.493304	1.205002	HARPS-post
2458752.8961057	-51.117585	1.201164	HARPS-post
2458767.8278771	-59.03733	0.927254	HARPS-post
2458767.8316763	-59.186552	0.925875	HARPS-post
2458767.8354483	-60.031276	0.914986	HARPS-post
2458780.8789162	-64.983442	1.429072	HARPS-post
2458782.879058	-64.218468	1.366924	HARPS-post
2458782.8828213	-63.05051	1.348144	HARPS-post
2458784.8775878	-65.250009	1.314506	HARPS-post
2458785.8744262	-65.693234	1.363797	HARPS-post
2458785.8781885	-65.159008	1.376854	HARPS-post
2458792.7995231	-66.835206	1.154583	HARPS-post
2458792.803318	-67.35768	1.150473	HARPS-post
2458793.7509425	-67.999631	1.294736	HARPS-post
2458793.7548049	-68.061487	1.293162	HARPS-post
2458794.7999371	-66.60859	1.297937	HARPS-post
2458794.8038018	-67.14438	1.29279	HARPS-post
2458795.7714789	-68.247763	1.330531	HARPS-post
2458795.7752774	-67.166304	1.328812	HARPS-post
2458796.7385238	-68.504829	1.30187	HARPS-post
2458796.7422855	-69.819876	1.300845	HARPS-post
2458799.7798513	-70.400938	1.383626	HARPS-post
2458799.7832944	-69.612906	1.334964	HARPS-post
2458802.8076494	-72.823384	1.281042	HARPS-post
2458802.8114403	-72.906204	1.282465	HARPS-post
2458804.735662	-71.113652	1.278114	HARPS-post
2458804.7394544	-71.512839	1.277639	HARPS-post
2458806.7167275	-71.407133	1.099217	HARPS-post
2458806.7205242	-70.903416	1.102129	HARPS-post
2458820.7283945	-71.550716	1.294658	HARPS-post
2458820.7322648	-72.637103	1.301584	HARPS-post
2458821.7311818	-71.882826	1.297494	HARPS-post
2458821.7350528	-73.117321	1.294422	HARPS-post
2458821.8144639	-71.986591	1.294069	HARPS-post
2458821.8182577	-73.217104	1.298085	HARPS-post
2458823.7454008	-72.980498	1.299178	HARPS-post
2458823.7491578	-73.098598	1.305691	HARPS-post
2458824.795022	-73.540789	1.31295	HARPS-post
2458824.7988952	-73.293249	1.326062	HARPS-post
2458830.673104	-75.598896	1.26757	HARPS-post
2458830.6770212	-75.484978	1.27056	HARPS-post
2458831.7113266	-77.731462	1.27627	HARPS-post
2458831.7153648	-76.083612	1.280088	HARPS-post
2458832.7159181	-76.043497	1.321265	HARPS-post
2458832.7196487	-76.510909	1.333122	HARPS-post
2458833.6802068	-80.862198	1.351388	HARPS-post
2458833.6839726	-81.743632	1.337157	HARPS-post
2458834.6603544	-81.502485	1.288887	HARPS-post
2458834.6642233	-80.955082	1.288466	HARPS-post
2458835.7567382	-80.075216	1.287283	HARPS-post
2458835.7605773	-79.481274	1.28206	HARPS-post
2458841.7907886	-80.932364	1.315905	HARPS-post
2458844.635801	-81.551672	1.281682	HARPS-post
2458844.6394893	-81.068866	1.283604	HARPS-post
2458847.7312046	-85.390464	1.337493	HARPS-post
2458847.7332923	-85.759653	1.335096	HARPS-post
2458847.7359783	-87.08199	1.325349	HARPS-post
2458847.7380839	-85.145513	1.324988	HARPS-post
2458856.7775527	-83.237452	1.413103	HARPS-post
2458856.7812799	-84.413232	1.439832	HARPS-post
2458856.7852149	-82.179639	1.430323	HARPS-post
2458857.65906	-83.323695	1.294697	HARPS-post
2458857.6629627	-84.379523	1.298521	HARPS-post
2458857.6668289	-83.341494	1.296236	HARPS-post
2458861.611795	-84.966559	1.289652	HARPS-post
2458861.6156282	-85.352619	1.284163	HARPS-post
2458865.5902193	-86.554564	1.288214	HARPS-post
2458865.5939487	-86.536223	1.288276	HARPS-post
2458869.5242438	-85.260137	1.260704	HARPS-post
2458869.5281049	-84.676569	1.250289	HARPS-post
2458884.5253112	-92.220761	1.328242	HARPS-post
2458884.5290363	-91.56616	1.324982	HARPS-post
2458887.543495	-90.930491	1.074573	HARPS-post
2458888.518596	-89.334223	1.106161	HARPS-post
2458888.5221804	-90.369348	1.120283	HARPS-post
2458890.5190121	-94.104856	0.661319	HARPS-post
2458890.5227713	-93.961051	0.665479	HARPS-post
2458892.5847756	-95.125808	1.285783	HARPS-post
2458892.5886106	-94.886135	1.283027	HARPS-post
2458892.5924368	-94.393252	1.279539	HARPS-post
2458898.5502469	-97.348782	1.291932	HARPS-post
2458898.5539415	-97.631844	1.295744	HARPS-post
2458901.5163527	-97.047622	1.334881	HARPS-post
2458901.5201821	-95.518556	1.319244	HARPS-post
2458903.5195082	-94.434306	1.329236	HARPS-post
2458903.5238648	-94.224368	1.314604	HARPS-post
2458910.501484	-99.039333	1.295952	HARPS-post
2458910.5052745	-99.372679	1.286091	HARPS-post
2458915.4953418	-98.446096	1.289761	HARPS-post
2458915.499216	-99.839541	1.298936	HARPS-post
2458917.5515041	-99.930587	1.315084	HARPS-post
2458918.5250532	-94.809047	1.345725	HARPS-post
2458919.528867	-95.644197	1.293192	HARPS-post
2458919.5325234	-95.556741	1.290724	HARPS-post
2458919.5363544	-96.418395	1.287535	HARPS-post
2458920.5285347	-97.052842	0.726162	HARPS-post
2458920.5324401	-97.142274	0.727517	HARPS-post
2458920.5362725	-97.422681	0.731162	HARPS-post
2458924.4878671	-95.687858	1.296981	HARPS-post
2458924.4916991	-95.165016	1.287585	HARPS-post
2458925.5067385	-94.402249	1.281053	HARPS-post
2458925.5105367	-94.476702	1.283059	HARPS-post
2458926.4891826	-96.655987	1.297861	HARPS-post
2458926.4930833	-96.464874	1.296155	HARPS-post
2458927.5282077	-99.189374	1.288205	HARPS-post
2458927.532078	-99.712166	1.294794	HARPS-post
2458928.4845187	-98.647943	1.302464	HARPS-post
2458928.4883515	-98.570813	1.303163	HARPS-post
2458929.4852284	-101.265496	1.323985	HARPS-post
2458929.4889537	-102.13243	1.329186	HARPS-post
2458930.5277656	-98.27908	1.420201	HARPS-post
2458930.5313862	-99.99696	1.445812	HARPS-post
2458931.4858451	-98.526407	0.984101	HARPS-post
2458931.4897441	-98.647433	0.967583	HARPS-post
2459170.772873	-132.674592	1.322791	HARPS-post
2459170.7765278	-133.191789	1.327178	HARPS-post
2459171.7861283	-137.638035	1.088563	HARPS-post
2459171.789927	-137.161808	1.091292	HARPS-post
2459171.8669107	-137.19168	1.096763	HARPS-post
2459171.8708405	-137.297039	1.107042	HARPS-post
2459172.683049	-138.7364	1.513268	HARPS-post
2459172.6871257	-139.169121	1.438758	HARPS-post
2459172.7795782	-138.2244	1.299827	HARPS-post
2459172.783408	-137.633938	1.301039	HARPS-post
2459173.6805422	-137.042033	1.306805	HARPS-post
2459173.6843095	-136.880449	1.309022	HARPS-post
2459173.8044073	-138.162461	1.323437	HARPS-post
2459173.8083863	-136.515487	1.309015	HARPS-post
2459174.7260517	-134.948688	1.291415	HARPS-post
2459174.7298791	-134.54525	1.290658	HARPS-post
2459174.7828999	-134.010583	1.301891	HARPS-post
2459174.7867304	-133.466457	1.300911	HARPS-post
2459175.7600844	-135.721129	1.299473	HARPS-post
2459175.763916	-134.76286	1.295484	HARPS-post
2459175.8205146	-134.961173	1.293324	HARPS-post
2459175.8243786	-135.374109	1.299101	HARPS-post
2459176.6474934	-132.988853	1.299959	HARPS-post
2459176.6513585	-133.344631	1.304941	HARPS-post
2459176.6795514	-133.570582	1.282381	HARPS-post
2459176.6833831	-131.980706	1.285333	HARPS-post
2459176.6937972	-133.338921	1.293055	HARPS-post
2459176.6977348	-133.247592	1.295434	HARPS-post
2459177.6656173	-133.722358	1.306873	HARPS-post
2459177.6694078	-133.886541	1.292008	HARPS-post
2459177.7030689	-134.687355	1.300633	HARPS-post
2459177.7065484	-134.263583	1.291639	HARPS-post
2459178.6921137	-137.35048	1.307029	HARPS-post
2459178.6959039	-137.83419	1.294777	HARPS-post
2459178.7282104	-137.833633	1.320768	HARPS-post
2459178.7321768	-137.107957	1.307265	HARPS-post
2459179.6938164	-135.956096	1.300638	HARPS-post
2459179.6975475	-137.154512	1.300095	HARPS-post
2459179.7206143	-137.453922	1.313453	HARPS-post
2459179.7243756	-137.73419	1.311655	HARPS-post
2459180.6750264	-136.721863	0.871488	HARPS-post
2459180.678855	-137.917473	0.861934	HARPS-post
2459180.7106619	-137.580651	0.861044	HARPS-post
2459180.714387	-136.974224	0.867093	HARPS-post
2459181.6882231	-134.492499	1.327229	HARPS-post
2459181.6921081	-135.945111	1.320224	HARPS-post
2459182.6760117	-139.70217	1.322964	HARPS-post
2459182.6798451	-138.720009	1.320814	HARPS-post
2459182.7138247	-139.165182	1.313249	HARPS-post
2459182.7176225	-137.779278	1.306402	HARPS-post
2459183.7321267	-137.719211	1.291052	HARPS-post
2459183.7359566	-136.740513	1.292059	HARPS-post
2459184.7374782	-138.860749	1.149065	HARPS-post
2459184.7413069	-139.114157	1.153426	HARPS-post
2459185.7111153	-136.644303	1.329242	HARPS-post
2459185.7148841	-137.395725	1.333865	HARPS-post
2450829.99245	-57.58	2.19	UCLES
2451119.2503	-87.22	4.6	UCLES
2451236.03302	-96.01	2.71	UCLES
2451411.3265	-99.6	2.83	UCLES
2451473.26715	-97.01	2.17	UCLES
2451526.07982	-108.8	2.18	UCLES
2451527.08146	-105.27	2.02	UCLES
2451530.12735	-103.61	2.22	UCLES
2451629.91242	-108.11	2.52	UCLES
2451683.84414	-114.27	2.3	UCLES
2451828.18793	-82.13	2.11	UCLES
2451919.09834	-55.03	3.32	UCLES
2451921.13777	-58.26	2.25	UCLES
2451983.91963	-23.85	2.41	UCLES
2452060.84165	121.01	2.14	UCLES
2452092.33877	195.01	2.17	UCLES
2452093.35364	195.45	2.05	UCLES
2452127.32965	269.75	2.69	UCLES
2452128.33749	270.04	1.98	UCLES
2452130.34009	272.19	3.14	UCLES
2452151.29309	291.42	2.2	UCLES
2452154.30559	280.69	5.0	UCLES
2452187.19643	267.89	1.91	UCLES
2452188.2364	268.9	1.97	UCLES
2452189.21784	264.36	2.65	UCLES
2452189.22551	262.33	2.26	UCLES
2452190.14384	265.02	2.28	UCLES
2452190.14802	259.38	3.27	UCLES
2452387.87207	82.5	1.62	UCLES
2452510.30817	24.95	2.11	UCLES
2452592.12243	1.31	2.27	UCLES
2452592.12802	1.78	2.28	UCLES
2452599.15426	1.89	5.8	UCLES
2452654.09804	-0.36	2.26	UCLES
2452708.98474	-12.62	11.37	UCLES
2452751.91914	-28.5	2.06	UCLES
2452944.22074	-67.85	3.61	UCLES
2452944.22377	-57.26	3.28	UCLES
2452944.22679	-55.15	3.34	UCLES
2453004.07409	-51.0	1.93	UCLES
2453042.07774	-57.72	2.06	UCLES
2453043.0171	-60.78	2.23	UCLES
2453047.04919	-57.23	2.16	UCLES
2453048.09532	-65.56	2.53	UCLES
2453048.09952	-61.58	2.38	UCLES
2453245.31233	-87.08	2.5	UCLES
2453402.01896	-82.0	3.9	UCLES
2453402.02315	-66.43	9.53	UCLES
2453402.02733	-76.94	2.06	UCLES
2453402.03152	-77.04	2.13	UCLES
2453402.03572	-75.75	2.17	UCLES
2453402.0399	-79.57	2.06	UCLES
2453402.04408	-85.09	2.24	UCLES
2453669.23716	-104.52	2.07	UCLES
2453669.24144	-100.45	1.75	UCLES
2453669.24571	-103.8	1.95	UCLES
2453669.24996	-102.05	2.05	UCLES
2454012.24138	-44.66	1.97	UCLES
2454012.24676	-52.18	1.92	UCLES
2454012.25217	-50.83	1.82	UCLES
2454012.25756	-49.28	1.89	UCLES
2454039.16212	-39.14	2.46	UCLES
2454039.16634	-42.97	2.17	UCLES
2454039.17056	-34.18	2.12	UCLES
2454039.17477	-49.05	2.3	UCLES
2454224.85141	282.89	1.8	UCLES
2454224.85494	281.44	1.78	UCLES
2454224.85846	282.09	1.84	UCLES
2454336.31395	192.6	2.57	UCLES
2454336.31815	185.33	2.61	UCLES
2454337.29062	191.62	2.11	UCLES
2454337.29651	195.5	2.36	UCLES
2454372.2635	157.91	3.19	UCLES
2454372.27118	144.69	2.95	UCLES
2454372.27888	149.92	3.43	UCLES
2454425.21798	115.12	2.7	UCLES
2454425.22205	109.15	2.58	UCLES
2454425.22633	110.18	2.83	UCLES
2454425.23047	118.23	2.81	UCLES
2454545.93805	45.14	1.66	UCLES
2454545.94312	43.43	1.89	UCLES
2454545.94843	50.61	1.89	UCLES
2454841.04724	-21.81	3.46	UCLES
2454841.05359	-23.77	3.41	UCLES
2454841.06044	-31.87	3.76	UCLES
2454841.06704	-17.64	3.68	UCLES
2454841.07342	-18.02	4.15	UCLES
2454841.07997	-27.56	3.36	UCLES
2454901.93904	-38.13	2.73	UCLES
2454901.94392	-38.29	3.06	UCLES
2454905.98665	-37.42	2.75	UCLES
2454905.99192	-45.91	2.97	UCLES
2454905.9973	-37.09	2.65	UCLES
2454906.96904	-36.67	2.23	UCLES
2454906.97432	-39.68	2.21	UCLES
2454906.97971	-41.46	2.2	UCLES
2455106.23421	-60.84	3.19	UCLES
2455106.24022	-60.46	3.56	UCLES
2455106.24594	-65.39	3.53	UCLES
2455170.221	-72.44	3.77	UCLES
2455170.22522	-69.34	4.83	UCLES
2455170.22945	-82.42	4.67	UCLES
2455170.23398	-70.32	4.72	UCLES
2455170.23896	-62.7	2.64	UCLES
2455170.24318	-53.66	2.96	UCLES
2455170.24741	-58.61	3.25	UCLES
2455202.04944	-62.17	3.11	UCLES
2455202.05418	-57.31	3.32	UCLES
2455202.06004	-58.94	3.64	UCLES
2455252.96313	-79.85	2.28	UCLES
2455252.96918	-76.94	2.33	UCLES
2455252.97513	-74.12	2.23	UCLES
2455521.1919	-97.2	2.98	UCLES
2455521.19944	-98.64	2.71	UCLES
2455521.20757	-104.37	2.6	UCLES
2455585.98174	-86.3	2.7	UCLES
2455585.99678	-95.62	4.06	UCLES
2455586.00774	-92.53	2.6	UCLES
2455664.85403	-103.6	2.82	UCLES
2455664.85792	-97.44	2.52	UCLES
2455664.86215	-98.46	2.39	UCLES
2455846.24794	-105.54	2.75	UCLES
2455846.25144	-97.18	2.59	UCLES
2455846.25502	-106.4	2.55	UCLES
2455898.10075	-102.97	2.25	UCLES
2455898.10842	-101.02	2.24	UCLES
2455898.11608	-102.35	2.19	UCLES
2455899.13264	-105.54	2.13	UCLES
2455899.14036	-102.07	2.07	UCLES
2455961.99671	-89.63	2.71	UCLES
2455962.00061	-98.36	2.55	UCLES
2455962.00483	-87.19	2.47	UCLES
2455962.00907	-89.38	2.47	UCLES
2455964.98886	-109.31	3.3	UCLES
2455965.04282	-93.01	2.78	UCLES
2455965.04925	-88.38	2.43	UCLES
2455965.05577	-85.74	2.69	UCLES
2455966.9771	-93.63	3.23	UCLES
2455966.9812	-87.92	3.15	UCLES
2456382.90143	239.14	2.48	UCLES
2456382.9077	241.1	2.59	UCLES
2456382.91436	244.17	2.53	UCLES
2456558.257	89.1	2.32	UCLES
2456558.2636	90.41	2.11	UCLES
2456558.27008	91.42	2.47	UCLES
2456708.95511	20.95	3.12	UCLES
2456708.96157	23.49	3.8	UCLES
2456708.96811	13.5	3.12	UCLES
2456769.85882	-9.41	4.2	UCLES
2456769.8676	0.7	4.0	UCLES
2456769.87476	8.36	3.22	UCLES
2456770.88117	13.67	3.5	UCLES
2456770.88715	32.99	3.43	UCLES
2456770.89311	16.22	3.5	UCLES
2456938.23612	-32.56	5.2	UCLES
2456938.2415	-33.89	4.52	UCLES
2456938.2469	-15.86	4.39	UCLES
2456969.16191	-35.15	2.76	UCLES
2456969.16892	-34.16	3.15	UCLES
2456969.17539	-38.36	2.89	UCLES
2457054.97067	-41.43	2.53	UCLES
2457054.97665	-33.57	3.07	UCLES
2457094.95702	-38.71	2.84	UCLES
2457094.96484	-54.96	2.67	UCLES
2457094.97224	-47.54	2.92	UCLES
2457349.21512	-76.39	3.1	UCLES
2457349.21813	-74.8	3.31	UCLES
2457349.22115	-87.74	3.79	UCLES
2458406.77039	50.78	1.0	PFS-post
2458406.77205	50.29	0.99	PFS-post
2458406.77371	51.1	0.94	PFS-post
2458406.77537	51.47	0.97	PFS-post
2458406.77699	52.89	0.93	PFS-post
2458406.86385	50.95	0.98	PFS-post
2458406.86549	51.32	1.03	PFS-post
2458406.86715	51.89	0.97	PFS-post
2458406.86882	51.18	1.01	PFS-post
2458406.87046	52.27	0.96	PFS-post
2458407.78438	50.37	0.95	PFS-post
2458407.78604	52.38	0.92	PFS-post
2458407.78767	51.55	0.91	PFS-post
2458407.78935	51.05	0.96	PFS-post
2458407.79099	51.92	0.97	PFS-post
2458407.8621	51.8	1.0	PFS-post
2458407.86382	53.3	0.97	PFS-post
2458407.86546	51.35	0.99	PFS-post
2458407.86713	51.18	1.03	PFS-post
2458407.86876	51.63	1.01	PFS-post
2458408.7822	52.82	1.01	PFS-post
2458408.78382	50.63	0.99	PFS-post
2458408.7855	54.43	0.95	PFS-post
2458408.78716	51.4	1.01	PFS-post
2458408.78881	52.43	0.93	PFS-post
2458408.86166	52.87	1.0	PFS-post
2458408.86331	55.2	0.99	PFS-post
2458408.86497	49.36	0.95	PFS-post
2458408.86663	54.25	1.0	PFS-post
2458408.8683	52.3	1.0	PFS-post
2458409.7781	54.97	0.99	PFS-post
2458409.77972	53.53	1.0	PFS-post
2458409.7814	54.73	1.07	PFS-post
2458409.78306	52.32	1.05	PFS-post
2458409.7847	53.89	1.0	PFS-post
2458409.85555	50.86	0.97	PFS-post
2458409.85719	54.04	0.97	PFS-post
2458409.85884	52.98	0.97	PFS-post
2458409.86047	52.56	0.96	PFS-post
2458409.86213	54.54	1.03	PFS-post
2458410.77659	53.82	1.05	PFS-post
2458410.77825	53.87	1.07	PFS-post
2458410.77987	51.79	1.01	PFS-post
2458410.78153	51.2	1.04	PFS-post
2458410.78318	54.3	1.06	PFS-post
2458410.86014	53.89	1.0	PFS-post
2458410.86178	54.18	1.02	PFS-post
2458410.86345	55.41	1.05	PFS-post
2458410.86511	53.86	1.03	PFS-post
2458410.86676	53.56	1.01	PFS-post
2458411.78129	58.73	1.23	PFS-post
2458411.78301	57.56	1.08	PFS-post
2458411.78465	54.99	0.93	PFS-post
2458411.78632	54.95	1.06	PFS-post
2458411.78791	55.77	1.01	PFS-post
2458411.88007	57.11	0.9	PFS-post
2458411.88173	54.91	0.98	PFS-post
2458411.88341	55.04	0.92	PFS-post
2458411.88506	57.22	0.95	PFS-post
2458411.88676	56.27	0.94	PFS-post
2458412.78519	56.56	0.96	PFS-post
2458412.78685	56.74	0.94	PFS-post
2458412.78847	57.96	0.91	PFS-post
2458412.79018	55.0	0.9	PFS-post
2458412.79182	59.16	0.95	PFS-post
2458412.8727	56.92	1.0	PFS-post
2458412.87436	54.72	0.91	PFS-post
2458412.87602	59.25	0.99	PFS-post
2458412.87767	53.97	0.92	PFS-post
2458412.87934	54.67	0.98	PFS-post
2458413.77314	55.49	0.88	PFS-post
2458413.77482	54.51	0.91	PFS-post
2458413.77647	57.13	0.9	PFS-post
2458413.77813	56.0	0.9	PFS-post
2458413.77976	57.73	0.88	PFS-post
2458413.87138	52.61	0.97	PFS-post
2458413.87303	56.42	0.97	PFS-post
2458413.8747	55.07	0.94	PFS-post
2458413.87633	54.69	0.92	PFS-post
2458413.87802	57.94	0.92	PFS-post
2458414.78402	55.01	0.93	PFS-post
2458414.78568	56.34	0.99	PFS-post
2458414.7873	55.73	0.99	PFS-post
2458414.78898	52.77	1.0	PFS-post
2458414.79064	59.33	0.99	PFS-post
2458414.87381	52.72	0.92	PFS-post
2458414.87548	54.63	0.98	PFS-post
2458414.87714	56.03	0.91	PFS-post
2458414.87876	53.03	0.95	PFS-post
2458414.88044	55.7	1.03	PFS-post
2458415.78101	56.62	1.03	PFS-post
2458415.78266	56.45	1.0	PFS-post
2458415.78431	58.34	0.96	PFS-post
2458415.78593	56.36	0.98	PFS-post
2458415.78759	54.61	1.02	PFS-post
2458415.87152	56.5	1.01	PFS-post
2458415.87316	56.02	1.01	PFS-post
2458415.87483	57.26	1.14	PFS-post
2458415.87646	55.44	1.04	PFS-post
2458415.87813	55.29	0.97	PFS-post
2458416.78231	57.74	1.02	PFS-post
2458416.78399	58.64	0.95	PFS-post
2458416.78563	61.42	0.96	PFS-post
2458416.79223	58.34	0.91	PFS-post
2458416.79399	60.07	0.95	PFS-post
2458416.86791	61.43	0.92	PFS-post
2458416.86956	58.42	0.88	PFS-post
2458416.87121	60.02	0.96	PFS-post
2458416.87285	60.72	0.96	PFS-post
2458416.87451	61.39	0.91	PFS-post
2458417.77265	60.92	1.02	PFS-post
2458417.77434	59.15	0.94	PFS-post
2458417.77597	59.68	0.94	PFS-post
2458417.77764	62.08	0.99	PFS-post
2458417.77932	62.02	1.02	PFS-post
2458418.78975	58.4	0.85	PFS-post
2458418.79139	55.59	0.88	PFS-post
2458418.79306	60.4	0.89	PFS-post
2458418.79469	53.0	0.98	PFS-post
2458418.79637	59.42	0.95	PFS-post
2458418.8709	56.65	0.89	PFS-post
2458418.87257	57.5	0.94	PFS-post
2458418.87422	54.93	0.93	PFS-post
2458418.87587	60.54	0.89	PFS-post
2458418.87752	57.54	0.86	PFS-post
2458467.75956	21.1	1.1	PFS-post
2458467.76119	15.65	1.08	PFS-post
2458467.76287	20.01	1.06	PFS-post
2458467.76452	18.93	1.12	PFS-post
2458467.76618	18.72	1.03	PFS-post
2458467.81692	19.34	1.02	PFS-post
2458467.81855	16.33	1.12	PFS-post
2458467.82022	19.55	1.08	PFS-post
2458467.82188	18.4	1.06	PFS-post
2458467.82353	19.51	1.02	PFS-post
2458468.78275	19.53	1.06	PFS-post
2458468.7844	17.67	1.04	PFS-post
2458468.78605	19.41	1.0	PFS-post
2458468.78774	18.56	1.06	PFS-post
2458468.78939	17.65	1.04	PFS-post
2458468.82576	18.4	1.07	PFS-post
2458468.82744	18.07	1.03	PFS-post
2458468.8291	16.55	1.03	PFS-post
2458468.83075	17.88	1.1	PFS-post
2458468.8324	19.22	1.02	PFS-post
2458469.64809	14.03	1.11	PFS-post
2458469.64976	12.63	1.08	PFS-post
2458469.65139	14.02	1.06	PFS-post
2458469.65308	14.53	1.1	PFS-post
2458469.65467	14.77	1.16	PFS-post
2458469.76934	13.48	1.08	PFS-post
2458469.771	13.68	1.12	PFS-post
2458469.77265	17.04	1.14	PFS-post
2458469.77432	15.34	1.06	PFS-post
2458469.77596	14.88	1.1	PFS-post
2458471.77	11.14	1.05	PFS-post
2458471.77163	12.72	1.06	PFS-post
2458471.77329	13.7	1.1	PFS-post
2458471.77494	14.96	1.12	PFS-post
2458471.77659	14.21	1.13	PFS-post
2458471.85053	13.94	1.14	PFS-post
2458471.85215	12.16	1.17	PFS-post
2458471.85383	12.34	1.1	PFS-post
2458471.85549	9.9	1.21	PFS-post
2458471.85715	11.49	1.11	PFS-post
2458473.77391	9.15	1.04	PFS-post
2458473.77555	11.1	1.01	PFS-post
2458473.77722	11.42	0.98	PFS-post
2458473.77884	8.67	1.04	PFS-post
2458473.78051	8.68	1.01	PFS-post
2458473.84203	9.94	1.09	PFS-post
2458473.84371	9.16	1.08	PFS-post
2458473.84537	11.88	1.09	PFS-post
2458473.84702	9.03	1.09	PFS-post
2458473.84864	13.23	1.11	PFS-post
2458474.71976	9.77	0.99	PFS-post
2458474.72142	7.19	1.01	PFS-post
2458474.72306	11.14	1.04	PFS-post
2458474.72475	9.91	1.01	PFS-post
2458474.72635	8.9	1.03	PFS-post
2458474.82911	6.15	1.08	PFS-post
2458474.83074	10.93	1.03	PFS-post
2458474.83241	9.53	1.06	PFS-post
2458474.83409	11.37	1.05	PFS-post
2458474.83575	8.91	1.04	PFS-post
2458475.72282	5.23	1.05	PFS-post
2458475.7245	6.9	1.04	PFS-post
2458475.72616	7.79	1.06	PFS-post
2458475.72782	5.81	1.03	PFS-post
2458475.72948	5.76	1.03	PFS-post
2458475.82142	4.74	1.04	PFS-post
2458475.82307	6.99	1.04	PFS-post
2458475.82471	2.54	1.07	PFS-post
2458475.82638	8.33	1.06	PFS-post
2458475.82802	4.02	1.09	PFS-post
2458476.76888	6.6	1.03	PFS-post
2458476.77053	6.13	1.04	PFS-post
2458476.77221	5.38	1.04	PFS-post
2458476.77388	5.11	1.0	PFS-post
2458476.77551	5.28	0.95	PFS-post
2458476.85195	2.39	1.06	PFS-post
2458476.85361	6.63	1.07	PFS-post
2458476.85528	1.67	1.02	PFS-post
2458476.8569	4.58	1.04	PFS-post
2458476.85856	4.88	1.0	PFS-post
2458479.70656	1.59	1.02	PFS-post
2458479.70819	0.73	0.98	PFS-post
2458479.70984	5.03	1.04	PFS-post
2458479.71151	-1.52	1.06	PFS-post
2458479.71316	5.55	1.04	PFS-post
2458480.65516	-2.52	1.08	PFS-post
2458480.65768	-0.19	1.09	PFS-post
2458480.66032	0.78	1.05	PFS-post
2458480.78386	0.49	1.03	PFS-post
2458480.78551	-1.34	0.98	PFS-post
2458480.78714	-1.04	1.08	PFS-post
2458480.78883	-3.26	0.99	PFS-post
2458480.79046	0.15	1.02	PFS-post
2458501.63967	-26.08	1.03	PFS-post
2458501.64135	-32.69	0.98	PFS-post
2458501.64299	-29.27	1.06	PFS-post
2458501.64463	-27.27	1.02	PFS-post
2458501.6463	-29.05	0.95	PFS-post
2458502.55138	-32.88	0.92	PFS-post
2458502.55303	-34.01	0.96	PFS-post
2458502.55469	-31.99	0.95	PFS-post
2458502.55637	-32.81	0.94	PFS-post
2458502.558	-32.04	0.98	PFS-post
2458502.65048	-32.51	1.02	PFS-post
2458502.6521	-33.44	0.91	PFS-post
2458502.65374	-32.36	0.99	PFS-post
2458502.6554	-33.96	0.89	PFS-post
2458502.65707	-34.09	0.97	PFS-post
2458504.65231	-32.72	1.0	PFS-post
2458504.65395	-31.45	0.91	PFS-post
2458504.65562	-32.71	0.98	PFS-post
2458504.65728	-32.26	0.93	PFS-post
2458504.65895	-32.91	0.94	PFS-post
2458504.71336	-31.43	0.95	PFS-post
2458504.715	-31.91	0.95	PFS-post
2458504.71667	-32.26	1.0	PFS-post
2458504.71835	-29.98	0.98	PFS-post
2458504.72	-31.13	0.99	PFS-post
2458505.59337	-33.27	1.03	PFS-post
2458505.59499	-34.44	1.01	PFS-post
2458505.59662	-30.35	1.03	PFS-post
2458505.59835	-34.81	1.01	PFS-post
2458505.59994	-28.33	1.06	PFS-post
2458505.67466	-31.85	1.04	PFS-post
2458505.67629	-34.1	1.07	PFS-post
2458505.67793	-31.01	1.04	PFS-post
2458505.67961	-34.28	0.99	PFS-post
2458505.68125	-31.6	1.01	PFS-post
2458510.57988	-36.56	1.12	PFS-post
2458510.58196	-39.38	1.14	PFS-post
2458510.58404	-37.63	1.13	PFS-post
2458510.58623	-35.68	1.17	PFS-post
2458510.67117	-36.83	1.05	PFS-post
2458510.67283	-37.49	1.01	PFS-post
2458510.67452	-37.28	1.08	PFS-post
2458510.67614	-37.69	1.08	PFS-post
2458510.6778	-38.2	1.07	PFS-post
2458527.57733	-60.33	1.33	PFS-post
2458527.57898	-58.64	1.26	PFS-post
2458527.58062	-58.96	1.25	PFS-post
2458527.58225	-59.97	1.18	PFS-post
2458527.58395	-55.89	1.18	PFS-post
2458527.67609	-61.47	1.27	PFS-post
2458527.67775	-57.81	1.21	PFS-post
2458527.67941	-59.63	1.24	PFS-post
2458527.68107	-56.29	1.18	PFS-post
2458527.68269	-60.05	1.14	PFS-post
2458528.57204	-58.49	1.15	PFS-post
2458528.57369	-58.63	1.16	PFS-post
2458528.57536	-56.79	1.19	PFS-post
2458528.57702	-57.94	1.15	PFS-post
2458528.5787	-57.88	1.13	PFS-post
2458528.63693	-55.22	1.14	PFS-post
2458528.63856	-57.38	1.08	PFS-post
2458528.64024	-59.49	1.19	PFS-post
2458528.64188	-58.68	1.18	PFS-post
2458528.64353	-58.51	1.07	PFS-post
2458529.56694	-59.02	1.05	PFS-post
2458529.56859	-54.66	1.09	PFS-post
2458529.57024	-60.08	1.1	PFS-post
2458529.57188	-54.59	1.15	PFS-post
2458529.57355	-59.54	1.08	PFS-post
2458531.54802	-62.34	1.12	PFS-post
2458531.54967	-59.87	1.04	PFS-post
2458531.55132	-60.42	1.05	PFS-post
2458531.55299	-59.0	1.06	PFS-post
2458531.55464	-57.48	1.1	PFS-post
2458591.49261	-110.08	1.02	PFS-post
2458591.49428	-112.69	1.11	PFS-post
2458591.49594	-110.94	1.11	PFS-post
2458591.49759	-110.52	1.14	PFS-post
2458591.49924	-110.63	1.09	PFS-post
2458595.47083	-114.87	1.13	PFS-post
2458595.47249	-116.3	1.2	PFS-post
2458595.47417	-116.53	1.27	PFS-post
2458595.4758	-116.37	1.19	PFS-post
2458595.47748	-112.69	1.18	PFS-post
2458883.55412	-235.58	1.04	PFS-post
2458883.55624	-237.47	1.01	PFS-post
2458883.55789	-236.19	1.02	PFS-post
2458883.55955	-235.9	1.03	PFS-post
2458883.5612	-235.04	1.03	PFS-post
2458884.51944	-232.14	1.2	PFS-post
2458884.52115	-237.95	1.15	PFS-post
2458884.52277	-234.98	1.1	PFS-post
2458884.52444	-236.22	1.09	PFS-post
2458884.52609	-236.69	1.09	PFS-post
2458885.52053	-233.93	1.37	PFS-post
2458885.52221	-234.81	1.26	PFS-post
2458885.52387	-232.36	1.2	PFS-post
2458885.52549	-234.78	1.31	PFS-post
2458885.52718	-231.76	1.29	PFS-post
2458367.869454	10874.79	0.26	ESPRESSO
2458367.871444	10876.16	0.24	ESPRESSO
2458367.873341	10875.78	0.25	ESPRESSO
2458367.875278	10875.1	0.22	ESPRESSO
2458367.877241	10876.17	0.23	ESPRESSO
2458367.87922	10876.25	0.26	ESPRESSO
2458368.885294	10877.38	0.24	ESPRESSO
2458368.887256	10879.03	0.22	ESPRESSO
2458368.889181	10878.32	0.21	ESPRESSO
2458368.891134	10877.81	0.21	ESPRESSO
2458368.893124	10877.18	0.2	ESPRESSO
2458368.89504	10878.6	0.2	ESPRESSO
2458369.868415	10876.85	0.2	ESPRESSO
2458369.87037	10878.46	0.21	ESPRESSO
2458369.872305	10877.77	0.21	ESPRESSO
2458369.874255	10877.0	0.2	ESPRESSO
2458369.876177	10878.38	0.19	ESPRESSO
2458369.878117	10876.8	0.2	ESPRESSO
2458369.880032	10878.82	0.2	ESPRESSO
2458369.881926	10877.13	0.2	ESPRESSO
2458369.883863	10879.3	0.2	ESPRESSO
2458369.885842	10877.04	0.2	ESPRESSO
2458369.887783	10879.12	0.21	ESPRESSO
2458369.889755	10877.26	0.19	ESPRESSO
2458369.891725	10878.45	0.2	ESPRESSO
2458369.893648	10878.03	0.2	ESPRESSO
2458369.895644	10877.92	0.2	ESPRESSO
2458370.885793	10877.67	0.31	ESPRESSO
2458370.887726	10880.81	0.3	ESPRESSO
2458370.889674	10878.71	0.31	ESPRESSO
2458370.891574	10879.0	0.31	ESPRESSO
2458370.89351	10879.26	0.29	ESPRESSO
2458370.895411	10878.84	0.28	ESPRESSO
2458370.897441	10878.81	0.3	ESPRESSO
2458370.899351	10878.44	0.3	ESPRESSO
2458371.876552	10883.15	0.43	ESPRESSO
2458371.878567	10884.87	0.36	ESPRESSO
2458371.880488	10884.88	0.37	ESPRESSO
2458371.88238	10883.68	0.36	ESPRESSO
2458371.884336	10884.82	0.36	ESPRESSO
2458371.886275	10884.5	0.37	ESPRESSO
2458371.888247	10884.26	0.35	ESPRESSO
2458371.890168	10884.33	0.44	ESPRESSO
2458371.892075	10884.72	0.44	ESPRESSO
2458371.894148	10884.25	0.49	ESPRESSO
2458371.895988	10884.34	0.41	ESPRESSO
2458371.897941	10885.43	0.41	ESPRESSO
2458372.878873	10887.83	0.29	ESPRESSO
2458372.880747	10887.36	0.3	ESPRESSO
2458372.882634	10885.91	0.3	ESPRESSO
2458372.884621	10887.22	0.35	ESPRESSO
2458372.886662	10887.87	0.33	ESPRESSO
2458372.888549	10886.43	0.29	ESPRESSO
2458372.890511	10887.23	0.27	ESPRESSO
2458372.89241	10887.31	0.24	ESPRESSO
2458372.894359	10886.69	0.25	ESPRESSO
2458372.89628	10887.4	0.27	ESPRESSO
2458373.890932	10889.09	0.24	ESPRESSO
2458373.892893	10888.95	0.23	ESPRESSO
2458373.894835	10888.63	0.23	ESPRESSO
2458373.896761	10888.65	0.22	ESPRESSO
2458373.898702	10888.73	0.23	ESPRESSO
2458373.900687	10889.26	0.22	ESPRESSO
2458374.87145	10891.49	0.32	ESPRESSO
2458374.873361	10891.59	0.27	ESPRESSO
2458374.875264	10890.63	0.26	ESPRESSO
2458374.883539	10890.94	0.25	ESPRESSO
2458374.885487	10891.75	0.25	ESPRESSO
2458374.88745	10890.44	0.25	ESPRESSO
2458374.889488	10892.02	0.23	ESPRESSO
2458374.891436	10891.41	0.23	ESPRESSO
2458421.784689	10943.85	0.19	ESPRESSO
2458421.78665	10943.75	0.2	ESPRESSO
2458421.7886	10942.88	0.2	ESPRESSO
2458421.790528	10944.42	0.21	ESPRESSO
2458421.79251	10942.83	0.2	ESPRESSO
2458421.794467	10944.14	0.19	ESPRESSO
2458422.84864	10945.82	0.23	ESPRESSO
2458422.85058	10944.44	0.23	ESPRESSO
2458422.852534	10945.73	0.22	ESPRESSO
2458422.854464	10944.62	0.22	ESPRESSO
2458422.856356	10945.64	0.23	ESPRESSO
2458422.858326	10944.76	0.24	ESPRESSO
2458424.813795	10945.9	0.19	ESPRESSO
2458424.815708	10943.63	0.2	ESPRESSO
2458424.817657	10947.35	0.21	ESPRESSO
2458424.819617	10944.91	0.2	ESPRESSO
2458424.821571	10944.39	0.19	ESPRESSO
2458424.823501	10946.12	0.19	ESPRESSO
2458426.777649	10943.71	0.3	ESPRESSO
2458426.779718	10943.46	0.36	ESPRESSO
2458426.781666	10942.78	0.29	ESPRESSO
2458426.783602	10944.26	0.26	ESPRESSO
2458426.785543	10942.41	0.24	ESPRESSO
2458426.787526	10943.33	0.24	ESPRESSO
2458432.627967	10938.56	0.25	ESPRESSO
2458432.629877	10939.34	0.24	ESPRESSO
2458432.631839	10939.23	0.26	ESPRESSO
2458432.633696	10939.67	0.26	ESPRESSO
2458432.635683	10940.66	0.27	ESPRESSO
2458432.637589	10938.68	0.3	ESPRESSO
2458436.756332	10941.26	0.35	ESPRESSO
2458436.75844	10941.8	0.38	ESPRESSO
2458436.760186	10940.98	0.33	ESPRESSO
2458436.762168	10941.53	0.27	ESPRESSO
2458436.76415	10939.78	0.29	ESPRESSO
2458436.766006	10941.61	0.31	ESPRESSO
2458439.678841	10933.94	0.31	ESPRESSO
2458439.680831	10933.18	0.29	ESPRESSO
2458444.813039	10929.18	0.26	ESPRESSO
2458444.815013	10930.75	0.29	ESPRESSO
2458444.816892	10929.16	0.3	ESPRESSO
2458444.818835	10932.52	0.31	ESPRESSO
2458444.820721	10927.61	0.32	ESPRESSO
2458444.822637	10931.24	0.3	ESPRESSO
2458444.830071	10930.36	0.35	ESPRESSO
2458459.637836	10913.52	0.37	ESPRESSO
2458459.639842	10914.1	0.34	ESPRESSO
2458459.641863	10914.53	0.4	ESPRESSO
2458459.643734	10914.72	0.35	ESPRESSO
2458459.645708	10912.17	0.33	ESPRESSO
2458459.647579	10915.48	0.39	ESPRESSO
2458463.774276	10908.73	0.28	ESPRESSO
2458463.77619	10908.69	0.24	ESPRESSO
2458463.77816	10909.12	0.24	ESPRESSO
2458463.780114	10908.54	0.23	ESPRESSO
2458463.782047	10908.85	0.24	ESPRESSO
2458463.784016	10907.72	0.24	ESPRESSO
2458466.665784	10906.6	0.24	ESPRESSO
2458466.667701	10904.63	0.24	ESPRESSO
2458466.669642	10906.31	0.24	ESPRESSO
2458466.671648	10905.57	0.24	ESPRESSO
2458466.673617	10906.15	0.25	ESPRESSO
2458466.675552	10905.15	0.22	ESPRESSO
2458470.705487	10899.89	0.26	ESPRESSO
2458470.707414	10901.53	0.27	ESPRESSO
2458470.7094	10898.77	0.26	ESPRESSO
2458470.711348	10901.92	0.27	ESPRESSO
2458470.713194	10900.39	0.3	ESPRESSO
2458470.715185	10900.72	0.27	ESPRESSO
2458488.562461	10878.06	0.24	ESPRESSO
2458488.56442	10876.57	0.24	ESPRESSO
2458488.566414	10878.55	0.24	ESPRESSO
2458488.568306	10875.91	0.25	ESPRESSO
2458488.570217	10877.84	0.24	ESPRESSO
2458488.57217	10878.04	0.25	ESPRESSO
2458488.739076	10876.19	0.69	ESPRESSO
2458488.741026	10880.48	0.79	ESPRESSO
2458488.742967	10881.39	0.62	ESPRESSO
2458488.744922	10879.49	0.6	ESPRESSO
2458488.746951	10876.72	0.79	ESPRESSO
2458488.748971	10882.22	0.87	ESPRESSO
2458489.767025	10875.17	0.42	ESPRESSO
2458489.768842	10876.05	0.41	ESPRESSO
2458489.770853	10876.68	0.43	ESPRESSO
2458489.772787	10875.96	0.43	ESPRESSO
2458489.774704	10877.84	0.39	ESPRESSO
2458489.776693	10876.27	0.51	ESPRESSO
2458493.648582	10871.02	0.23	ESPRESSO
2458493.650535	10872.0	0.22	ESPRESSO
2458493.652492	10871.46	0.22	ESPRESSO
2458493.654368	10871.27	0.22	ESPRESSO
2458493.656362	10871.68	0.23	ESPRESSO
2458493.658271	10871.11	0.26	ESPRESSO
2458512.58724	10849.34	0.36	ESPRESSO
2458512.589153	10851.32	0.38	ESPRESSO
2458512.591067	10849.7	0.38	ESPRESSO
2458512.593033	10850.48	0.35	ESPRESSO
2458512.59502	10849.54	0.35	ESPRESSO
2458512.596954	10850.4	0.36	ESPRESSO
2458532.632324	10824.84	0.27	ESPRESSO
2458532.634431	10828.29	0.28	ESPRESSO
2458532.636445	10824.93	0.27	ESPRESSO
2458532.638473	10826.39	0.26	ESPRESSO
2458532.640517	10824.77	0.28	ESPRESSO
2458532.642566	10826.39	0.28	ESPRESSO
2458533.545167	10827.45	0.27	ESPRESSO
2458533.547193	10825.56	0.27	ESPRESSO
2458533.549307	10826.78	0.27	ESPRESSO
2458533.551414	10825.94	0.3	ESPRESSO
2458533.553505	10828.11	0.29	ESPRESSO
2458533.555526	10825.37	0.28	ESPRESSO
2458533.599947	10825.26	0.31	ESPRESSO
2458533.601973	10826.92	0.32	ESPRESSO
2458533.604057	10824.6	0.31	ESPRESSO
2458533.606092	10825.89	0.29	ESPRESSO
2458533.608102	10825.12	0.29	ESPRESSO
2458533.610172	10825.44	0.29	ESPRESSO
2458536.519125	10824.29	0.24	ESPRESSO
2458536.521077	10823.94	0.23	ESPRESSO
2458536.52298	10825.07	0.23	ESPRESSO
2458536.524962	10823.53	0.23	ESPRESSO
2458536.526907	10826.27	0.24	ESPRESSO
2458536.52885	10822.5	0.25	ESPRESSO
2458536.595111	10823.82	0.21	ESPRESSO
2458536.597025	10823.15	0.22	ESPRESSO
2458536.59894	10824.73	0.21	ESPRESSO
2458536.600915	10824.44	0.2	ESPRESSO
2458536.602863	10822.29	0.21	ESPRESSO
2458536.604778	10825.63	0.2	ESPRESSO
2458538.608846	10822.13	0.85	ESPRESSO
2458538.610831	10822.28	0.49	ESPRESSO
2458538.612797	10820.72	0.49	ESPRESSO
2458538.614742	10821.31	0.44	ESPRESSO
2458538.616659	10820.58	0.39	ESPRESSO
2458538.618575	10821.95	0.4	ESPRESSO
2458539.55071	10822.73	0.28	ESPRESSO
2458539.55271	10820.88	0.25	ESPRESSO
2458539.554685	10822.17	0.25	ESPRESSO
2458539.556608	10821.75	0.26	ESPRESSO
2458539.55856	10820.15	0.26	ESPRESSO
2458539.560532	10821.93	0.24	ESPRESSO
2458541.524454	10818.26	0.25	ESPRESSO
2458541.526379	10817.38	0.25	ESPRESSO
2458541.52833	10817.9	0.33	ESPRESSO
2458541.530327	10817.73	0.29	ESPRESSO
2458541.532233	10817.34	0.31	ESPRESSO
2458541.534263	10819.32	0.3	ESPRESSO
2458541.624152	10816.78	0.23	ESPRESSO
2458541.626115	10817.39	0.23	ESPRESSO
2458541.628033	10817.87	0.25	ESPRESSO
2458541.629951	10817.23	0.26	ESPRESSO
2458541.631974	10818.56	0.27	ESPRESSO
2458541.633949	10816.93	0.25	ESPRESSO
2458542.51939	10820.26	0.32	ESPRESSO
2458542.521348	10819.49	0.31	ESPRESSO
2458542.523281	10819.91	0.32	ESPRESSO
2458542.525285	10818.48	0.31	ESPRESSO
2458542.527282	10821.58	0.29	ESPRESSO
2458542.529179	10818.65	0.27	ESPRESSO
2458543.512909	10818.59	0.36	ESPRESSO
2458543.514871	10817.44	0.34	ESPRESSO
2458543.516892	10818.4	0.38	ESPRESSO
2458543.518801	10817.52	0.36	ESPRESSO
2458543.520739	10819.11	0.32	ESPRESSO
2458543.522661	10817.54	0.39	ESPRESSO
2458543.615759	10817.33	0.25	ESPRESSO
2458543.617755	10817.06	0.25	ESPRESSO
2458543.619707	10816.45	0.28	ESPRESSO
2458543.621736	10817.42	0.28	ESPRESSO
2458543.623643	10817.11	0.28	ESPRESSO
2458543.625609	10817.95	0.32	ESPRESSO
2458544.552276	10817.05	0.4	ESPRESSO
2458544.554302	10817.34	0.4	ESPRESSO
2458544.55629	10816.34	0.34	ESPRESSO
2458544.558243	10818.5	0.36	ESPRESSO
2458544.560306	10815.41	0.31	ESPRESSO
2458544.562073	10818.41	0.54	ESPRESSO
2458555.490876	10808.24	0.24	ESPRESSO
2458555.493143	10806.67	0.34	ESPRESSO
2458555.49541	10807.59	0.39	ESPRESSO
2458555.497588	10807.05	0.37	ESPRESSO
2458555.499851	10808.45	0.36	ESPRESSO
2458555.502116	10805.89	0.38	ESPRESSO
2458555.574305	10808.83	0.37	ESPRESSO
2458555.576629	10807.46	0.36	ESPRESSO
2458555.578877	10808.74	0.32	ESPRESSO
2458555.58107	10805.7	0.31	ESPRESSO
2458555.58331	10808.07	0.33	ESPRESSO
2458555.585493	10807.74	0.33	ESPRESSO
2458561.501312	10802.83	0.26	ESPRESSO
2458561.503297	10805.53	0.26	ESPRESSO
2458561.505268	10802.83	0.24	ESPRESSO
2458561.507188	10804.52	0.25	ESPRESSO
2458561.509161	10802.93	0.25	ESPRESSO
2458561.511133	10804.69	0.25	ESPRESSO
2458562.488477	10800.78	0.33	ESPRESSO
2458562.490442	10803.43	0.4	ESPRESSO
2458562.492369	10801.74	0.37	ESPRESSO
2458562.494327	10801.49	0.35	ESPRESSO
2458562.496309	10803.19	0.35	ESPRESSO
2458562.498327	10802.32	0.32	ESPRESSO
2458568.498334	10798.61	0.4	ESPRESSO
2458568.501124	10797.2	0.43	ESPRESSO
2458568.502863	10800.13	1.76	ESPRESSO
2451131.806114	10609.63	8.74	CORALIE-98
2451139.791656	10592.62	6.14	CORALIE-98
2451189.666147	10617.22	5.81	CORALIE-98
2451256.511024	10625.82	5.32	CORALIE-98
2451453.866446	10584.39	5.7	CORALIE-98
2451902.680496	10615.21	2.56	CORALIE-98
2453418.550913	10595.03	3.2	CORALIE-98
2454046.797033	10637.35	2.83	CORALIE-98
2454097.729955	10710.95	2.87	CORALIE-98
2454108.690443	10726.3	2.7	CORALIE-98
2454433.741723	10759.67	3.21	CORALIE-07
2454768.87129	10683.87	4.28	CORALIE-07
2454808.722259	10665.89	7.64	CORALIE-07
2454814.688809	10661.97	2.73	CORALIE-07
2454817.692073	10655.47	2.83	CORALIE-07
2455097.897419	10627.11	3.04	CORALIE-07
2455129.860767	10624.08	2.88	CORALIE-07
2455201.650811	10627.52	4.23	CORALIE-07
2455927.670281	10598.38	2.74	CORALIE-07
2456318.607337	10980.69	3.04	CORALIE-07
2456586.846661	10771.65	2.76	CORALIE-07
2456648.790972	10736.74	2.48	CORALIE-14
2457650.831935	10619.32	2.52	CORALIE-14
2457701.755463	10620.53	2.76	CORALIE-14
2457739.668036	10626.05	3.65	CORALIE-14
2457771.649819	10616.37	2.76	CORALIE-14
2458023.86325	10610.01	2.79	CORALIE-14
2458039.871564	10617.09	2.65	CORALIE-14
2458067.711941	10625.36	2.59	CORALIE-14
2458068.726241	10626.56	2.61	CORALIE-14
2458105.594616	10617.93	11.13	CORALIE-14
2458118.694564	10633.06	2.93	CORALIE-14
2458368.90422	10927.89	2.4	CORALIE-14
2458369.827347	10934.75	1.82	CORALIE-14
2458370.842828	10931.06	1.86	CORALIE-14
2458371.856224	10939.83	1.82	CORALIE-14
2458372.8235	10939.66	1.94	CORALIE-14
2458375.825311	10952.69	1.93	CORALIE-14
2458376.910227	10953.65	3.1	CORALIE-14
2458378.833191	10953.35	1.84	CORALIE-14
2458414.871054	11004.98	2.06	CORALIE-14
2458417.86628	10997.54	2.95	CORALIE-14
2458427.74937	10995.25	2.55	CORALIE-14
2458451.645712	10984.96	2.48	CORALIE-14
2458468.609599	10962.08	2.89	CORALIE-14
2458493.615334	10933.41	3.04	CORALIE-14
2458542.595645	10880.05	2.86	CORALIE-14
2458745.901076	10748.87	4.26	CORALIE-14
2458756.891195	10752.36	3.15	CORALIE-14
2458802.772857	10734.78	3.82	CORALIE-14
2458844.690365	10724.36	3.23	CORALIE-14
2458855.703833	10715.16	4.42	CORALIE-14
2458891.543187	10707.57	2.94	CORALIE-14
